1 0.2565359477124183 0.5643382352941176 0.0257352941176471 0.0943627450980392
1 0.8504901960784313 0.4528186274509804 0.0326797385620915 0.0701593137254902
1 0.8864379084967320 0.4525122549019608 0.0253267973856209 0.0719975490196078
1 0.9117647058823529 0.4518995098039216 0.0232843137254902 0.0680147058823529
1 0.9611928104575164 0.4457720588235294 0.0620915032679739 0.0842524509803922
1 0.1560457516339869 0.5790441176470589 0.0383986928104575 0.0603553921568627
1 0.1924019607843137 0.5655637254901961 0.0322712418300654 0.0876225490196078
1 0.2267156862745098 0.5661764705882353 0.0285947712418301 0.0916053921568627
1 0.2900326797385621 0.5621936274509803 0.0322712418300654 0.0876225490196078
1 0.4926470588235294 0.4518995098039216 0.0253267973856209 0.0796568627450980
1 0.3529411764705883 0.5683210784313726 0.0290032679738562 0.0808823529411765
1 0.5212418300653595 0.4488357843137255 0.0253267973856209 0.0787377450980392
1 0.5502450980392157 0.4549632352941176 0.0302287581699346 0.0692401960784314
1 0.6209150326797386 0.4522058823529412 0.0392156862745098 0.0756740196078431
1 0.6609477124183006 0.4543504901960784 0.0343137254901961 0.0704656862745098
1 0.6993464052287581 0.4488357843137255 0.0330882352941176 0.0762867647058824
1 0.4665032679738562 0.4549632352941176 0.0261437908496732 0.0744485294117647
1 0.7406045751633987 0.4500612745098039 0.0363562091503268 0.0787377450980392
1 0.7316176470588235 0.5674019607843137 0.0588235294117647 0.0750612745098039
1 0.6740196078431373 0.5664828431372549 0.0453431372549020 0.0753676470588235
1 0.6356209150326797 0.5802696078431373 0.0245098039215686 0.0511642156862745
1 0.6074346405228758 0.5802696078431373 0.0245098039215686 0.0511642156862745
1 0.5743464052287581 0.5603553921568627 0.0310457516339869 0.0916053921568627
1 0.5114379084967320 0.5637254901960784 0.0314542483660131 0.0885416666666667
1 0.4795751633986928 0.5640318627450981 0.0273692810457516 0.0848651960784314
1 0.4505718954248366 0.5649509803921569 0.0294117647058824 0.0793504901960784
1 0.4203431372549020 0.5674019607843137 0.0290032679738562 0.0775122549019608
1 0.3856209150326798 0.5756740196078431 0.0343137254901961 0.0591299019607843
1 0.3214869281045752 0.5649509803921569 0.0265522875816993 0.0863970588235294
1 0.5812908496732027 0.4555759803921569 0.0298202614379085 0.0704656862745098
1 0.1805555555555556 0.1979166666666667 0.0371732026143791 0.0723039215686275
1 0.1221405228758170 0.7689950980392157 0.0518790849673203 0.1274509803921569
1 0.7634803921568627 0.3238357843137255 0.0322712418300654 0.0762867647058824
1 0.8884803921568627 0.3259803921568628 0.0326797385620915 0.0713848039215686
1 0.8529411764705882 0.3272058823529412 0.0343137254901961 0.0686274509803922
1 0.8125000000000000 0.3281250000000000 0.0322712418300654 0.0704656862745098
1 0.9583333333333334 0.3048406862745098 0.0841503267973856 0.1090686274509804
1 0.9677287581699346 0.1629901960784314 0.0657679738562092 0.1112132352941176
1 0.8995098039215687 0.1979166666666667 0.0420751633986928 0.0450367647058824
1 0.8402777777777778 0.2098651960784314 0.0755718954248366 0.0208333333333333
1 0.7610294117647058 0.1807598039215686 0.0551470588235294 0.0784313725490196
1 0.7295751633986928 0.3247549019607843 0.0294117647058824 0.0781250000000000
1 0.7009803921568627 0.1844362745098039 0.0584150326797386 0.0787377450980392
1 0.6041666666666666 0.1819852941176471 0.0404411764705882 0.0811887254901961
1 0.5674019607843137 0.1960784313725490 0.0294117647058824 0.0597426470588235
1 0.5371732026143791 0.1960784313725490 0.0298202614379085 0.0615808823529412
1 0.5028594771241830 0.1875000000000000 0.0363562091503268 0.0796568627450980
1 0.4660947712418301 0.1835171568627451 0.0355392156862745 0.0860906862745098
1 0.4219771241830065 0.1859681372549020 0.0412581699346405 0.0863970588235294
1 0.3819444444444444 0.1920955882352941 0.0334967320261438 0.0747549019607843
1 0.8104575163398693 0.4534313725490196 0.0281862745098039 0.0738357843137255
1 0.3513071895424836 0.1951593137254902 0.0228758169934641 0.0670955882352941
1 0.6466503267973857 0.1819852941176471 0.0433006535947712 0.0830269607843137
1 0.3276143790849673 0.1963848039215686 0.0200163398692810 0.0692401960784314
1 0.6919934640522876 0.3244485294117647 0.0371732026143791 0.0753676470588235
1 0.6164215686274510 0.3262867647058824 0.0334967320261438 0.0790441176470588
1 0.4076797385620915 0.4540441176470588 0.0314542483660131 0.0775122549019608
1 0.3615196078431372 0.4436274509803921 0.0302287581699346 0.0609681372549020
1 0.3206699346405229 0.4500612745098039 0.0334967320261438 0.0594362745098039
1 0.2879901960784313 0.4476102941176471 0.0281862745098039 0.0661764705882353
1 0.2487745098039216 0.4500612745098039 0.0285947712418301 0.0670955882352941
1 0.1919934640522876 0.4598651960784313 0.0314542483660131 0.0674019607843137
1 0.1544117647058824 0.4564950980392157 0.0351307189542484 0.0674019607843137
1 0.1229575163398693 0.4580269607843137 0.0253267973856209 0.0664828431372549
1 0.4644607843137255 0.3431372549019608 0.0506535947712418 0.0465686274509804
1 0.6544117647058824 0.3250612745098039 0.0334967320261438 0.0787377450980392
1 0.3966503267973856 0.3385416666666667 0.0731209150326797 0.0609681372549020
1 0.2892156862745098 0.3284313725490196 0.0371732026143791 0.0854779411764706
1 0.2495915032679739 0.3268995098039216 0.0334967320261438 0.0845588235294118
1 0.2132352941176471 0.3275122549019608 0.0326797385620915 0.0885416666666667
1 0.1805555555555556 0.3290441176470588 0.0306372549019608 0.0848651960784314
1 0.1482843137254902 0.3284313725490196 0.0322712418300654 0.0833333333333333
1 0.1107026143790850 0.3419117647058824 0.0383986928104575 0.0582107843137255
1 0.5098039215686274 0.3213848039215687 0.0334967320261438 0.0839460784313725
1 0.5465686274509803 0.3253676470588235 0.0355392156862745 0.0793504901960784
1 0.5829248366013072 0.3256740196078431 0.0339052287581699 0.0824142156862745
1 0.3263888888888889 0.3262867647058824 0.0363562091503268 0.0860906862745098
1 0.5588235294117647 0.6706495098039216 0.0473856209150327 0.0802696078431373
1 0.7785947712418301 0.4534313725490196 0.0306372549019608 0.0738357843137255
1 0.2013888888888889 0.7886029411764706 0.0408496732026144 0.0870098039215686
1 0.4803921568627451 0.7959558823529411 0.0608660130718954 0.1185661764705882
1 0.5567810457516340 0.7968750000000000 0.0588235294117647 0.1200980392156863
1 0.6254084967320261 0.7944240196078431 0.0669934640522876 0.1200980392156863
1 0.6968954248366013 0.7925857843137255 0.0559640522875817 0.1164215686274510
1 0.7655228758169934 0.7944240196078431 0.0547385620915033 0.1179534313725490
1 0.8439542483660131 0.7671568627450981 0.0641339869281046 0.0113357843137255
1 0.8406862745098039 0.7791053921568627 0.0698529411764706 0.0104166666666667
1 0.8406862745098039 0.7916666666666666 0.0682189542483660 0.0113357843137255
1 0.8398692810457516 0.8051470588235294 0.0620915032679739 0.0110294117647059
1 0.4174836601307190 0.7944240196078431 0.0539215686274510 0.1155024509803922
1 0.9056372549019608 0.7956495098039216 0.0518790849673203 0.0640318627450980
1 0.9734477124183006 0.7922794117647058 0.0518790849673203 0.0125612745098039
1 0.9734477124183006 0.8109681372549019 0.0518790849673203 0.0119485294117647
1 0.3296568627450980 0.1501225490196078 0.0236928104575163 0.0189950980392157
1 0.2965686274509804 0.1963848039215686 0.0375816993464052 0.0784313725490196
1 0.2561274509803921 0.1945465686274510 0.0371732026143791 0.0772058823529412
1 0.2193627450980392 0.1942401960784314 0.0363562091503268 0.0765931372549020
1 0.1425653594771242 0.1942401960784314 0.0367647058823529 0.0863970588235294
1 0.1062091503267974 0.1871936274509804 0.0294117647058824 0.0958946078431373
1 0.0751633986928105 0.1954656862745098 0.0277777777777778 0.0842524509803922
1 0.9750816993464052 0.7787990196078431 0.0486111111111111 0.0110294117647059
1 0.3455882352941176 0.7907475490196079 0.0616830065359477 0.0912990196078431
1 0.7781862745098039 0.5692401960784313 0.0261437908496732 0.0787377450980392
1 0.8272058823529411 0.5701593137254902 0.0522875816993464 0.0729166666666667
1 0.2683823529411765 0.7977941176470589 0.0424836601307190 0.0821078431372549
1 0.4987745098039216 0.6884191176470589 0.0433006535947712 0.0407475490196078
1 0.4616013071895425 0.6776960784313726 0.0294117647058824 0.0640318627450980
1 0.4236111111111111 0.6666666666666666 0.0388071895424837 0.0775122549019608
1 0.3839869281045752 0.6718750000000000 0.0379901960784314 0.0759803921568627
1 0.3423202614379085 0.6703431372549019 0.0294117647058824 0.0772058823529412
1 0.3059640522875817 0.6718750000000000 0.0294117647058824 0.0762867647058824
1 0.2761437908496732 0.6691176470588235 0.0294117647058824 0.0824142156862745
1 0.2459150326797385 0.6700367647058824 0.0241013071895425 0.0833333333333333
1 0.2193627450980392 0.6703431372549019 0.0228758169934641 0.0772058823529412
1 0.1932189542483660 0.6715686274509803 0.0249183006535948 0.0796568627450980
1 0.1670751633986928 0.6672794117647058 0.0200163398692810 0.0811887254901961
1 0.6082516339869281 0.6764705882352942 0.0449346405228758 0.0689338235294118
1 0.6556372549019608 0.6764705882352942 0.0412581699346405 0.0686274509803922
1 0.7022058823529411 0.6786151960784313 0.0473856209150327 0.0634191176470588
1 0.7540849673202614 0.6740196078431373 0.0482026143790850 0.0738357843137255
1 0.8137254901960784 0.6927083333333334 0.0498366013071895 0.0419730392156863
1 0.8660130718954249 0.6939338235294118 0.0506535947712418 0.0352328431372549
1 0.9305555555555556 0.6927083333333334 0.0506535947712418 0.0376838235294118
1 0.9509803921568627 0.5744485294117647 0.0539215686274510 0.0508578431372549
1 0.8929738562091504 0.5750612745098039 0.0486111111111111 0.0612745098039216
1 0.4375000000000000 0.4534313725490196 0.0257352941176471 0.0759803921568627
