1 0.3549836601307190 0.7613357843137255 0.0359477124183007 0.0324754901960784
1 0.2712418300653595 0.7018995098039216 0.0294117647058824 0.0205269607843137
1 0.2344771241830065 0.6881127450980392 0.0253267973856209 0.0186887254901961
1 0.2009803921568628 0.6770833333333334 0.0334967320261438 0.0180759803921569
1 0.1613562091503268 0.6737132352941176 0.0306372549019608 0.0180759803921569
1 0.1196895424836601 0.6654411764705882 0.0322712418300654 0.0159313725490196
1 0.0849673202614379 0.6537990196078431 0.0314542483660131 0.0162377450980392
1 0.3059640522875817 0.7371323529411765 0.0433006535947712 0.0462622549019608
1 0.8186274509803921 0.8881740196078431 0.0355392156862745 0.0928308823529412
1 0.4979575163398693 0.7561274509803921 0.0453431372549020 0.0551470588235294
1 0.9289215686274510 0.7604166666666666 0.0571895424836601 0.0854779411764706
1 0.2573529411764706 0.3063725490196079 0.0273692810457516 0.0674019607843137
1 0.2271241830065359 0.3042279411764706 0.0294117647058824 0.0634191176470588
1 0.1960784313725490 0.2990196078431372 0.0273692810457516 0.0670955882352941
1 0.1654411764705882 0.2987132352941176 0.0285947712418301 0.0664828431372549
1 0.9738562091503268 0.8985906862745098 0.0526960784313725 0.0952818627450980
1 0.8692810457516340 0.7377450980392157 0.0502450980392157 0.0575980392156863
1 0.7553104575163399 0.7294730392156863 0.0469771241830065 0.0474877450980392
1 0.6801470588235294 0.7159926470588235 0.0596405228758170 0.0625000000000000
1 0.6131535947712419 0.7000612745098039 0.0428921568627451 0.0591299019607843
1 0.5612745098039216 0.6914828431372549 0.0392156862745098 0.0536151960784314
1 0.5061274509803921 0.6819852941176471 0.0334967320261438 0.0582107843137255
1 0.4669117647058824 0.6675857843137255 0.0302287581699346 0.0508578431372549
1 0.9007352941176471 0.8572303921568627 0.0539215686274510 0.0615808823529412
1 0.3966503267973856 0.6516544117647058 0.0347222222222222 0.0330882352941176
1 0.8790849673202614 0.9378063725490197 0.0518790849673203 0.0909926470588235
1 0.7667483660130719 0.8293504901960784 0.0477941176470588 0.0600490196078431
1 0.6809640522875817 0.8100490196078431 0.0649509803921569 0.0456495098039216
1 0.5710784313725490 0.8088235294117647 0.0588235294117647 0.0713848039215686
1 0.4375000000000000 0.7392769607843137 0.0506535947712418 0.0502450980392157
1 0.0743464052287582 0.4840686274509804 0.0167483660130719 0.0640318627450980
1 0.4848856209150327 0.2953431372549020 0.0821078431372549 0.1069240196078431
1 0.0947712418300654 0.4871323529411765 0.0163398692810458 0.0713848039215686
1 0.6446078431372549 0.1905637254901961 0.0522875816993464 0.0389093137254902
1 0.7054738562091504 0.1911764705882353 0.0571895424836601 0.0422794117647059
1 0.7769607843137255 0.1623774509803922 0.0424836601307190 0.0867034313725490
1 0.8239379084967320 0.1639093137254902 0.0461601307189543 0.0965073529411765
1 0.8803104575163399 0.1632965686274510 0.0506535947712418 0.1001838235294118
1 0.9685457516339869 0.2083333333333333 0.0637254901960784 0.1191789215686275
1 0.8517156862745098 0.3394607843137255 0.0600490196078431 0.1053921568627451
1 0.9133986928104575 0.4375000000000000 0.0739379084967320 0.0916053921568627
1 0.7712418300653595 0.3324142156862745 0.0661764705882353 0.0958946078431373
1 0.7046568627450981 0.3299632352941176 0.0620915032679739 0.0980392156862745
1 0.6364379084967320 0.3311887254901961 0.0669934640522876 0.0980392156862745
1 0.5735294117647058 0.3183210784313725 0.0518790849673203 0.0937500000000000
1 0.0588235294117647 0.2907475490196079 0.0232843137254902 0.0618872549019608
1 0.0155228758169935 0.3042279411764706 0.0310457516339869 0.0352328431372549
1 0.0898692810457516 0.2892156862745098 0.0224673202614379 0.0664828431372549
1 0.1221405228758170 0.3036151960784313 0.0302287581699346 0.0456495098039216
1 0.1433823529411765 0.2990196078431372 0.0122549019607843 0.0588235294117647
1 0.5751633986928104 0.1504289215686274 0.0804738562091503 0.1289828431372549
1 0.4938725490196079 0.1488970588235294 0.0747549019607843 0.1161151960784314
1 0.4281045751633987 0.1902573529411765 0.0412581699346405 0.0379901960784314
1 0.3831699346405229 0.1911764705882353 0.0363562091503268 0.0330882352941176
1 0.0555555555555556 0.4816176470588235 0.0204248366013072 0.0606617647058824
1 0.0081699346405229 0.4806985294117647 0.0167483660130719 0.0502450980392157
1 0.0245098039215686 0.4761029411764706 0.0118464052287582 0.0597426470588235
1 0.0371732026143791 0.4736519607843137 0.0118464052287582 0.0523897058823529
1 0.0151143790849673 0.5465686274509803 0.0179738562091503 0.0499387254901961
1 0.0322712418300654 0.5505514705882353 0.0138888888888889 0.0477941176470588
1 0.0494281045751634 0.5594362745098039 0.0171568627450980 0.0612745098039216
1 0.0727124183006536 0.5646446078431373 0.0285947712418301 0.0572916666666667
1 0.1842320261437909 0.5949754901960784 0.0285947712418301 0.0471813725490196
1 0.0980392156862745 0.5848651960784313 0.0196078431372549 0.0294117647058824
1 0.0098039215686275 0.1822916666666667 0.0134803921568627 0.0484068627450980
1 0.0290032679738562 0.1718750000000000 0.0208333333333333 0.0677083333333333
1 0.0518790849673203 0.1767769607843137 0.0187908496732026 0.0680147058823529
1 0.0927287581699346 0.1755514705882353 0.0375816993464052 0.0582107843137255
1 0.1270424836601307 0.1718750000000000 0.0290032679738562 0.0719975490196078
1 0.1687091503267974 0.1700367647058824 0.0322712418300654 0.0640318627450980
1 0.2099673202614379 0.1770833333333333 0.0428921568627451 0.0566789215686275
1 0.3235294117647059 0.1525735294117647 0.0747549019607843 0.1066176470588235
1 0.1262254901960784 0.5784313725490197 0.0322712418300654 0.0661764705882353
1 0.3447712418300654 0.2910539215686275 0.1070261437908497 0.1053921568627451
1 0.2128267973856209 0.5992647058823529 0.0265522875816993 0.0508578431372549
1 0.3206699346405229 0.6213235294117647 0.0216503267973856 0.0315563725490196
1 0.6086601307189542 0.4488357843137255 0.0874183006535948 0.1069240196078431
1 0.5294117647058824 0.4601715686274510 0.0163398692810458 0.0517769607843137
1 0.4289215686274510 0.4371936274509804 0.0494281045751634 0.0925245098039216
1 0.3950163398692810 0.4424019607843137 0.0159313725490196 0.0609681372549020
1 0.3631535947712418 0.4319852941176471 0.0216503267973856 0.0640318627450980
1 0.3341503267973856 0.4322916666666667 0.0306372549019608 0.0643382352941176
1 0.3080065359477124 0.4292279411764706 0.0183823529411765 0.0628063725490196
1 0.2814542483660131 0.4243259803921569 0.0212418300653595 0.0649509803921569
1 0.2536764705882353 0.4139093137254902 0.0253267973856209 0.0625000000000000
1 0.2205882352941176 0.4071691176470588 0.0253267973856209 0.0655637254901961
1 0.1846405228758170 0.4151348039215687 0.0265522875816993 0.0560661764705882
1 0.1593137254901961 0.4016544117647059 0.0204248366013072 0.0649509803921569
1 0.1397058823529412 0.4056372549019608 0.0147058823529412 0.0606617647058824
1 0.1123366013071895 0.4001225490196079 0.0228758169934641 0.0707720588235294
1 0.0767973856209150 0.3964460784313725 0.0147058823529412 0.0566789215686275
1 0.0571895424836601 0.3958333333333333 0.0171568627450980 0.0594362745098039
1 0.0171568627450980 0.3900122549019608 0.0159313725490196 0.0551470588235294
1 0.6907679738562091 0.4757965686274510 0.0400326797385621 0.0802696078431373
1 0.7561274509803921 0.4871323529411765 0.0551470588235294 0.0867034313725490
1 0.8280228758169934 0.4908088235294117 0.0563725490196078 0.0891544117647059
1 0.8909313725490197 0.6102941176470589 0.0567810457516340 0.1158088235294118
1 0.3611111111111111 0.6158088235294118 0.0363562091503268 0.0180759803921569
1 0.1115196078431373 0.4877450980392157 0.0167483660130719 0.0692401960784314
1 0.1323529411764706 0.4947916666666667 0.0187908496732026 0.0686274509803922
1 0.1535947712418301 0.5085784313725490 0.0114379084967320 0.0398284313725490
1 0.1683006535947713 0.5104166666666666 0.0159313725490196 0.0364583333333333
1 0.2017973856209150 0.5174632352941176 0.0196078431372549 0.0431985294117647
1 0.2312091503267974 0.5150122549019608 0.0314542483660131 0.0545343137254902
1 0.2728758169934640 0.5269607843137255 0.0298202614379085 0.0530024509803922
1 0.2471405228758170 0.6115196078431373 0.0318627450980392 0.0284926470588235
1 0.3108660130718954 0.5278799019607843 0.0330882352941176 0.0618872549019608
1 0.3974673202614379 0.5477941176470589 0.0306372549019608 0.0548406862745098
1 0.4297385620915033 0.5689338235294118 0.0224673202614379 0.0422794117647059
1 0.5502450980392157 0.5768995098039216 0.0330882352941176 0.0183823529411765
1 0.6045751633986928 0.5833333333333334 0.0441176470588235 0.0306372549019608
1 0.6919934640522876 0.6106004901960784 0.0490196078431373 0.0689338235294118
1 0.7438725490196079 0.6167279411764706 0.0359477124183007 0.0667892156862745
1 0.7965686274509803 0.6246936274509803 0.0567810457516340 0.0928308823529412
1 0.9571078431372549 0.6449142156862745 0.0596405228758170 0.0695465686274510
1 0.3558006535947713 0.5520833333333334 0.0408496732026144 0.0419730392156863
1 0.4334150326797386 0.6681985294117647 0.0294117647058824 0.0309436274509804
