1 0.4700854700854701 0.4882211538461538 0.0367521367521368 0.0290865384615385
1 0.8615384615384616 0.8358173076923077 0.0705128205128205 0.0218750000000000
1 0.7299145299145299 0.8353365384615384 0.0662393162393162 0.0377403846153846
1 0.7235042735042735 0.7997596153846154 0.0572649572649573 0.0257211538461538
1 0.3880341880341880 0.4752403846153846 0.0393162393162393 0.0521634615384615
1 0.6448717948717949 0.8439903846153847 0.0705128205128205 0.0300480769230769
1 0.4282051282051282 0.4766826923076923 0.0350427350427350 0.0543269230769231
1 0.9534188034188035 0.8031250000000000 0.0747863247863248 0.0295673076923077
1 0.5500000000000000 0.4762019230769231 0.0341880341880342 0.0478365384615385
1 0.4683760683760684 0.4627403846153846 0.0401709401709402 0.0206730769230769
1 0.5085470085470085 0.4634615384615385 0.0376068376068376 0.0206730769230769
1 0.5948717948717949 0.4752403846153846 0.0341880341880342 0.0521634615384615
1 0.6410256410256411 0.8086538461538462 0.0722222222222222 0.0288461538461538
1 0.6012820512820513 0.7194711538461539 0.0722222222222222 0.0216346153846154
1 0.6311965811965812 0.4762019230769231 0.0324786324786325 0.0519230769230769
1 0.9615384615384616 0.8413461538461539 0.0662393162393162 0.0300480769230769
1 0.6072649572649572 0.7461538461538462 0.0799145299145299 0.0247596153846154
1 0.6918803418803419 0.7192307692307692 0.0692307692307692 0.0182692307692308
1 0.5102564102564102 0.4884615384615384 0.0393162393162393 0.0264423076923077
1 0.5555555555555556 0.8444711538461539 0.0752136752136752 0.0281250000000000
1 0.9841880341880341 0.7305288461538462 0.0320512820512820 0.0408653846153846
1 0.4581196581196581 0.8423076923076923 0.0658119658119658 0.0317307692307692
1 0.2252136752136752 0.4826923076923077 0.0230769230769231 0.0408653846153846
1 0.3068376068376069 0.4757211538461538 0.0410256410256410 0.0526442307692308
1 0.3482905982905983 0.4735576923076923 0.0397435897435897 0.0533653846153846
1 0.2025641025641026 0.4817307692307692 0.0217948717948718 0.0444711538461538
1 0.5158119658119659 0.7509615384615385 0.0756410256410256 0.0259615384615385
1 0.7905982905982906 0.7456730769230769 0.0623931623931624 0.0235576923076923
1 0.8632478632478633 0.7305288461538462 0.0337606837606838 0.0466346153846154
1 0.9034188034188034 0.7334134615384615 0.0393162393162393 0.0526442307692308
1 0.9461538461538461 0.7326923076923076 0.0354700854700855 0.0497596153846154
1 0.0551282051282051 0.8007211538461538 0.0807692307692308 0.0105769230769231
1 0.0401709401709402 0.8497596153846154 0.0752136752136752 0.0384615384615385
1 0.1243589743589744 0.8384615384615385 0.0799145299145299 0.0387019230769231
1 0.2149572649572650 0.8088942307692307 0.0722222222222222 0.0324519230769231
1 0.2123931623931624 0.8447115384615385 0.0713675213675214 0.0314903846153846
1 0.2974358974358974 0.8105769230769231 0.0722222222222222 0.0276442307692308
1 0.2970085470085470 0.8437500000000000 0.0658119658119658 0.0322115384615385
1 0.3854700854700855 0.8110576923076923 0.0739316239316239 0.0314903846153846
1 0.3790598290598290 0.8454326923076924 0.0760683760683761 0.0300480769230769
1 0.4623931623931624 0.8079326923076923 0.0636752136752137 0.0250000000000000
1 0.5504273504273505 0.8074519230769230 0.0705128205128205 0.0324519230769231
1 0.5064102564102564 0.7197115384615385 0.0670940170940171 0.0192307692307692
1 0.3786324786324786 0.6524038461538462 0.0303418803418803 0.0536057692307692
1 0.4047008547008547 0.7379807692307693 0.0324786324786325 0.0531250000000000
1 0.2222222222222222 0.6463942307692307 0.0217948717948718 0.0461538461538462
1 0.1901709401709402 0.6519230769230769 0.0367521367521368 0.0545673076923077
1 0.1264957264957265 0.6661057692307693 0.0790598290598291 0.0329326923076923
1 0.0380341880341880 0.6622596153846154 0.0713675213675214 0.0420673076923077
1 0.9726495726495726 0.5574519230769230 0.0427350427350427 0.0644230769230769
1 0.9282051282051282 0.5596153846153846 0.0346153846153846 0.0605769230769231
1 0.7662393162393163 0.5668269230769231 0.0333333333333333 0.0427884615384615
1 0.7333333333333333 0.5658653846153846 0.0277777777777778 0.0425480769230769
1 0.6739316239316240 0.5721153846153846 0.0777777777777778 0.0293269230769231
1 0.6482905982905983 0.5466346153846153 0.0666666666666667 0.0206730769230769
1 0.5739316239316239 0.5759615384615384 0.0876068376068376 0.0314903846153846
1 0.5658119658119658 0.5447115384615384 0.0760683760683761 0.0194711538461538
1 0.2504273504273504 0.6495192307692308 0.0273504273504274 0.0552884615384615
1 0.5076923076923077 0.5612980769230769 0.0346153846153846 0.0524038461538462
1 0.4243589743589744 0.5637019230769231 0.0367521367521368 0.0548076923076923
1 0.3632478632478632 0.5620192307692308 0.0444444444444444 0.0581730769230769
1 0.3213675213675214 0.5644230769230769 0.0354700854700855 0.0533653846153846
1 0.2803418803418803 0.5644230769230769 0.0427350427350427 0.0564903846153846
1 0.2427350427350427 0.5629807692307692 0.0273504273504274 0.0615384615384615
1 0.2141025641025641 0.5608173076923076 0.0247863247863248 0.0665865384615385
1 0.1846153846153846 0.5617788461538461 0.0311965811965812 0.0649038461538462
1 0.1435897435897436 0.5632211538461539 0.0337606837606838 0.0665865384615385
1 0.0987179487179487 0.5665865384615385 0.0388888888888889 0.0658653846153846
1 0.0427350427350427 0.5680288461538462 0.0431623931623932 0.0555288461538462
1 0.0115384615384615 0.5656250000000000 0.0230769230769231 0.0521634615384615
1 0.9534188034188035 0.4891826923076923 0.0393162393162393 0.0233173076923077
1 0.4675213675213675 0.5622596153846153 0.0358974358974359 0.0531250000000000
1 0.9059829059829060 0.4896634615384615 0.0444444444444444 0.0235576923076923
1 0.8572649572649572 0.4896634615384615 0.0461538461538462 0.0211538461538462
1 0.9367521367521368 0.4634615384615385 0.0217948717948718 0.0165865384615385
1 0.2111111111111111 0.7365384615384616 0.0841880341880342 0.0360576923076923
1 0.1059829059829060 0.7533653846153846 0.0871794871794872 0.0281250000000000
1 0.0256410256410256 0.7468750000000000 0.0482905982905983 0.0355769230769231
1 0.9764957264957265 0.6406250000000000 0.0435897435897436 0.0266826923076923
1 0.9217948717948717 0.6435096153846154 0.0410256410256410 0.0278846153846154
1 0.8705128205128205 0.6649038461538461 0.0585470085470085 0.0245192307692308
1 0.7854700854700855 0.6533653846153846 0.0371794871794872 0.0521634615384615
1 0.5576923076923077 0.6673076923076923 0.0401709401709402 0.0209134615384615
1 0.6047008547008547 0.6694711538461539 0.0397435897435897 0.0199519230769231
1 0.6542735042735043 0.6668269230769230 0.0461538461538462 0.0189903846153846
1 0.6974358974358974 0.6670673076923077 0.0341880341880342 0.0230769230769231
1 0.7008547008547008 0.6442307692307693 0.0324786324786325 0.0139423076923077
1 0.6504273504273504 0.6447115384615385 0.0465811965811966 0.0206730769230769
1 0.6021367521367521 0.6459134615384615 0.0440170940170940 0.0218750000000000
1 0.5559829059829060 0.6456730769230770 0.0410256410256410 0.0228365384615385
1 0.5008547008547009 0.6524038461538462 0.0311965811965812 0.0581730769230769
1 0.4611111111111111 0.6521634615384615 0.0363247863247863 0.0593750000000000
1 0.4205128205128205 0.6514423076923077 0.0393162393162393 0.0562500000000000
1 0.3435897435897436 0.6550480769230769 0.0247863247863248 0.0468750000000000
1 0.3136752136752137 0.6521634615384615 0.0299145299145299 0.0512019230769231
1 0.2794871794871795 0.6526442307692307 0.0307692307692308 0.0475961538461538
1 0.7239316239316239 0.4891826923076923 0.0435897435897436 0.0233173076923077
1 0.7773504273504274 0.4877403846153846 0.0611111111111111 0.0242788461538462
1 0.8559829059829059 0.4413461538461538 0.0435897435897436 0.0254807692307692
1 0.9072649572649573 0.4408653846153846 0.0512820512820513 0.0230769230769231
1 0.8538461538461538 0.4661057692307692 0.0500000000000000 0.0216346153846154
1 0.8987179487179487 0.4649038461538462 0.0384615384615385 0.0230769230769231
1 0.4465811965811966 0.7377403846153846 0.0367521367521368 0.0567307692307692
1 0.3940170940170940 0.5665865384615385 0.0166666666666667 0.0490384615384615
1 0.8038461538461539 0.7139423076923077 0.0837606837606838 0.0216346153846154
1 0.0803418803418803 0.4747596153846154 0.0269230769230769 0.0612980769230769
1 0.6320512820512820 0.3865384615384616 0.0243589743589744 0.0533653846153846
1 0.6705128205128205 0.4004807692307693 0.0414529914529915 0.0223557692307692
1 0.6692307692307692 0.3745192307692308 0.0457264957264957 0.0269230769230769
1 0.7102564102564103 0.3802884615384615 0.0269230769230769 0.0519230769230769
1 0.7696581196581197 0.3762019230769231 0.0354700854700855 0.0497596153846154
1 0.8038461538461539 0.3769230769230769 0.0243589743589744 0.0500000000000000
1 0.6029914529914530 0.3850961538461539 0.0260683760683761 0.0504807692307692
1 0.8606837606837607 0.3884615384615385 0.0337606837606838 0.0543269230769231
1 0.9658119658119658 0.3826923076923077 0.0282051282051282 0.0521634615384615
1 0.0085470085470085 0.4747596153846154 0.0175213675213675 0.0584134615384615
1 0.0393162393162393 0.4759615384615384 0.0388888888888889 0.0560096153846154
1 0.1179487179487179 0.4735576923076923 0.0371794871794872 0.0622596153846154
1 0.1547008547008547 0.4843750000000000 0.0209401709401709 0.0451923076923077
1 0.1777777777777778 0.4824519230769231 0.0175213675213675 0.0406250000000000
1 0.9205128205128205 0.3872596153846154 0.0337606837606838 0.0548076923076923
1 0.5735042735042735 0.3846153846153846 0.0269230769230769 0.0497596153846154
1 0.7397435897435898 0.3788461538461538 0.0256410256410256 0.0519230769230769
1 0.5354700854700855 0.3925480769230769 0.0205128205128205 0.0401442307692308
1 0.7064102564102565 0.7471153846153846 0.0790598290598291 0.0266826923076923
1 0.0230769230769231 0.3588942307692308 0.0435897435897436 0.0384615384615385
1 0.5534188034188035 0.3850961538461539 0.0115384615384615 0.0447115384615385
1 0.0700854700854701 0.3899038461538462 0.0307692307692308 0.0377403846153846
1 0.1106837606837607 0.3836538461538462 0.0474358974358974 0.0502403846153846
1 0.1662393162393162 0.3949519230769231 0.0384615384615385 0.0367788461538462
1 0.2068376068376068 0.3944711538461538 0.0405982905982906 0.0375000000000000
1 0.0239316239316239 0.3947115384615384 0.0470085470085470 0.0283653846153846
1 0.3188034188034188 0.3855769230769231 0.0350427350427350 0.0459134615384615
1 0.3696581196581197 0.3884615384615385 0.0324786324786325 0.0432692307692308
1 0.4081196581196581 0.3872596153846154 0.0341880341880342 0.0490384615384615
1 0.4482905982905983 0.3877403846153846 0.0252136752136752 0.0423076923076923
1 0.4790598290598291 0.3870192307692308 0.0170940170940171 0.0403846153846154
1 0.5055555555555555 0.3930288461538461 0.0329059829059829 0.0343750000000000
1 0.2705128205128205 0.3966346153846154 0.0534188034188034 0.0286057692307692
