1 0.9824346405228758 0.3759191176470588 0.0151143790849673 0.0349264705882353
1 0.9693627450980392 0.3774509803921569 0.0110294117647059 0.0333946078431373
1 0.3496732026143791 0.2794117647058824 0.0281862745098039 0.0238970588235294
1 0.3206699346405229 0.3026960784313725 0.0277777777777778 0.0226715686274510
1 0.9289215686274510 0.3795955882352941 0.0134803921568627 0.0364583333333333
1 0.9170751633986928 0.3820465686274510 0.0114379084967320 0.0327818627450980
1 0.9950980392156863 0.3394607843137255 0.0106209150326797 0.0315563725490196
1 0.9836601307189542 0.3397671568627451 0.0110294117647059 0.0324754901960784
1 0.9652777777777778 0.3400735294117647 0.0257352941176471 0.0327818627450980
1 0.9281045751633987 0.3428308823529412 0.0183823529411765 0.0358455882352941
1 0.9538398692810458 0.3042279411764706 0.0147058823529412 0.0306372549019608
1 0.9918300653594772 0.3042279411764706 0.0175653594771242 0.0389093137254902
1 0.9714052287581699 0.3063725490196079 0.0212418300653595 0.0349264705882353
1 0.9338235294117647 0.3063725490196079 0.0232843137254902 0.0324754901960784
1 0.9052287581699346 0.2561274509803921 0.0330882352941176 0.0303308823529412
1 0.8039215686274510 0.2545955882352941 0.0473856209150327 0.0248161764705882
1 0.7581699346405228 0.2536764705882353 0.0179738562091503 0.0337009803921569
1 0.3039215686274510 0.4871323529411765 0.0330882352941176 0.0199142156862745
1 0.7438725490196079 0.2555147058823529 0.0106209150326797 0.0330882352941176
1 0.7222222222222222 0.2542892156862745 0.0122549019607843 0.0312500000000000
1 0.7111928104575164 0.2552083333333333 0.0089869281045752 0.0312500000000000
1 0.7009803921568627 0.2552083333333333 0.0118464052287582 0.0306372549019608
1 0.6895424836601307 0.2545955882352941 0.0110294117647059 0.0297181372549020
1 0.7169117647058824 0.4396446078431372 0.0367647058823529 0.0281862745098039
1 0.6768790849673203 0.4442401960784313 0.0367647058823529 0.0278799019607843
1 0.6433823529411765 0.4460784313725490 0.0269607843137255 0.0287990196078431
1 0.6062091503267973 0.4512867647058824 0.0424836601307190 0.0278799019607843
1 0.5616830065359477 0.4555759803921569 0.0424836601307190 0.0263480392156863
1 0.7140522875816994 0.4099264705882353 0.0396241830065359 0.0242034313725490
1 0.6756535947712419 0.4129901960784313 0.0371732026143791 0.0309436274509804
1 0.6421568627450981 0.4160539215686275 0.0281862745098039 0.0315563725490196
1 0.6025326797385621 0.4206495098039216 0.0408496732026144 0.0281862745098039
1 0.7332516339869281 0.2558210784313725 0.0085784313725490 0.0318627450980392
1 0.3905228758169935 0.4586397058823529 0.0265522875816993 0.0223651960784314
1 0.3615196078431372 0.4598651960784313 0.0298202614379085 0.0205269607843137
1 0.3325163398692810 0.4641544117647059 0.0285947712418301 0.0220588235294118
1 0.3799019607843137 0.2797181372549020 0.0277777777777778 0.0229779411764706
1 0.2904411764705883 0.3023897058823529 0.0310457516339869 0.0223651960784314
1 0.3504901960784313 0.3017769607843137 0.0298202614379085 0.0211397058823529
1 0.3799019607843137 0.3017769607843137 0.0285947712418301 0.0217524509803922
1 0.2912581699346405 0.3265931372549020 0.0298202614379085 0.0229779411764706
1 0.3231209150326798 0.3259803921568628 0.0265522875816993 0.0245098039215686
1 0.3529411764705883 0.3247549019607843 0.0281862745098039 0.0242034313725490
1 0.3827614379084967 0.3250612745098039 0.0306372549019608 0.0235906862745098
1 0.2883986928104575 0.3504901960784313 0.0334967320261438 0.0220588235294118
1 0.3259803921568628 0.3507965686274510 0.0285947712418301 0.0226715686274510
1 0.3545751633986928 0.3492647058823529 0.0277777777777778 0.0199142156862745
1 0.3843954248366013 0.3474264705882353 0.0302287581699346 0.0217524509803922
1 0.2973856209150327 0.3731617647058824 0.0290032679738562 0.0223651960784314
1 0.3267973856209150 0.3740808823529412 0.0273692810457516 0.0211397058823529
1 0.3574346405228758 0.3719362745098039 0.0302287581699346 0.0223651960784314
1 0.3856209150326798 0.3716299019607843 0.0261437908496732 0.0235906862745098
1 0.2977941176470588 0.3967524509803921 0.0298202614379085 0.0242034313725490
1 0.3276143790849673 0.3964460784313725 0.0302287581699346 0.0220588235294118
1 0.3590686274509804 0.3939950980392157 0.0281862745098039 0.0211397058823529
1 0.3876633986928105 0.3943014705882353 0.0273692810457516 0.0217524509803922
1 0.2982026143790850 0.4197303921568628 0.0306372549019608 0.0199142156862745
1 0.3296568627450980 0.4191176470588235 0.0265522875816993 0.0202205882352941
1 0.3594771241830065 0.4166666666666667 0.0285947712418301 0.0205269607843137
1 0.3872549019607843 0.4157475490196079 0.0265522875816993 0.0217524509803922
1 0.3014705882352941 0.4420955882352941 0.0334967320261438 0.0211397058823529
1 0.3321078431372549 0.4414828431372549 0.0281862745098039 0.0232843137254902
1 0.3598856209150327 0.4375000000000000 0.0261437908496732 0.0189950980392157
1 0.3876633986928105 0.4368872549019608 0.0294117647058824 0.0208333333333333
1 0.3010620915032680 0.4653799019607843 0.0298202614379085 0.0223651960784314
1 0.5588235294117647 0.4237132352941176 0.0469771241830065 0.0275735294117647
1 0.7177287581699346 0.3786764705882353 0.0351307189542484 0.0281862745098039
1 0.6781045751633987 0.3814338235294117 0.0392156862745098 0.0297181372549020
1 0.6380718954248366 0.3844975490196079 0.0383986928104575 0.0260416666666667
1 0.4101307189542484 0.2570465686274510 0.0302287581699346 0.0226715686274510
1 0.4387254901960784 0.2564338235294117 0.0241013071895425 0.0220588235294118
1 0.4113562091503268 0.2791053921568628 0.0265522875816993 0.0208333333333333
1 0.4383169934640523 0.2784926470588235 0.0265522875816993 0.0205269607843137
1 0.4084967320261438 0.3020833333333333 0.0269607843137255 0.0242034313725490
1 0.4366830065359477 0.3017769607843137 0.0265522875816993 0.0245098039215686
1 0.4109477124183006 0.3250612745098039 0.0253267973856209 0.0199142156862745
1 0.4383169934640523 0.3241421568627451 0.0257352941176471 0.0193014705882353
1 0.4117647058823529 0.3471200980392157 0.0245098039215686 0.0202205882352941
1 0.4387254901960784 0.3462009803921569 0.0269607843137255 0.0217524509803922
1 0.4142156862745098 0.3682598039215687 0.0261437908496732 0.0193014705882353
1 0.4403594771241830 0.3676470588235294 0.0261437908496732 0.0193014705882353
1 0.4138071895424836 0.3890931372549020 0.0257352941176471 0.0189950980392157
1 0.4403594771241830 0.3884803921568628 0.0261437908496732 0.0193014705882353
1 0.4158496732026144 0.4105392156862745 0.0281862745098039 0.0205269607843137
1 0.4428104575163399 0.4099264705882353 0.0245098039215686 0.0202205882352941
1 0.4166666666666667 0.4332107843137255 0.0269607843137255 0.0205269607843137
1 0.4415849673202614 0.4319852941176471 0.0241013071895425 0.0202205882352941
1 0.4170751633986928 0.4543504901960784 0.0261437908496732 0.0202205882352941
1 0.4424019607843137 0.4537377450980392 0.0249183006535948 0.0208333333333333
1 0.4191176470588235 0.4751838235294117 0.0261437908496732 0.0199142156862745
1 0.4432189542483660 0.4733455882352941 0.0236928104575163 0.0168504901960784
1 0.4640522875816994 0.2787990196078431 0.0249183006535948 0.0186887254901961
1 0.4922385620915033 0.2791053921568628 0.0253267973856209 0.0211397058823529
1 0.5183823529411765 0.2787990196078431 0.0228758169934641 0.0226715686274510
1 0.4640522875816994 0.3014705882352941 0.0261437908496732 0.0202205882352941
1 0.4914215686274510 0.3002450980392157 0.0273692810457516 0.0229779411764706
1 0.5155228758169934 0.3005514705882353 0.0208333333333333 0.0232843137254902
1 0.4665032679738562 0.3244485294117647 0.0277777777777778 0.0183823529411765
1 0.3921568627450980 0.2359068627450980 0.0265522875816993 0.0193014705882353
1 0.9955065359477124 0.3753063725490196 0.0089869281045752 0.0337009803921569
1 0.3627450980392157 0.2352941176470588 0.0318627450980392 0.0199142156862745
1 0.3635620915032680 0.4825367647058824 0.0269607843137255 0.0229779411764706
1 0.5890522875816994 0.3875612745098039 0.0269607843137255 0.0272671568627451
1 0.5535130718954249 0.3897058823529412 0.0424836601307190 0.0291053921568627
1 0.7140522875816994 0.3498774509803921 0.0347222222222222 0.0281862745098039
1 0.6781045751633987 0.3501838235294117 0.0355392156862745 0.0303308823529412
1 0.6368464052287581 0.3517156862745098 0.0457516339869281 0.0297181372549020
1 0.3337418300653595 0.4852941176470588 0.0281862745098039 0.0189950980392157
1 0.5898692810457516 0.3553921568627451 0.0187908496732026 0.0349264705882353
1 0.5600490196078431 0.3544730392156863 0.0396241830065359 0.0352328431372549
1 0.7050653594771242 0.3164828431372549 0.0547385620915033 0.0315563725490196
1 0.6437908496732027 0.3174019607843137 0.0498366013071895 0.0309436274509804
1 0.5183823529411765 0.4656862745098039 0.0196078431372549 0.0205269607843137
1 0.4959150326797386 0.4696691176470588 0.0228758169934641 0.0193014705882353
1 0.4701797385620915 0.4696691176470588 0.0261437908496732 0.0186887254901961
1 0.5187908496732027 0.4445465686274510 0.0228758169934641 0.0189950980392157
1 0.4946895424836601 0.4488357843137255 0.0236928104575163 0.0205269607843137
1 0.4685457516339869 0.4503676470588235 0.0257352941176471 0.0183823529411765
1 0.5179738562091504 0.4264705882352941 0.0253267973856209 0.0159313725490196
1 0.4926470588235294 0.4283088235294117 0.0228758169934641 0.0199142156862745
1 0.4689542483660131 0.4298406862745098 0.0236928104575163 0.0180759803921569
1 0.5179738562091504 0.4059436274509804 0.0224673202614379 0.0183823529411765
1 0.4938725490196079 0.4062500000000000 0.0253267973856209 0.0196078431372549
1 0.4689542483660131 0.4090073529411765 0.0236928104575163 0.0147058823529412
1 0.4922385620915033 0.3854166666666667 0.0739379084967320 0.0177696078431373
1 0.5200163398692811 0.3636642156862745 0.0232843137254902 0.0199142156862745
1 0.4938725490196079 0.3651960784313725 0.0253267973856209 0.0223651960784314
1 0.4693627450980392 0.3664215686274510 0.0245098039215686 0.0208333333333333
1 0.5175653594771242 0.3428308823529412 0.0249183006535948 0.0168504901960784
1 0.4926470588235294 0.3452818627450980 0.0232843137254902 0.0189950980392157
1 0.4673202614379085 0.3455882352941176 0.0269607843137255 0.0196078431372549
1 0.3901143790849673 0.4800857843137255 0.0257352941176471 0.0183823529411765
1 0.4930555555555556 0.3232230392156863 0.0228758169934641 0.0205269607843137
1 0.3202614379084967 0.2787990196078431 0.0298202614379085 0.0251225490196078
1 0.2655228758169935 0.4908088235294117 0.0347222222222222 0.0205269607843137
1 0.8304738562091504 0.3624387254901961 0.0085784313725490 0.0367647058823529
1 0.8182189542483660 0.3639705882352941 0.0093954248366013 0.0416666666666667
1 0.8063725490196079 0.3639705882352941 0.0142973856209150 0.0398284313725490
1 0.7916666666666666 0.3630514705882353 0.0134803921568627 0.0355392156862745
1 0.7794117647058824 0.3645833333333333 0.0118464052287582 0.0355392156862745
1 0.7647058823529411 0.3648897058823529 0.0175653594771242 0.0346200980392157
1 0.7500000000000000 0.3645833333333333 0.0098039215686275 0.0361519607843137
1 0.9076797385620915 0.3259803921568628 0.0155228758169935 0.0281862745098039
1 0.8929738562091504 0.3262867647058824 0.0147058823529412 0.0303308823529412
1 0.8790849673202614 0.3272058823529412 0.0089869281045752 0.0306372549019608
1 0.8656045751633987 0.3250612745098039 0.0179738562091503 0.0318627450980392
1 0.8476307189542484 0.3268995098039216 0.0167483660130719 0.0315563725490196
1 0.8406862745098039 0.3633578431372549 0.0089869281045752 0.0386029411764706
1 0.8325163398692811 0.3272058823529412 0.0122549019607843 0.0309436274509804
1 0.7691993464052288 0.3296568627450980 0.0098039215686275 0.0312500000000000
1 0.7577614379084967 0.3287377450980392 0.0118464052287582 0.0318627450980392
1 0.7471405228758170 0.3308823529411765 0.0102124183006536 0.0312500000000000
1 0.9089052287581699 0.2901348039215687 0.0167483660130719 0.0361519607843137
1 0.8921568627450981 0.2916666666666667 0.0134803921568627 0.0376838235294118
1 0.8770424836601307 0.2922794117647059 0.0179738562091503 0.0358455882352941
1 0.8590686274509803 0.2913602941176471 0.0171568627450980 0.0340073529411765
1 0.8459967320261438 0.2925857843137255 0.0098039215686275 0.0361519607843137
1 0.8357843137254902 0.2916666666666667 0.0089869281045752 0.0370710784313725
1 0.2871732026143791 0.2787990196078431 0.0343137254901961 0.0229779411764706
1 0.7679738562091504 0.2941176470588235 0.0110294117647059 0.0392156862745098
1 0.7565359477124183 0.2928921568627451 0.0106209150326797 0.0376838235294118
1 0.7794117647058824 0.3293504901960784 0.0114379084967320 0.0315563725490196
1 0.8533496732026143 0.3627450980392157 0.0122549019607843 0.0398284313725490
1 0.8664215686274510 0.3627450980392157 0.0126633986928105 0.0392156862745098
1 0.8782679738562091 0.3630514705882353 0.0106209150326797 0.0407475490196078
1 0.9019607843137255 0.4243259803921569 0.0167483660130719 0.0284926470588235
1 0.8860294117647058 0.4246323529411765 0.0134803921568627 0.0269607843137255
1 0.8672385620915033 0.4273897058823529 0.0171568627450980 0.0297181372549020
1 0.8513071895424836 0.4289215686274510 0.0151143790849673 0.0284926470588235
1 0.8378267973856209 0.4289215686274510 0.0118464052287582 0.0281862745098039
1 0.8276143790849673 0.4289215686274510 0.0085784313725490 0.0321691176470588
1 0.8149509803921569 0.4319852941176471 0.0093954248366013 0.0294117647058824
1 0.8010620915032680 0.4344362745098039 0.0134803921568627 0.0330882352941176
1 0.7900326797385621 0.4338235294117647 0.0098039215686275 0.0330882352941176
1 0.7777777777777778 0.4344362745098039 0.0110294117647059 0.0303308823529412
1 0.7675653594771242 0.4347426470588235 0.0098039215686275 0.0303308823529412
1 0.7569444444444444 0.4356617647058824 0.0114379084967320 0.0321691176470588
1 0.7459150326797386 0.4356617647058824 0.0114379084967320 0.0318627450980392
1 0.9044117647058824 0.3964460784313725 0.0138888888888889 0.0257352941176471
1 0.8892973856209150 0.3973651960784313 0.0138888888888889 0.0275735294117647
1 0.8754084967320261 0.3979779411764706 0.0118464052287582 0.0266544117647059
1 0.8647875816993464 0.3979779411764706 0.0093954248366013 0.0284926470588235
1 0.8553921568627451 0.3982843137254902 0.0102124183006536 0.0297181372549020
1 0.8427287581699346 0.3976715686274510 0.0134803921568627 0.0294117647058824
1 0.8300653594771242 0.3982843137254902 0.0110294117647059 0.0294117647058824
1 0.8112745098039216 0.4004289215686275 0.0204248366013072 0.0327818627450980
1 0.7941176470588235 0.4004289215686275 0.0147058823529412 0.0361519607843137
1 0.7790032679738562 0.4010416666666667 0.0142973856209150 0.0352328431372549
1 0.7634803921568627 0.4007352941176471 0.0179738562091503 0.0355392156862745
1 0.7467320261437909 0.4010416666666667 0.0134803921568627 0.0352328431372549
1 0.9056372549019608 0.3624387254901961 0.0118464052287582 0.0395220588235294
1 0.8905228758169934 0.3630514705882353 0.0167483660130719 0.0407475490196078
1 0.7446895424836601 0.2925857843137255 0.0126633986928105 0.0386029411764706
1 0.9787581699346405 0.4108455882352941 0.0261437908496732 0.0303308823529412
1 0.7785947712418301 0.2931985294117647 0.0102124183006536 0.0413602941176471
1 0.9464869281045751 0.4154411764705883 0.0098039215686275 0.0352328431372549
1 0.9583333333333334 0.4142156862745098 0.0138888888888889 0.0370710784313725
1 0.0326797385620915 0.3612132352941176 0.0392156862745098 0.0254289215686275
1 0.0383986928104575 0.3890931372549020 0.0383986928104575 0.0254289215686275
1 0.0424836601307190 0.4151348039215687 0.0404411764705882 0.0223651960784314
1 0.0457516339869281 0.4411764705882353 0.0404411764705882 0.0263480392156863
1 0.0473856209150327 0.4656862745098039 0.0347222222222222 0.0205269607843137
1 0.0506535947712418 0.4898897058823529 0.0379901960784314 0.0226715686274510
1 0.0559640522875817 0.5128676470588235 0.0388071895424837 0.0232843137254902
1 0.0935457516339869 0.5125612745098039 0.0371732026143791 0.0251225490196078
1 0.0894607843137255 0.4871323529411765 0.0343137254901961 0.0232843137254902
1 0.0167483660130719 0.4926470588235294 0.0302287581699346 0.0193014705882353
1 0.0281862745098039 0.3091299019607843 0.0404411764705882 0.0260416666666667
1 0.0183823529411765 0.5177696078431373 0.0334967320261438 0.0217524509803922
1 0.0134803921568627 0.4424019607843137 0.0236928104575163 0.0238970588235294
1 0.0106209150326797 0.4151348039215687 0.0183823529411765 0.0245098039215686
1 0.2165032679738562 0.3033088235294117 0.0404411764705882 0.0266544117647059
1 0.2201797385620915 0.3287377450980392 0.0392156862745098 0.0223651960784314
1 0.2540849673202614 0.3272058823529412 0.0285947712418301 0.0217524509803922
1 0.2549019607843137 0.3523284313725490 0.0334967320261438 0.0238970588235294
1 0.2577614379084967 0.3768382352941176 0.0310457516339869 0.0248161764705882
1 0.2618464052287582 0.4007352941176471 0.0375816993464052 0.0223651960784314
1 0.2642973856209150 0.4246323529411765 0.0367647058823529 0.0245098039215686
1 0.2630718954248366 0.4469975490196079 0.0351307189542484 0.0208333333333333
1 0.2647058823529412 0.4696691176470588 0.0371732026143791 0.0211397058823529
1 0.0142973856209150 0.4684436274509804 0.0253267973856209 0.0232843137254902
1 0.0526960784313725 0.2809436274509804 0.0453431372549020 0.0223651960784314
1 0.0306372549019608 0.3354779411764706 0.0371732026143791 0.0257352941176471
1 0.5171568627450981 0.3223039215686275 0.0241013071895425 0.0193014705882353
1 0.9566993464052288 0.3771446078431372 0.0142973856209150 0.0346200980392157
1 0.9432189542483660 0.3786764705882353 0.0134803921568627 0.0330882352941176
1 0.0118464052287582 0.2821691176470588 0.0236928104575163 0.0229779411764706
1 0.9178921568627451 0.4166666666666667 0.0134803921568627 0.0324754901960784
1 0.9321895424836601 0.4154411764705883 0.0134803921568627 0.0349264705882353
