1 0.7343750000000000 0.4738281250000000 0.1036458333333333 0.0457031250000000
1 0.2463541666666667 0.4003906250000000 0.0859375000000000 0.0421875000000000
1 0.4302083333333334 0.4015625000000000 0.0906250000000000 0.0507812500000000
1 0.5250000000000000 0.4035156250000000 0.0921875000000000 0.0488281250000000
1 0.6234375000000000 0.4023437500000000 0.0989583333333333 0.0472656250000000
1 0.7286458333333333 0.4023437500000000 0.1036458333333333 0.0464843750000000
1 0.8489583333333334 0.4019531250000000 0.1119791666666667 0.0546875000000000
1 0.8458333333333333 0.4738281250000000 0.1098958333333333 0.0484375000000000
1 0.3369791666666667 0.4011718750000000 0.0911458333333333 0.0437500000000000
1 0.0239583333333333 0.4582031250000000 0.0484375000000000 0.0414062500000000
1 0.7317708333333334 0.6687500000000000 0.1026041666666667 0.0500000000000000
1 0.1750000000000000 0.4640625000000000 0.0776041666666667 0.0414062500000000
1 0.2598958333333333 0.4656250000000000 0.0838541666666667 0.0414062500000000
1 0.3494791666666667 0.4652343750000000 0.0880208333333333 0.0441406250000000
1 0.4406250000000000 0.4671875000000000 0.0906250000000000 0.0449218750000000
1 0.5354166666666667 0.4714843750000000 0.0932291666666667 0.0437500000000000
1 0.6322916666666667 0.4734375000000000 0.0953125000000000 0.0476562500000000
1 0.0239583333333333 0.5156250000000000 0.0484375000000000 0.0402343750000000
1 0.1635416666666667 0.3980468750000000 0.0781250000000000 0.0441406250000000
1 0.0890625000000000 0.5195312500000000 0.0765625000000000 0.0414062500000000
1 0.0927083333333333 0.4628906250000000 0.0791666666666667 0.0425781250000000
1 0.0781250000000000 0.3980468750000000 0.0838541666666667 0.0441406250000000
1 0.1572916666666667 0.2660156250000000 0.0822916666666667 0.0460937500000000
1 0.5229166666666667 0.3296875000000000 0.0958333333333333 0.0539062500000000
1 0.8479166666666667 0.6750000000000000 0.1093750000000000 0.0503906250000000
1 0.3338541666666667 0.1773437500000000 0.0973958333333333 0.0519531250000000
1 0.4375000000000000 0.1734375000000000 0.1041666666666667 0.0531250000000000
1 0.0703125000000000 0.2679687500000000 0.0875000000000000 0.0437500000000000
1 0.1718750000000000 0.5218750000000000 0.0828125000000000 0.0375000000000000
1 0.2442708333333333 0.2640625000000000 0.0843750000000000 0.0480468750000000
1 0.3354166666666666 0.2625000000000000 0.0880208333333333 0.0507812500000000
1 0.4302083333333334 0.2613281250000000 0.0942708333333333 0.0515625000000000
1 0.5291666666666667 0.2582031250000000 0.0958333333333333 0.0515625000000000
1 0.6317708333333333 0.2542968750000000 0.1010416666666667 0.0531250000000000
1 0.7432291666666667 0.2507812500000000 0.1083333333333333 0.0578125000000000
1 0.8578125000000000 0.2464843750000000 0.1177083333333333 0.0527343750000000
1 0.8531250000000000 0.3234375000000000 0.1083333333333333 0.0570312500000000
1 0.7307291666666667 0.3273437500000000 0.1046875000000000 0.0558593750000000
1 0.0723958333333333 0.3343750000000000 0.0880208333333333 0.0425781250000000
1 0.1567708333333333 0.3324218750000000 0.0776041666666667 0.0464843750000000
1 0.2427083333333333 0.3351562500000000 0.0817708333333333 0.0464843750000000
1 0.3291666666666667 0.3320312500000000 0.0864583333333333 0.0503906250000000
1 0.4260416666666667 0.3308593750000000 0.0942708333333333 0.0500000000000000
1 0.6250000000000000 0.3312500000000000 0.1041666666666667 0.0542968750000000
1 0.2583333333333334 0.5242187500000000 0.0802083333333333 0.0421875000000000
1 0.1937500000000000 0.6414062500000000 0.0786458333333333 0.0414062500000000
1 0.4302083333333334 0.5304687500000000 0.0859375000000000 0.0453125000000000
1 0.0635416666666667 0.7929687500000000 0.0619791666666667 0.0386718750000000
1 0.3010416666666667 0.8066406250000000 0.0635416666666667 0.0257812500000000
1 0.3765625000000000 0.8316406250000000 0.0802083333333333 0.0480468750000000
1 0.4630208333333333 0.8375000000000000 0.0864583333333333 0.0542968750000000
1 0.8359375000000000 0.8656250000000000 0.0984375000000000 0.0464843750000000
1 0.7369791666666666 0.8562500000000000 0.0875000000000000 0.0496093750000000
1 0.6427083333333333 0.8488281250000000 0.0864583333333333 0.0492187500000000
1 0.1338541666666667 0.8000000000000000 0.0718750000000000 0.0406250000000000
1 0.5546875000000000 0.8437500000000000 0.0859375000000000 0.0484375000000000
1 0.5427083333333333 0.7832031250000000 0.0864583333333333 0.0523437500000000
1 0.4541666666666667 0.7773437500000000 0.0843750000000000 0.0531250000000000
1 0.3687500000000000 0.7691406250000000 0.0812500000000000 0.0492187500000000
1 0.2848958333333333 0.7625000000000000 0.0807291666666667 0.0449218750000000
1 0.2130208333333333 0.7429687500000000 0.0598958333333333 0.0308593750000000
1 0.1197916666666667 0.7464843750000000 0.0692708333333333 0.0468750000000000
1 0.0442708333333333 0.7429687500000000 0.0677083333333333 0.0421875000000000
1 0.6359375000000000 0.7906250000000000 0.0895833333333333 0.0585937500000000
1 0.8343750000000000 0.8082031250000000 0.0953125000000000 0.0605468750000000
1 0.2130208333333333 0.8089843750000000 0.0796875000000000 0.0433593750000000
1 0.1031250000000000 0.8597656250000000 0.0682291666666667 0.0441406250000000
1 0.3427083333333333 0.5277343750000000 0.0864583333333333 0.0429687500000000
1 0.3343750000000000 0.8859375000000000 0.0744791666666667 0.0472656250000000
1 0.4182291666666667 0.8945312500000000 0.0828125000000000 0.0496093750000000
1 0.5046875000000000 0.9039062500000000 0.0807291666666667 0.0527343750000000
1 0.5921875000000000 0.9125000000000000 0.0838541666666667 0.0519531250000000
1 0.6848958333333334 0.9210937500000000 0.0942708333333333 0.0535156250000000
1 0.7786458333333334 0.9308593750000000 0.0895833333333333 0.0515625000000000
1 0.0322916666666667 0.8515625000000000 0.0645833333333333 0.0421875000000000
1 0.8807291666666667 0.9277343750000000 0.1020833333333333 0.0519531250000000
1 0.2562500000000000 0.8753906250000000 0.0760416666666667 0.0476562500000000
1 0.2770833333333333 0.6445312500000000 0.0770833333333333 0.0445312500000000
1 0.3583333333333333 0.6492187500000000 0.0807291666666667 0.0476562500000000
1 0.4432291666666667 0.6531250000000000 0.0833333333333333 0.0433593750000000
1 0.5343750000000000 0.6585937500000000 0.0911458333333333 0.0511718750000000
1 0.6296875000000000 0.6625000000000000 0.0932291666666667 0.0503906250000000
1 0.1776041666666667 0.8660156250000000 0.0744791666666667 0.0441406250000000
1 0.0380208333333333 0.6308593750000000 0.0682291666666667 0.0414062500000000
1 0.7322916666666667 0.8023437500000000 0.0953125000000000 0.0542968750000000
1 0.1156250000000000 0.6378906250000000 0.0760416666666667 0.0441406250000000
1 0.7427083333333333 0.7343750000000000 0.0953125000000000 0.0531250000000000
1 0.0390625000000000 0.0933593750000000 0.0786458333333333 0.0769531250000000
1 0.0411458333333333 0.6890625000000000 0.0739583333333333 0.0449218750000000
1 0.3536458333333333 0.5875000000000000 0.0791666666666667 0.0468750000000000
1 0.2671875000000000 0.5851562500000000 0.0854166666666667 0.0476562500000000
1 0.1817708333333333 0.5812500000000000 0.0781250000000000 0.0464843750000000
1 0.1020833333333333 0.5789062500000000 0.0692708333333333 0.0414062500000000
1 0.0302083333333333 0.5777343750000000 0.0604166666666667 0.0398437500000000
1 0.5385416666666667 0.5968750000000000 0.0911458333333333 0.0472656250000000
1 0.4411458333333333 0.5945312500000000 0.0875000000000000 0.0457031250000000
1 0.6375000000000000 0.5996093750000000 0.0932291666666667 0.0460937500000000
1 0.8447916666666667 0.6085937500000000 0.1078125000000000 0.0460937500000000
1 0.8343750000000000 0.5386718750000000 0.1072916666666667 0.0472656250000000
1 0.7244791666666667 0.5355468750000000 0.1036458333333333 0.0468750000000000
1 0.6229166666666667 0.5332031250000000 0.0963541666666667 0.0453125000000000
1 0.8416666666666667 0.7378906250000000 0.0973958333333333 0.0570312500000000
1 0.1307291666666667 0.0902343750000000 0.0947916666666667 0.0734375000000000
1 0.2255208333333333 0.0832031250000000 0.0885416666666667 0.0894531250000000
1 0.7380208333333333 0.6046875000000000 0.0979166666666667 0.0449218750000000
1 0.4317708333333333 0.0691406250000000 0.0604166666666667 0.0863281250000000
1 0.6463541666666667 0.7292968750000000 0.0895833333333333 0.0578125000000000
1 0.3218750000000000 0.0789062500000000 0.0942708333333333 0.0843750000000000
1 0.5510416666666667 0.7222656250000000 0.0911458333333333 0.0566406250000000
1 0.4619791666666667 0.7152343750000000 0.0843750000000000 0.0546875000000000
1 0.3750000000000000 0.7117187500000000 0.0817708333333333 0.0476562500000000
1 0.2927083333333333 0.7062500000000000 0.0802083333333333 0.0457031250000000
1 0.1187500000000000 0.6945312500000000 0.0781250000000000 0.0500000000000000
1 0.2395833333333333 0.1843750000000000 0.0880208333333333 0.0476562500000000
1 0.1489583333333333 0.1882812500000000 0.0854166666666667 0.0464843750000000
1 0.5234375000000000 0.5316406250000000 0.0973958333333333 0.0453125000000000
1 0.0598958333333333 0.1914062500000000 0.0880208333333333 0.0460937500000000
1 0.7520833333333333 0.1562500000000000 0.1093750000000000 0.0558593750000000
1 0.5234375000000000 0.0671875000000000 0.1052083333333333 0.0914062500000000
1 0.6401041666666667 0.1644531250000000 0.1067708333333333 0.0507812500000000
1 0.8765625000000000 0.1507812500000000 0.1177083333333333 0.0570312500000000
1 0.8765625000000000 0.0480468750000000 0.1265625000000000 0.0937500000000000
1 0.7510416666666667 0.0496093750000000 0.1156250000000000 0.0933593750000000
1 0.6328125000000000 0.0585937500000000 0.1078125000000000 0.0992187500000000
