1 0.7389705882352942 0.5386029411764706 0.0294117647058824 0.0303308823529412
1 0.7095588235294118 0.5389093137254902 0.0290032679738562 0.0297181372549020
1 0.6817810457516340 0.5410539215686274 0.0273692810457516 0.0333946078431373
1 0.7667483660130719 0.5361519607843137 0.0236928104575163 0.0266544117647059
1 0.6523692810457516 0.5441176470588235 0.0290032679738562 0.0287990196078431
1 0.6225490196078431 0.5453431372549019 0.0302287581699346 0.0327818627450980
1 0.4709967320261438 0.5912990196078431 0.0433006535947712 0.0386029411764706
1 0.5531045751633987 0.5499387254901961 0.0392156862745098 0.0294117647058824
1 0.5506535947712419 0.5839460784313726 0.0375816993464052 0.0367647058823529
1 0.5126633986928104 0.5863970588235294 0.0371732026143791 0.0324754901960784
1 0.4248366013071895 0.5934436274509803 0.0453431372549020 0.0330882352941176
1 0.3786764705882353 0.5955882352941176 0.0461601307189543 0.0376838235294118
1 0.8210784313725490 0.5337009803921569 0.0318627450980392 0.0266544117647059
1 0.3333333333333333 0.5992647058823529 0.0420751633986928 0.0315563725490196
1 0.5874183006535948 0.5462622549019608 0.0322712418300654 0.0330882352941176
1 0.8145424836601307 0.5634191176470589 0.0261437908496732 0.0245098039215686
1 0.9003267973856209 0.7074142156862745 0.0645424836601307 0.0643382352941176
1 0.7626633986928104 0.5689338235294118 0.0236928104575163 0.0291053921568627
1 0.2888071895424836 0.6035539215686274 0.0490196078431373 0.0410539215686275
1 0.8333333333333334 0.6326593137254902 0.0216503267973856 0.0281862745098039
1 0.8337418300653595 0.6041666666666666 0.0212418300653595 0.0306372549019608
1 0.9709967320261438 0.7117034313725490 0.0592320261437908 0.0649509803921569
1 0.9889705882352942 0.6250000000000000 0.0196078431372549 0.0490196078431373
1 0.9640522875816994 0.6231617647058824 0.0241013071895425 0.0554534313725490
1 0.7875816993464052 0.5637254901960784 0.0265522875816993 0.0275735294117647
1 0.9428104575163399 0.6237745098039216 0.0208333333333333 0.0566789215686275
1 0.5874183006535948 0.5821078431372549 0.0318627450980392 0.0318627450980392
1 0.6188725490196079 0.5778186274509803 0.0306372549019608 0.0291053921568627
1 0.6499183006535948 0.5747549019607843 0.0277777777777778 0.0281862745098039
1 0.6764705882352942 0.5738357843137255 0.0232843137254902 0.0266544117647059
1 0.7066993464052288 0.5710784313725490 0.0310457516339869 0.0248161764705882
1 0.7348856209150327 0.5689338235294118 0.0253267973856209 0.0278799019607843
1 0.9199346405228758 0.6240808823529411 0.0216503267973856 0.0572916666666667
1 0.2361111111111111 0.6066176470588235 0.0518790849673203 0.0382965686274510
1 0.1033496732026144 0.0143995098039216 0.0343137254901961 0.0248161764705882
1 0.4272875816993464 0.5560661764705882 0.0428921568627451 0.0386029411764706
1 0.3754084967320261 0.4837622549019608 0.0216503267973856 0.0670955882352941
1 0.3986928104575164 0.4831495098039216 0.0249183006535948 0.0686274509803922
1 0.4227941176470588 0.4831495098039216 0.0204248366013072 0.0683210784313725
1 0.4436274509803921 0.4849877450980392 0.0220588235294118 0.0643382352941176
1 0.4677287581699346 0.4846813725490196 0.0245098039215686 0.0631127450980392
1 0.0633169934640523 0.0128676470588235 0.0404411764705882 0.0226715686274510
1 0.3521241830065360 0.4834558823529412 0.0253267973856209 0.0670955882352941
1 0.8333333333333334 0.6617647058823529 0.0249183006535948 0.0272671568627451
1 0.1205065359477124 0.0686274509803922 0.0290032679738562 0.0404411764705882
1 0.1523692810457516 0.0796568627450980 0.0322712418300654 0.0435049019607843
1 0.1924019607843137 0.0818014705882353 0.0437091503267974 0.0582107843137255
1 0.2369281045751634 0.0254289215686275 0.0465686274509804 0.0428921568627451
1 0.2818627450980392 0.0303308823529412 0.0428921568627451 0.0312500000000000
1 0.3235294117647059 0.0410539215686275 0.0363562091503268 0.0392156862745098
1 0.0845588235294118 0.0618872549019608 0.0404411764705882 0.0431985294117647
1 0.4746732026143791 0.5523897058823529 0.0433006535947712 0.0321691176470588
1 0.3296568627450980 0.4837622549019608 0.0191993464052288 0.0674019607843137
1 0.2557189542483660 0.4837622549019608 0.0273692810457516 0.0732230392156863
1 0.3823529411764706 0.5575980392156863 0.0461601307189543 0.0370710784313725
1 0.3357843137254902 0.5603553921568627 0.0465686274509804 0.0435049019607843
1 0.2855392156862745 0.5625000000000000 0.0502450980392157 0.0386029411764706
1 0.2361111111111111 0.5646446078431373 0.0514705882352941 0.0431985294117647
1 0.1932189542483660 0.6115196078431373 0.0339052287581699 0.0453431372549020
1 0.1936274509803922 0.5670955882352942 0.0322712418300654 0.0453431372549020
1 0.2818627450980392 0.4843750000000000 0.0249183006535948 0.0716911764705882
1 0.1188725490196078 0.6191789215686274 0.0657679738562092 0.0444240196078431
1 0.1172385620915033 0.5719975490196079 0.0620915032679739 0.0468750000000000
1 0.0535130718954248 0.5732230392156863 0.0641339869281046 0.0465686274509804
1 0.0531045751633987 0.4871323529411765 0.0343137254901961 0.0796568627450980
1 0.0857843137254902 0.4846813725490196 0.0294117647058824 0.0830269607843137
1 0.1176470588235294 0.4843750000000000 0.0343137254901961 0.0824142156862745
1 0.1458333333333333 0.4859068627450980 0.0253267973856209 0.0799632352941176
1 0.0522875816993464 0.6207107843137255 0.0657679738562092 0.0471813725490196
1 0.8333333333333334 0.6908700980392157 0.0261437908496732 0.0312500000000000
1 0.6413398692810458 0.6289828431372549 0.0294117647058824 0.0346200980392157
1 0.7810457516339869 0.7006740196078431 0.0298202614379085 0.0318627450980392
1 0.2079248366013072 0.7656250000000000 0.0584150326797386 0.0438112745098039
1 0.2116013071895425 0.7236519607843137 0.0567810457516340 0.0373774509803922
1 0.2659313725490196 0.7159926470588235 0.0510620915032680 0.0450367647058824
1 0.2663398692810457 0.7570465686274510 0.0526960784313725 0.0352328431372549
1 0.2610294117647059 0.8014705882352942 0.0514705882352941 0.0441176470588235
1 0.3161764705882353 0.7886029411764706 0.0465686274509804 0.0438112745098039
1 0.2083333333333333 0.8085171568627451 0.0571895424836601 0.0407475490196078
1 0.3157679738562091 0.7490808823529411 0.0457516339869281 0.0343137254901961
1 0.3190359477124183 0.6645220588235294 0.0490196078431373 0.0450367647058824
1 0.2679738562091503 0.6672794117647058 0.0510620915032680 0.0413602941176471
1 0.2095588235294118 0.6740196078431373 0.0637254901960784 0.0462622549019608
1 0.4105392156862745 0.6933210784313726 0.0453431372549020 0.0364583333333333
1 0.3700980392156863 0.6966911764705882 0.0363562091503268 0.0435049019607843
1 0.4097222222222222 0.7297794117647058 0.0433006535947712 0.0312500000000000
1 0.3178104575163399 0.7083333333333334 0.0502450980392157 0.0422794117647059
1 0.1311274509803922 0.6859681372549019 0.0678104575163399 0.0462622549019608
1 0.1339869281045752 0.7337622549019608 0.0629084967320261 0.0474877450980392
1 0.1319444444444444 0.7812500000000000 0.0592320261437908 0.0398284313725490
1 0.4963235294117647 0.6430759803921569 0.0351307189542484 0.0382965686274510
1 0.5326797385620915 0.6381740196078431 0.0343137254901961 0.0416666666666667
1 0.5351307189542484 0.6758578431372549 0.0367647058823529 0.0312500000000000
1 0.5322712418300654 0.7104779411764706 0.0367647058823529 0.0370710784313725
1 0.5334967320261438 0.7460171568627451 0.0396241830065359 0.0303308823529412
1 0.5694444444444444 0.7423406862745098 0.0322712418300654 0.0373774509803922
1 0.5694444444444444 0.7052696078431373 0.0322712418300654 0.0309436274509804
1 0.5710784313725490 0.6706495098039216 0.0363562091503268 0.0343137254901961
1 0.0155228758169935 0.8495710784313726 0.0314542483660131 0.0499387254901961
1 0.0151143790849673 0.7990196078431373 0.0306372549019608 0.0453431372549020
1 0.0163398692810458 0.7503063725490197 0.0326797385620915 0.0456495098039216
1 0.0645424836601307 0.7432598039215687 0.0608660130718954 0.0526960784313725
1 0.0649509803921569 0.7922794117647058 0.0645424836601307 0.0379901960784314
1 0.0645424836601307 0.8385416666666666 0.0604575163398693 0.0508578431372549
1 0.1303104575163399 0.8256740196078431 0.0625000000000000 0.0481004901960784
1 0.3668300653594771 0.7383578431372549 0.0400326797385621 0.0407475490196078
1 0.8080065359477124 0.6936274509803921 0.0228758169934641 0.0272671568627451
1 0.3639705882352941 0.7800245098039216 0.0449346405228758 0.0346200980392157
1 0.5718954248366013 0.6335784313725490 0.0367647058823529 0.0355392156862745
1 0.4542483660130719 0.7224264705882353 0.0383986928104575 0.0352328431372549
1 0.4530228758169935 0.6865808823529411 0.0392156862745098 0.0361519607843137
1 0.4558823529411765 0.6473651960784313 0.0388071895424837 0.0419730392156863
1 0.7532679738562091 0.7034313725490197 0.0265522875816993 0.0324754901960784
1 0.7528594771241830 0.6721813725490197 0.0281862745098039 0.0291053921568627
1 0.7516339869281046 0.6449142156862745 0.0265522875816993 0.0257352941176471
1 0.4501633986928105 0.7622549019607843 0.0371732026143791 0.0425857843137255
1 0.7267156862745098 0.6173406862745098 0.0302287581699346 0.0300245098039216
1 0.8096405228758170 0.6078431372549019 0.0273692810457516 0.0297181372549020
1 0.7847222222222222 0.6112132352941176 0.0241013071895425 0.0281862745098039
1 0.8080065359477124 0.6397058823529411 0.0236928104575163 0.0266544117647059
1 0.7818627450980392 0.6412377450980392 0.0253267973856209 0.0275735294117647
1 0.8075980392156863 0.6663602941176471 0.0228758169934641 0.0281862745098039
1 0.7822712418300654 0.6691176470588235 0.0261437908496732 0.0278799019607843
1 0.7573529411764706 0.6133578431372549 0.0273692810457516 0.0327818627450980
1 0.7267156862745098 0.7089460784313726 0.0269607843137255 0.0269607843137255
1 0.7267156862745098 0.6780024509803921 0.0269607843137255 0.0315563725490196
1 0.7267156862745098 0.6470588235294118 0.0232843137254902 0.0294117647058824
1 0.6090686274509803 0.6320465686274510 0.0318627450980392 0.0324754901960784
1 0.6053921568627451 0.6651348039215687 0.0294117647058824 0.0303308823529412
1 0.6037581699346405 0.7006740196078431 0.0326797385620915 0.0379901960784314
1 0.6033496732026143 0.7340686274509803 0.0330882352941176 0.0272671568627451
1 0.6368464052287581 0.7261029411764706 0.0306372549019608 0.0287990196078431
1 0.6384803921568627 0.6933210784313726 0.0306372549019608 0.0340073529411765
1 0.6392973856209150 0.6611519607843137 0.0281862745098039 0.0291053921568627
1 0.3602941176470588 0.0465686274509804 0.0375816993464052 0.0278799019607843
1 0.6727941176470589 0.6250000000000000 0.0306372549019608 0.0330882352941176
1 0.6707516339869281 0.6583946078431373 0.0277777777777778 0.0281862745098039
1 0.6670751633986928 0.6893382352941176 0.0265522875816993 0.0337009803921569
1 0.6691176470588235 0.7208946078431373 0.0310457516339869 0.0269607843137255
1 0.6997549019607843 0.7159926470588235 0.0269607843137255 0.0278799019607843
1 0.6993464052287581 0.6856617647058824 0.0265522875816993 0.0291053921568627
1 0.6985294117647058 0.6522671568627451 0.0224673202614379 0.0352328431372549
1 0.4097222222222222 0.7711397058823529 0.0433006535947712 0.0382965686274510
1 0.3954248366013072 0.0818014705882353 0.0253267973856209 0.0346200980392157
1 0.3080065359477124 0.4849877450980392 0.0269607843137255 0.0698529411764706
1 0.4464869281045752 0.0909926470588235 0.0228758169934641 0.0229779411764706
1 0.1458333333333333 0.3345588235294117 0.0224673202614379 0.0603553921568627
1 0.0134803921568627 0.3897058823529412 0.0269607843137255 0.0652573529411765
1 0.0453431372549020 0.3903186274509804 0.0339052287581699 0.0628063725490196
1 0.0788398692810457 0.3927696078431372 0.0322712418300654 0.0606617647058824
1 0.1098856209150327 0.3933823529411765 0.0298202614379085 0.0594362745098039
1 0.1392973856209150 0.3992034313725490 0.0241013071895425 0.0600490196078431
1 0.2275326797385621 0.3743872549019608 0.0347222222222222 0.1099877450980392
1 0.0155228758169935 0.3226102941176471 0.0314542483660131 0.0631127450980392
1 0.2651143790849673 0.3722426470588235 0.0379901960784314 0.1142769607843137
1 0.3357843137254902 0.3774509803921569 0.0285947712418301 0.1056985294117647
1 0.4211601307189543 0.0857843137254902 0.0261437908496732 0.0251225490196078
1 0.3700980392156863 0.3820465686274510 0.0322712418300654 0.1069240196078431
1 0.4056372549019608 0.3823529411764706 0.0355392156862745 0.0986519607843137
1 0.4375000000000000 0.3854166666666667 0.0273692810457516 0.0968137254901961
1 0.4950980392156863 0.6798406862745098 0.0375816993464052 0.0340073529411765
1 0.4934640522875817 0.7166053921568627 0.0408496732026144 0.0401348039215686
1 0.3026960784313725 0.3771446078431372 0.0375816993464052 0.1106004901960784
1 0.4910130718954248 0.7558210784313726 0.0367647058823529 0.0373774509803922
1 0.8794934640522876 0.4142156862745098 0.0343137254901961 0.0364583333333333
1 0.9746732026143791 0.3373161764705883 0.0159313725490196 0.0625000000000000
1 0.5980392156862745 0.2879901960784313 0.0249183006535948 0.0909926470588235
1 0.5665849673202614 0.2837009803921569 0.0339052287581699 0.0934436274509804
1 0.5294117647058824 0.2781862745098039 0.0343137254901961 0.1014093137254902
1 0.4963235294117647 0.2726715686274510 0.0294117647058824 0.0980392156862745
1 0.4607843137254902 0.2662377450980392 0.0412581699346405 0.1011029411764706
1 0.4215686274509804 0.2625612745098039 0.0310457516339869 0.1102941176470588
1 0.3860294117647059 0.2536764705882353 0.0392156862745098 0.1084558823529412
1 0.8680555555555556 0.3578431372549020 0.0326797385620915 0.0392156862745098
1 0.3410947712418301 0.2460171568627451 0.0424836601307190 0.1066176470588235
1 0.2487745098039216 0.2340686274509804 0.0486111111111111 0.1121323529411765
1 0.0261437908496732 0.2025122549019608 0.0526960784313725 0.1277573529411765
1 0.0825163398692810 0.2071078431372549 0.0571895424836601 0.1191789215686275
1 0.1364379084967320 0.2159926470588235 0.0498366013071895 0.1219362745098039
1 0.8991013071895425 0.3272058823529412 0.0228758169934641 0.0695465686274510
1 0.9207516339869281 0.3284313725490196 0.0200163398692810 0.0670955882352941
1 0.9415849673202614 0.3324142156862745 0.0183823529411765 0.0695465686274510
1 0.2957516339869281 0.2398897058823529 0.0416666666666667 0.1102941176470588
1 0.4109477124183006 0.6510416666666666 0.0461601307189543 0.0355392156862745
1 0.4673202614379085 0.3863357843137255 0.0285947712418301 0.0965073529411765
1 0.4897875816993464 0.4846813725490196 0.0191993464052288 0.0637254901960784
1 0.9542483660130719 0.4518995098039216 0.0257352941176471 0.0579044117647059
1 0.9812091503267973 0.4451593137254902 0.0224673202614379 0.0465686274509804
1 0.9665032679738562 0.4007352941176471 0.0175653594771242 0.0389093137254902
1 0.9493464052287581 0.4007352941176471 0.0187908496732026 0.0416666666666667
1 0.9309640522875817 0.4028799019607843 0.0179738562091503 0.0431985294117647
1 0.8316993464052288 0.4047181372549020 0.0175653594771242 0.0680147058823529
1 0.8112745098039216 0.4047181372549020 0.0196078431372549 0.0710784313725490
1 0.9293300653594772 0.4522058823529412 0.0224673202614379 0.0551470588235294
1 0.7900326797385621 0.4034926470588235 0.0208333333333333 0.0738357843137255
1 0.7234477124183006 0.4007352941176471 0.0241013071895425 0.0793504901960784
1 0.6977124183006536 0.3985906862745098 0.0228758169934641 0.0805759803921569
1 0.6707516339869281 0.3970588235294117 0.0265522875816993 0.0827205882352941
1 0.6421568627450981 0.3961397058823529 0.0232843137254902 0.0857843137254902
1 0.6139705882352942 0.3927696078431372 0.0314542483660131 0.0876225490196078
1 0.5780228758169934 0.3924632352941176 0.0241013071895425 0.0873161764705882
1 0.5531045751633987 0.3897058823529412 0.0249183006535948 0.0919117647058824
1 0.7687908496732027 0.4031862745098039 0.0245098039215686 0.0762867647058824
1 0.9076797385620915 0.4518995098039216 0.0191993464052288 0.0579044117647059
1 0.8950163398692811 0.5352328431372549 0.0257352941176471 0.0594362745098039
1 0.9203431372549019 0.5364583333333334 0.0220588235294118 0.0649509803921569
1 0.5089869281045751 0.4849877450980392 0.0200163398692810 0.0594362745098039
1 0.5281862745098039 0.4837622549019608 0.0175653594771242 0.0597426470588235
1 0.5461601307189542 0.4859068627450980 0.0179738562091503 0.0575980392156863
1 0.5641339869281046 0.4846813725490196 0.0179738562091503 0.0582107843137255
1 0.5931372549019608 0.4843750000000000 0.0151143790849673 0.0575980392156863
1 0.6115196078431373 0.4846813725490196 0.0159313725490196 0.0585171568627451
1 0.6294934640522876 0.4825367647058824 0.0191993464052288 0.0594362745098039
1 0.6474673202614379 0.4819240196078431 0.0159313725490196 0.0609681372549020
1 0.6650326797385621 0.4831495098039216 0.0179738562091503 0.0554534313725490
1 0.7467320261437909 0.4856004901960784 0.0163398692810458 0.0545343137254902
1 0.7287581699346405 0.4834558823529412 0.0200163398692810 0.0536151960784314
1 0.7745098039215687 0.4816176470588235 0.0147058823529412 0.0520833333333333
1 0.7896241830065359 0.4819240196078431 0.0126633986928105 0.0505514705882353
1 0.8059640522875817 0.4840686274509804 0.0167483660130719 0.0493259803921569
1 0.9910130718954249 0.5416666666666666 0.0196078431372549 0.0643382352941176
1 0.9685457516339869 0.5398284313725490 0.0253267973856209 0.0582107843137255
1 0.9424019607843137 0.5370710784313726 0.0232843137254902 0.0606617647058824
1 0.6245915032679739 0.2916666666666667 0.0269607843137255 0.0928308823529412
1 0.6519607843137255 0.2968750000000000 0.0281862745098039 0.0897671568627451
1 0.6793300653594772 0.3014705882352941 0.0253267973856209 0.0882352941176471
1 0.7066993464052288 0.3017769607843137 0.0265522875816993 0.0833333333333333
1 0.7148692810457516 0.1194852941176471 0.0604575163398693 0.0585171568627451
1 0.1192810457516340 0.3308823529411765 0.0302287581699346 0.0579044117647059
1 0.0841503267973856 0.3278186274509804 0.0355392156862745 0.0625000000000000
1 0.0510620915032680 0.3265931372549020 0.0302287581699346 0.0612745098039216
1 0.5249183006535948 0.3890931372549020 0.0294117647058824 0.0940563725490196
1 0.6401143790849673 0.0943627450980392 0.0657679738562092 0.0674019607843137
1 0.5653594771241830 0.0704656862745098 0.0702614379084967 0.0762867647058824
1 0.5580065359477124 0.1525735294117647 0.0849673202614379 0.0707720588235294
1 0.7222222222222222 0.0462622549019608 0.0678104575163399 0.0680147058823529
1 0.2393790849673203 0.0854779411764706 0.0379901960784314 0.0444240196078431
1 0.2830882352941176 0.0922181372549020 0.0343137254901961 0.0447303921568627
1 0.3190359477124183 0.1014093137254902 0.0339052287581699 0.0358455882352941
1 0.3574346405228758 0.1090686274509804 0.0355392156862745 0.0404411764705882
1 0.3929738562091503 0.1237745098039216 0.0298202614379085 0.0321691176470588
1 0.4248366013071895 0.1320465686274510 0.0269607843137255 0.0376838235294118
1 0.4558823529411765 0.1378676470588235 0.0281862745098039 0.0330882352941176
1 0.6433823529411765 0.0257352941176471 0.0759803921568627 0.0450367647058824
1 0.6392973856209150 0.1685049019607843 0.0678104575163399 0.0732230392156863
1 0.4967320261437909 0.3881740196078431 0.0269607843137255 0.0968137254901961
1 0.7659313725490197 0.1773897058823529 0.0265522875816993 0.0343137254901961
1 0.8737745098039216 0.2297794117647059 0.0191993464052288 0.0312500000000000
1 0.8941993464052288 0.2279411764705882 0.0208333333333333 0.0315563725490196
1 0.7091503267973857 0.1853553921568628 0.0600490196078431 0.0664828431372549
1 0.9105392156862745 0.2297794117647059 0.0134803921568627 0.0340073529411765
1 0.9562908496732027 0.2187500000000000 0.0294117647058824 0.0312500000000000
1 0.9522058823529411 0.2533700980392157 0.0318627450980392 0.0327818627450980
1 0.9840686274509803 0.2594975490196079 0.0310457516339869 0.0257352941176471
1 0.8190359477124183 0.3189338235294117 0.0171568627450980 0.0716911764705882
1 0.8390522875816994 0.3207720588235294 0.0216503267973856 0.0701593137254902
1 0.7749183006535948 0.3118872549019608 0.0224673202614379 0.0793504901960784
1 0.7524509803921569 0.3097426470588235 0.0204248366013072 0.0833333333333333
1 0.7316176470588235 0.3063725490196079 0.0220588235294118 0.0848651960784314
1 0.8492647058823529 0.2346813725490196 0.0167483660130719 0.0245098039215686
1 0.8276143790849673 0.2297794117647059 0.0236928104575163 0.0281862745098039
1 0.7790032679738562 0.2175245098039216 0.0236928104575163 0.0306372549019608
1 0.7540849673202614 0.2150735294117647 0.0241013071895425 0.0312500000000000
1 0.7904411764705882 0.1807598039215686 0.0216503267973856 0.0303308823529412
1 0.7986111111111112 0.3164828431372549 0.0228758169934641 0.0778186274509804
