1 0.4601883561643836 0.4269230769230769 0.0659246575342466 0.0290865384615385
1 0.5552226027397260 0.7091346153846154 0.0646404109589041 0.0201923076923077
1 0.4978595890410959 0.5656250000000000 0.0654965753424658 0.0329326923076923
1 0.5672089041095890 0.5605769230769231 0.0625000000000000 0.0322115384615385
1 0.5770547945205480 0.5983173076923077 0.0607876712328767 0.0314903846153846
1 0.5042808219178082 0.6002403846153846 0.0672089041095890 0.0346153846153846
1 0.6348458904109590 0.5490384615384616 0.0565068493150685 0.0237980769230769
1 0.7011986301369864 0.5456730769230769 0.0577910958904110 0.0218750000000000
1 0.7054794520547946 0.5730769230769230 0.0573630136986301 0.0216346153846154
1 0.6982020547945206 0.1504807692307692 0.1922089041095890 0.0298076923076923
1 0.7011986301369864 0.1865384615384615 0.1849315068493151 0.0281250000000000
1 0.7029109589041096 0.2223557692307692 0.1887842465753425 0.0348557692307692
1 0.2632705479452055 0.1990384615384615 0.1035958904109589 0.0360576923076923
1 0.3814212328767123 0.1949519230769231 0.1185787671232877 0.0353365384615385
1 0.3946917808219178 0.2353365384615385 0.1104452054794521 0.0341346153846154
1 0.2696917808219178 0.2389423076923077 0.1125856164383562 0.0391826923076923
1 0.3865582191780822 0.4293269230769231 0.0642123287671233 0.0242788461538462
1 0.4875856164383562 0.2317307692307692 0.0706335616438356 0.0343750000000000
1 0.5672089041095890 0.2298076923076923 0.0714897260273973 0.0305288461538462
1 0.5629280821917808 0.1903846153846154 0.0744863013698630 0.0341346153846154
1 0.4833047945205479 0.1937500000000000 0.0744863013698630 0.0353365384615385
1 0.3360445205479452 0.5862980769230769 0.0787671232876712 0.0216346153846154
1 0.9345034246575342 0.0516826923076923 0.0586472602739726 0.0387019230769231
1 0.3437500000000000 0.6088942307692308 0.0727739726027397 0.0194711538461538
1 0.4190924657534247 0.5831730769230770 0.0826198630136986 0.0204326923076923
1 0.7136130136986302 0.7295673076923077 0.0436643835616438 0.0300480769230769
1 0.7101883561643836 0.6983173076923077 0.0500856164383562 0.0250000000000000
1 0.6344178082191780 0.6997596153846154 0.0898972602739726 0.0254807692307692
1 0.4297945205479452 0.7365384615384616 0.0612157534246575 0.0247596153846154
1 0.3647260273972603 0.7360576923076924 0.0595034246575342 0.0235576923076923
1 0.3608732876712329 0.7103365384615384 0.0642123287671233 0.0204326923076923
1 0.4293664383561644 0.7115384615384616 0.0612157534246575 0.0201923076923077
1 0.4918664383561644 0.7086538461538462 0.0577910958904110 0.0216346153846154
1 0.4931506849315068 0.7377403846153846 0.0513698630136986 0.0221153846153846
1 0.5595034246575342 0.7353365384615385 0.0642123287671233 0.0221153846153846
1 0.5556506849315068 0.6846153846153846 0.0569349315068493 0.0218750000000000
1 0.4854452054794521 0.6867788461538461 0.0620719178082192 0.0165865384615385
1 0.4169520547945205 0.6860576923076923 0.0693493150684932 0.0223557692307692
1 0.3484589041095890 0.6855769230769231 0.0650684931506849 0.0211538461538462
1 0.7962328767123288 0.7341346153846153 0.1023116438356164 0.0199519230769231
1 0.6352739726027398 0.6024038461538461 0.0488013698630137 0.0228365384615385
1 0.9062500000000000 0.7069711538461538 0.1048801369863014 0.0185096153846154
1 0.3223458904109589 0.5598557692307692 0.0817636986301370 0.0235576923076923
1 0.4126712328767123 0.5579326923076923 0.0821917808219178 0.0221153846153846
1 0.4246575342465753 0.6103365384615385 0.0723458904109589 0.0192307692307692
1 0.9413527397260274 0.1016826923076923 0.0505136986301370 0.0358173076923077
1 0.8617294520547946 0.0653846153846154 0.0629280821917808 0.0324519230769231
1 0.8690068493150684 0.1060096153846154 0.0513698630136986 0.0396634615384615
1 0.6703767123287672 0.5144230769230769 0.1194349315068493 0.0290865384615385
1 0.7474315068493150 0.5144230769230769 0.0261130136986301 0.0336538461538462
1 0.7457191780821918 0.4800480769230769 0.0269691780821918 0.0300480769230769
1 0.7893835616438356 0.5132211538461539 0.0453767123287671 0.0266826923076923
1 0.7915239726027398 0.4822115384615385 0.0586472602739726 0.0199519230769231
1 0.8574486301369864 0.5151442307692308 0.0410958904109589 0.0278846153846154
1 0.8600171232876712 0.4829326923076923 0.0466609589041096 0.0310096153846154
1 0.7898116438356164 0.4536057692307692 0.0509417808219178 0.0269230769230769
1 0.9178082191780822 0.5081730769230769 0.0719178082191781 0.0334134615384615
1 0.9323630136986302 0.4757211538461538 0.0886130136986301 0.0189903846153846
1 0.9238013698630136 0.6026442307692308 0.0800513698630137 0.0233173076923077
1 0.9280821917808220 0.5778846153846153 0.0839041095890411 0.0194711538461538
1 0.9404965753424658 0.5550480769230769 0.0916095890410959 0.0187500000000000
1 0.7709760273972602 0.6009615384615384 0.0556506849315068 0.0245192307692308
1 0.8471746575342466 0.6000000000000000 0.0590753424657534 0.0250000000000000
1 0.8454623287671232 0.5694711538461539 0.0599315068493151 0.0240384615384615
1 0.7679794520547946 0.5730769230769230 0.0625000000000000 0.0218750000000000
1 0.7701198630136986 0.5444711538461539 0.0582191780821918 0.0266826923076923
1 0.7020547945205480 0.6026442307692308 0.0595034246575342 0.0209134615384615
1 0.6678082191780822 0.4802884615384616 0.1202910958904110 0.0343750000000000
1 0.5436643835616438 0.4625000000000000 0.0244006849315068 0.0401442307692308
1 0.5749143835616438 0.5103365384615385 0.0650684931506849 0.0377403846153846
1 0.4961472602739726 0.4728365384615384 0.0659246575342466 0.0396634615384615
1 0.8026541095890410 0.1072115384615385 0.0590753424657534 0.0372596153846154
1 0.7928082191780822 0.0701923076923077 0.0650684931506849 0.0302884615384615
1 0.6553938356164384 0.0740384615384615 0.1917808219178082 0.0355769230769231
1 0.6601027397260274 0.1141826923076923 0.1973458904109589 0.0341346153846154
1 0.4375000000000000 0.1206730769230769 0.0766267123287671 0.0350961538461538
1 0.5179794520547946 0.1194711538461539 0.0757705479452055 0.0326923076923077
1 0.5154109589041096 0.0771634615384615 0.0749143835616438 0.0350961538461538
1 0.4362157534246575 0.0810096153846154 0.0783390410958904 0.0302884615384615
1 0.3458904109589041 0.0783653846153846 0.1031678082191781 0.0396634615384615
1 0.6416952054794520 0.7317307692307692 0.0954623287671233 0.0307692307692308
1 0.3493150684931507 0.1230769230769231 0.0886130136986301 0.0401442307692308
1 0.2388698630136986 0.0829326923076923 0.0984589041095890 0.0403846153846154
1 0.3082191780821918 0.4300480769230769 0.0663527397260274 0.0257211538461538
1 0.3630136986301370 0.3963942307692307 0.0684931506849315 0.0302884615384615
1 0.2829623287671233 0.4024038461538462 0.0749143835616438 0.0278846153846154
1 0.3236301369863014 0.4882211538461538 0.0881849315068493 0.0269230769230769
1 0.3321917808219178 0.5206730769230770 0.0869006849315068 0.0235576923076923
1 0.4208047945205479 0.5194711538461538 0.0689212328767123 0.0221153846153846
1 0.4195205479452055 0.4908653846153846 0.0787671232876712 0.0225961538461538
1 0.5000000000000000 0.5127403846153846 0.0693493150684932 0.0350961538461538
1 0.2448630136986301 0.1266826923076923 0.1010273972602740 0.0353365384615385
1 0.7898116438356164 0.7043269230769231 0.0980308219178082 0.0225961538461538
1 0.9118150684931506 0.7362980769230769 0.0984589041095890 0.0192307692307692
1 0.2816780821917808 0.3004807692307692 0.0719178082191781 0.0302884615384615
1 0.8946917808219178 0.2185096153846154 0.0684931506849315 0.0295673076923077
1 0.9032534246575342 0.1778846153846154 0.0560787671232877 0.0346153846153846
1 0.9747431506849316 0.1932692307692308 0.0535102739726027 0.0632211538461538
1 0.3672945205479452 0.3353365384615384 0.0603595890410959 0.0326923076923077
1 0.2966609589041096 0.3387019230769231 0.0761986301369863 0.0322115384615385
1 0.3617294520547945 0.2973557692307692 0.0744863013698630 0.0312500000000000
1 0.4413527397260274 0.2968750000000000 0.0753424657534247 0.0305288461538462
1 0.5214041095890410 0.2944711538461539 0.0779109589041096 0.0329326923076923
1 0.5286815068493150 0.3298076923076923 0.0710616438356164 0.0264423076923077
1 0.6211472602739726 0.3283653846153846 0.1104452054794521 0.0283653846153846
1 0.6352739726027398 0.2925480769230769 0.1348458904109589 0.0338942307692308
1 0.7033390410958904 0.3262019230769231 0.0406678082191781 0.0290865384615385
1 0.7598458904109590 0.3163461538461538 0.0547945205479452 0.0379807692307692
1 0.9379280821917808 0.3180288461538461 0.1250000000000000 0.0175480769230769
1 0.9387842465753424 0.2848557692307692 0.1228595890410959 0.0278846153846154
1 0.8351883561643836 0.3552884615384616 0.0483732876712329 0.0149038461538462
1 0.7714041095890410 0.3600961538461538 0.0654965753424658 0.0295673076923077
1 0.7756849315068494 0.3911057692307692 0.0654965753424658 0.0245192307692308
1 0.7722602739726028 0.4197115384615385 0.0625000000000000 0.0266826923076923
1 0.8463184931506850 0.4182692307692308 0.0620719178082192 0.0283653846153846
1 0.8467465753424658 0.3872596153846154 0.0582191780821918 0.0290865384615385
1 0.9452054794520548 0.4168269230769231 0.1095890410958904 0.0161057692307692
1 0.9533390410958904 0.3947115384615384 0.0958904109589041 0.0221153846153846
1 0.9533390410958904 0.3612980769230769 0.0958904109589041 0.0317307692307692
1 0.6322773972602740 0.3627403846153846 0.1147260273972603 0.0319711538461538
1 0.7127568493150684 0.4088942307692308 0.0380993150684932 0.0579326923076923
1 0.6262842465753424 0.4112980769230769 0.1083047945205479 0.0552884615384615
1 0.5149828767123288 0.3819711538461538 0.0650684931506849 0.0254807692307692
1 0.5376712328767124 0.4245192307692308 0.0637842465753425 0.0264423076923077
1 0.8270547945205480 0.2182692307692308 0.0488013698630137 0.0338942307692308
1 0.8326198630136986 0.1810096153846154 0.0676369863013699 0.0362980769230769
1 0.6395547945205480 0.5747596153846154 0.0573630136986301 0.0225961538461538
