1 0.7671232876712328 0.2204326923076923 0.0547945205479452 0.1170673076923077
1 0.8377568493150684 0.2182692307692308 0.0770547945205479 0.1225961538461538
1 0.9452054794520548 0.2245192307692308 0.0410958904109589 0.0810096153846154
1 0.4888698630136986 0.3218750000000000 0.0616438356164384 0.0483173076923077
1 0.5732020547945206 0.3449519230769231 0.0680650684931507 0.0692307692307692
1 0.6579623287671232 0.3435096153846154 0.0607876712328767 0.0742788461538462
1 0.7298801369863014 0.3651442307692307 0.0466609589041096 0.0334134615384615
1 0.7851027397260274 0.3533653846153846 0.0513698630136986 0.0615384615384615
1 0.8672945205479452 0.3471153846153846 0.0659246575342466 0.0737980769230769
1 0.9353595890410958 0.3091346153846154 0.0308219178082192 0.0521634615384615
1 0.9760273972602740 0.3100961538461539 0.0372431506849315 0.0490384615384615
1 0.9225171232876712 0.3843750000000000 0.0359589041095890 0.0348557692307692
1 0.5766267123287672 0.7675480769230769 0.0269691780821918 0.0346153846153846
1 0.9653253424657534 0.3836538461538462 0.0380993150684932 0.0334134615384615
1 0.0689212328767123 0.3754807692307692 0.0500856164383562 0.0365384615384615
1 0.1262842465753425 0.3783653846153846 0.0453767123287671 0.0324519230769231
1 0.1947773972602740 0.4038461538461539 0.0505136986301370 0.0389423076923077
1 0.2602739726027397 0.4028846153846154 0.0667808219178082 0.0396634615384615
1 0.3202054794520548 0.4026442307692308 0.0419520547945205 0.0365384615384615
1 0.3942636986301370 0.4028846153846154 0.0757705479452055 0.0370192307692308
1 0.4884417808219178 0.4031250000000000 0.0702054794520548 0.0375000000000000
1 0.5646404109589042 0.4439903846153846 0.0547945205479452 0.0627403846153846
1 0.6322773972602740 0.4471153846153846 0.0539383561643836 0.0637019230769231
1 0.7003424657534246 0.4451923076923077 0.0586472602739726 0.0620192307692308
1 0.7666952054794520 0.4451923076923077 0.0586472602739726 0.0620192307692308
1 0.6952054794520548 0.2163461538461539 0.0479452054794521 0.1141826923076923
1 0.6258561643835616 0.2237980769230769 0.0496575342465753 0.1064903846153846
1 0.5565068493150684 0.2312500000000000 0.0428082191780822 0.0843750000000000
1 0.3137842465753425 0.3247596153846154 0.0556506849315068 0.0463942307692308
1 0.4884417808219178 0.6824519230769230 0.0877568493150685 0.0353365384615385
1 0.3946917808219178 0.6776442307692307 0.0723458904109589 0.0377403846153846
1 0.2577054794520548 0.6920673076923077 0.0458047945205479 0.0317307692307692
1 0.2033390410958904 0.6915865384615385 0.0496575342465753 0.0331730769230769
1 0.1031678082191781 0.6754807692307693 0.0706335616438356 0.0185096153846154
1 0.1083047945205479 0.6516826923076923 0.0672089041095890 0.0153846153846154
1 0.1083047945205479 0.5906250000000000 0.0937500000000000 0.0240384615384615
1 0.2696917808219178 0.6120192307692308 0.0505136986301370 0.0471153846153846
1 0.1883561643835616 0.6098557692307692 0.0505136986301370 0.0483173076923077
1 0.8142123287671232 0.6112980769230769 0.0393835616438356 0.0536057692307692
1 0.7636986301369864 0.6105769230769231 0.0440924657534247 0.0466346153846154
1 0.7089041095890410 0.6168269230769231 0.0445205479452055 0.0396634615384615
1 0.8150684931506850 0.4437500000000000 0.0235445205479452 0.0591346153846154
1 0.6553938356164384 0.6146634615384615 0.0432363013698630 0.0427884615384615
1 0.9708904109589042 0.6158653846153846 0.0265410958904110 0.0329326923076923
1 0.9387842465753424 0.6187500000000000 0.0239726027397260 0.0283653846153846
1 0.8621575342465754 0.6579326923076924 0.0475171232876712 0.0526442307692308
1 0.9062500000000000 0.6358173076923077 0.0342465753424658 0.0483173076923077
1 0.8951198630136986 0.5865384615384616 0.0338184931506849 0.0158653846153846
1 0.4276541095890411 0.2557692307692307 0.0723458904109589 0.0293269230769231
1 0.0295376712328767 0.2973557692307692 0.0325342465753425 0.0456730769230769
1 0.0654965753424658 0.2966346153846154 0.0261130136986301 0.0521634615384615
1 0.0937500000000000 0.2983173076923077 0.0205479452054795 0.0454326923076923
1 0.1224315068493151 0.2985576923076923 0.0295376712328767 0.0536057692307692
1 0.1806506849315068 0.3216346153846154 0.0577910958904110 0.0526442307692308
1 0.2448630136986301 0.3228365384615385 0.0543664383561644 0.0475961538461538
1 0.6070205479452054 0.6173076923076923 0.0389554794520548 0.0427884615384615
1 0.8416095890410958 0.4447115384615384 0.0235445205479452 0.0610576923076923
1 0.8720034246575342 0.4459134615384616 0.0278253424657534 0.0665865384615385
1 0.9220890410958904 0.4382211538461538 0.0355308219178082 0.0338942307692308
1 0.6986301369863014 0.6901442307692308 0.0509417808219178 0.0379807692307692
1 0.7517123287671232 0.6911057692307693 0.0380993150684932 0.0353365384615385
1 0.8501712328767124 0.6935096153846154 0.0500856164383562 0.0173076923076923
1 0.9019691780821918 0.6855769230769231 0.0261130136986301 0.0312500000000000
1 0.9743150684931506 0.6838942307692307 0.0333904109589041 0.0329326923076923
1 0.7183219178082192 0.7593750000000000 0.0329623287671233 0.0576923076923077
1 0.7594178082191780 0.7588942307692308 0.0312500000000000 0.0466346153846154
1 0.8150684931506850 0.7526442307692308 0.0273972602739726 0.0490384615384615
1 0.8574486301369864 0.7526442307692308 0.0466609589041096 0.0545673076923077
1 0.9139554794520548 0.7543269230769231 0.0496575342465753 0.0524038461538462
1 0.9533390410958904 0.7581730769230769 0.0269691780821918 0.0355769230769231
1 0.9803082191780822 0.7468750000000000 0.0231164383561644 0.0475961538461538
1 0.6348458904109590 0.6867788461538461 0.0590753424657534 0.0439903846153846
1 0.0402397260273973 0.1937500000000000 0.0629280821917808 0.0884615384615385
1 0.2542808219178082 0.2468750000000000 0.0603595890410959 0.0437500000000000
1 0.3253424657534247 0.2459134615384615 0.0654965753424658 0.0519230769230769
1 0.3797089041095890 0.2572115384615384 0.0158390410958904 0.0300480769230769
1 0.0406678082191781 0.7451923076923077 0.0813356164383562 0.0814903846153846
1 0.1262842465753425 0.7461538461538462 0.0680650684931507 0.0882211538461539
1 0.2059075342465753 0.7807692307692308 0.0552226027397260 0.0384615384615385
1 0.2624143835616438 0.7776442307692307 0.0458047945205479 0.0350961538461538
1 0.3381849315068493 0.7665865384615385 0.0642123287671233 0.0399038461538462
1 0.3343321917808219 0.7322115384615384 0.0702054794520548 0.0158653846153846
1 0.6759417808219178 0.7557692307692307 0.0308219178082192 0.0555288461538462
1 0.6446917808219178 0.7569711538461539 0.0256849315068493 0.0507211538461538
1 0.6164383561643836 0.7617788461538462 0.0312500000000000 0.0526442307692308
1 0.1875000000000000 0.2483173076923077 0.0672089041095890 0.0444711538461538
1 0.4833047945205479 0.7728365384615384 0.0646404109589041 0.0302884615384615
1 0.5723458904109590 0.6894230769230769 0.0573630136986301 0.0415865384615385
1 0.9238013698630136 0.5516826923076923 0.0295376712328767 0.0406250000000000
1 0.9567636986301370 0.4367788461538462 0.0252568493150685 0.0331730769230769
1 0.9884417808219178 0.4360576923076923 0.0265410958904110 0.0367788461538462
1 0.0278253424657534 0.4495192307692308 0.0513698630136986 0.0509615384615385
1 0.1215753424657534 0.4567307692307692 0.0539383561643836 0.0411057692307692
1 0.1857876712328767 0.4795673076923077 0.0453767123287671 0.0420673076923077
1 0.2367294520547945 0.4829326923076923 0.0423801369863014 0.0338942307692308
1 0.2868150684931507 0.4762019230769231 0.0415239726027397 0.0403846153846154
1 0.3373287671232877 0.4771634615384616 0.0453767123287671 0.0425480769230769
1 0.3929794520547945 0.4778846153846154 0.0376712328767123 0.0461538461538462
1 0.4422089041095890 0.4752403846153846 0.0436643835616438 0.0456730769230769
1 0.5025684931506850 0.4723557692307692 0.0496575342465753 0.0471153846153846
1 0.0273972602739726 0.5269230769230769 0.0368150684931507 0.0454326923076923
1 0.3210616438356164 0.6848557692307692 0.0526541095890411 0.0372596153846154
1 0.0800513698630137 0.5257211538461538 0.0547945205479452 0.0475961538461538
1 0.2397260273972603 0.5403846153846154 0.0483732876712329 0.0526442307692308
1 0.2932363013698630 0.5399038461538461 0.0363869863013699 0.0415865384615385
1 0.3416095890410959 0.5408653846153846 0.0449486301369863 0.0411057692307692
1 0.4066780821917808 0.5396634615384616 0.0607876712328767 0.0461538461538462
1 0.4880136986301370 0.5411057692307693 0.0869006849315068 0.0391826923076923
1 0.5881849315068494 0.5312500000000000 0.0757705479452055 0.0711538461538462
1 0.6879280821917808 0.5396634615384616 0.0774828767123288 0.0509615384615385
1 0.7598458904109590 0.5403846153846154 0.0445205479452055 0.0572115384615385
1 0.8030821917808220 0.5461538461538461 0.0256849315068493 0.0442307692307692
1 0.8398972602739726 0.5454326923076923 0.0291095890410959 0.0403846153846154
1 0.9636130136986302 0.4901442307692307 0.0256849315068493 0.0134615384615385
1 0.9473458904109590 0.5153846153846153 0.0372431506849315 0.0271634615384615
1 0.1823630136986301 0.5372596153846154 0.0436643835616438 0.0437500000000000
1 0.9383561643835616 0.6865384615384615 0.0278253424657534 0.0355769230769231
1 0.5483732876712328 0.6230769230769231 0.0402397260273973 0.0300480769230769
