1 0.1699074074074074 0.2130208333333333 0.0504629629629630 0.0351562500000000
1 0.9680555555555556 0.1994791666666667 0.0310185185185185 0.0656250000000000
1 0.0291666666666667 0.2049479166666667 0.0537037037037037 0.0622395833333333
1 0.0476851851851852 0.2854166666666667 0.0578703703703704 0.0388020833333333
1 0.1578703703703704 0.2927083333333333 0.0305555555555556 0.0674479166666667
1 0.1902777777777778 0.2921875000000000 0.0296296296296296 0.0687500000000000
1 0.2259259259259259 0.2997395833333333 0.0379629629629630 0.0552083333333333
1 0.2912037037037037 0.3072916666666667 0.0754629629629630 0.0390625000000000
1 0.2384259259259259 0.2096354166666667 0.0810185185185185 0.0140625000000000
1 0.0981481481481482 0.2072916666666667 0.0643518518518519 0.0669270833333333
1 0.2407407407407407 0.2247395833333333 0.0851851851851852 0.0158854166666667
1 0.7087962962962963 0.2096354166666667 0.0407407407407407 0.0453125000000000
1 0.3550925925925926 0.2236979166666667 0.0453703703703704 0.0182291666666667
1 0.4055555555555556 0.2023437500000000 0.0305555555555556 0.0596354166666667
1 0.4523148148148148 0.2059895833333333 0.0388888888888889 0.0523437500000000
1 0.5027777777777778 0.1960937500000000 0.0513888888888889 0.0734375000000000
1 0.5546296296296296 0.2075520833333333 0.0310185185185185 0.0531250000000000
1 0.5828703703703704 0.2091145833333333 0.0189814814814815 0.0463541666666667
1 0.6277777777777778 0.2072916666666667 0.0231481481481481 0.0500000000000000
1 0.6652777777777777 0.2093750000000000 0.0425925925925926 0.0453125000000000
1 0.3532407407407407 0.2971354166666667 0.0337962962962963 0.0572916666666667
1 0.7518518518518519 0.2101562500000000 0.0416666666666667 0.0437500000000000
1 0.7990740740740740 0.2091145833333333 0.0421296296296296 0.0463541666666667
1 0.8407407407407408 0.2088541666666667 0.0398148148148148 0.0458333333333333
1 0.3060185185185185 0.2010416666666667 0.0453703703703704 0.0596354166666667
1 0.3879629629629630 0.2976562500000000 0.0342592592592593 0.0559895833333333
1 0.8740740740740741 0.2953125000000000 0.0560185185185185 0.0244791666666667
1 0.4500000000000000 0.3010416666666667 0.0310185185185185 0.0552083333333333
1 0.5425925925925926 0.3690104166666667 0.0791666666666667 0.0114583333333333
1 0.5444444444444444 0.3804687500000000 0.0740740740740741 0.0104166666666667
1 0.5435185185185185 0.3937500000000000 0.0722222222222222 0.0132812500000000
1 0.5953703703703703 0.3776041666666667 0.0226851851851852 0.0432291666666667
1 0.6402777777777777 0.3809895833333333 0.0615740740740741 0.0114583333333333
1 0.6412037037037037 0.3945312500000000 0.0629629629629630 0.0119791666666667
1 0.6888888888888889 0.3731770833333333 0.0259259259259259 0.0533854166666667
1 0.7203703703703703 0.3726562500000000 0.0254629629629630 0.0520833333333333
1 0.5972222222222222 0.4966145833333334 0.0472222222222222 0.0080729166666667
1 0.5995370370370371 0.5057291666666667 0.0481481481481481 0.0091145833333333
1 0.9620370370370370 0.3455729166666667 0.0486111111111111 0.0317708333333333
1 0.9078703703703703 0.3252604166666667 0.0462962962962963 0.0078125000000000
1 0.9064814814814814 0.3468750000000000 0.0439814814814815 0.0317708333333333
1 0.8606481481481482 0.3466145833333333 0.0421296296296296 0.0315104166666667
1 0.9421296296296297 0.2815104166666667 0.0722222222222222 0.0140625000000000
1 0.9453703703703704 0.2981770833333333 0.0754629629629630 0.0182291666666667
1 0.8754629629629630 0.2687500000000000 0.0541666666666667 0.0247395833333333
1 0.8837962962962963 0.2023437500000000 0.0245370370370370 0.0570312500000000
1 0.8106481481481481 0.2960937500000000 0.0486111111111111 0.0239583333333333
1 0.7527777777777778 0.3080729166666666 0.0305555555555556 0.0382812500000000
1 0.7129629629629629 0.3000000000000000 0.0444444444444444 0.0364583333333333
1 0.6597222222222222 0.3148437500000000 0.0541666666666667 0.0255208333333333
1 0.6060185185185185 0.3059895833333333 0.0527777777777778 0.0414062500000000
1 0.5495370370370370 0.3075520833333333 0.0500000000000000 0.0398437500000000
1 0.4939814814814815 0.2971354166666667 0.0546296296296296 0.0575520833333333
1 0.4203703703703704 0.3007812500000000 0.0268518518518519 0.0526041666666667
1 0.9087962962962963 0.2044270833333333 0.0236111111111111 0.0562500000000000
1 0.7962962962962963 0.0723958333333333 0.0412037037037037 0.0489583333333333
1 0.9777777777777777 0.0263020833333333 0.0458333333333333 0.0289062500000000
1 0.1263888888888889 0.0690104166666667 0.0740740740740741 0.0515625000000000
1 0.0449074074074074 0.0653645833333333 0.0773148148148148 0.0544270833333333
1 0.0726851851851852 0.3627604166666666 0.1324074074074074 0.0588541666666667
1 0.1050925925925926 0.4390625000000000 0.0782407407407407 0.0632812500000000
1 0.0310185185185185 0.4367187500000000 0.0574074074074074 0.0653645833333333
1 0.2481481481481481 0.5093750000000000 0.0523148148148148 0.0257812500000000
1 0.3106481481481482 0.5114583333333333 0.0671296296296296 0.0231770833333333
1 0.3736111111111111 0.5093750000000000 0.0518518518518519 0.0236979166666667
1 0.4291666666666666 0.5083333333333333 0.0527777777777778 0.0239583333333333
1 0.4740740740740741 0.5036458333333333 0.0319444444444444 0.0367187500000000
1 0.5032407407407408 0.5033854166666667 0.0259259259259259 0.0354166666666667
1 0.5282407407407408 0.5023437500000000 0.0203703703703704 0.0335937500000000
1 0.2083333333333333 0.0460937500000000 0.0671296296296296 0.0656250000000000
1 0.5560185185185185 0.5036458333333333 0.0300925925925926 0.0361979166666667
1 0.7245370370370371 0.5033854166666667 0.0254629629629630 0.0354166666666667
1 0.7796296296296297 0.3450520833333333 0.0550925925925926 0.0236979166666667
1 0.7750000000000000 0.3664062500000000 0.0490740740740741 0.0156250000000000
1 0.7699074074074074 0.3822916666666666 0.0472222222222222 0.0143229166666667
1 0.7740740740740740 0.3997395833333333 0.0439814814814815 0.0177083333333333
1 0.8157407407407408 0.4682291666666666 0.0495370370370370 0.0252604166666667
1 0.4495370370370370 0.7585937500000000 0.0384259259259259 0.0473958333333333
1 0.0800925925925926 0.7539062500000000 0.0314814814814815 0.0328125000000000
1 0.0078703703703704 0.7505208333333333 0.0162037037037037 0.0432291666666667
1 0.0356481481481482 0.7515625000000000 0.0337962962962963 0.0401041666666667
1 0.8134259259259259 0.4934895833333333 0.0537037037037037 0.0231770833333333
1 0.8736111111111111 0.4669270833333333 0.0634259259259259 0.0236979166666667
1 0.6092592592592593 0.5169270833333334 0.0675925925925926 0.0127604166666667
1 0.9337962962962963 0.2018229166666667 0.0212962962962963 0.0611979166666667
1 0.2685185185185185 0.0851562500000000 0.0476851851851852 0.0239583333333333
1 0.2675925925925926 0.0354166666666667 0.0458333333333333 0.0231770833333333
1 0.9773148148148149 0.0544270833333333 0.0444444444444444 0.0270833333333333
1 0.9791666666666666 0.0825520833333333 0.0444444444444444 0.0263020833333333
1 0.9236111111111112 0.0260416666666667 0.0569444444444444 0.0283854166666667
1 0.9231481481481482 0.0554687500000000 0.0606481481481481 0.0270833333333333
1 0.9263888888888889 0.0835937500000000 0.0587962962962963 0.0257812500000000
1 0.8708333333333333 0.0710937500000000 0.0365740740740741 0.0513020833333333
1 0.8347222222222223 0.0710937500000000 0.0324074074074074 0.0510416666666667
1 0.4782407407407407 0.3958333333333333 0.0518518518518519 0.0091145833333333
1 0.7393518518518518 0.0572916666666667 0.0597222222222222 0.0281250000000000
1 0.7430555555555556 0.0843750000000000 0.0583333333333333 0.0223958333333333
1 0.6750000000000000 0.0731770833333333 0.0717592592592593 0.0075520833333333
1 0.6754629629629629 0.0796875000000000 0.0763888888888889 0.0059895833333333
1 0.2685185185185185 0.0601562500000000 0.0476851851851852 0.0247395833333333
1 0.6754629629629629 0.0856770833333333 0.0763888888888889 0.0057291666666667
1 0.6189814814814815 0.0726562500000000 0.0361111111111111 0.0468750000000000
1 0.5819444444444445 0.0721354166666667 0.0347222222222222 0.0460937500000000
1 0.5462962962962963 0.0729166666666667 0.0356481481481482 0.0455729166666667
1 0.5064814814814815 0.0739583333333333 0.0370370370370370 0.0424479166666667
1 0.4685185185185185 0.0736979166666667 0.0356481481481482 0.0427083333333333
1 0.4240740740740740 0.0440104166666667 0.0467592592592593 0.0356770833333333
1 0.4236111111111111 0.0796875000000000 0.0500000000000000 0.0325520833333333
1 0.3694444444444445 0.0382812500000000 0.0532407407407407 0.0382812500000000
1 0.3703703703703703 0.0778645833333333 0.0550925925925926 0.0382812500000000
1 0.3143518518518518 0.0320312500000000 0.0444444444444444 0.0257812500000000
1 0.3175925925925926 0.0585937500000000 0.0476851851851852 0.0260416666666667
1 0.3175925925925926 0.0848958333333333 0.0472222222222222 0.0236979166666667
1 0.6754629629629629 0.0921875000000000 0.0768518518518519 0.0072916666666667
1 0.4805555555555556 0.3867187500000000 0.0523148148148148 0.0111979166666667
1 0.2087962962962963 0.3736979166666667 0.0379629629629630 0.0541666666666667
1 0.4101851851851852 0.3848958333333333 0.0189814814814815 0.0286458333333333
1 0.9842592592592593 0.6846354166666667 0.0342592592592593 0.0385416666666667
1 0.9555555555555556 0.6903645833333333 0.0231481481481481 0.0283854166666667
1 0.9268518518518518 0.6898437500000000 0.0291666666666667 0.0273437500000000
1 0.9828703703703704 0.6182291666666667 0.0328703703703704 0.0421875000000000
1 0.9398148148148148 0.6197916666666666 0.0546296296296296 0.0382812500000000
1 0.8875000000000000 0.6236979166666666 0.0402777777777778 0.0338541666666667
1 0.8319444444444445 0.6299479166666667 0.0222222222222222 0.0252604166666667
1 0.8467592592592592 0.6078125000000000 0.0305555555555556 0.0187500000000000
1 0.7837962962962963 0.6169270833333333 0.0361111111111111 0.0398437500000000
1 0.7370370370370370 0.6231770833333333 0.0500000000000000 0.0356770833333333
1 0.6833333333333333 0.6221354166666667 0.0490740740740741 0.0356770833333333
1 0.6291666666666667 0.6236979166666666 0.0518518518518519 0.0341145833333333
1 0.4629629629629630 0.6226562500000000 0.0523148148148148 0.0106770833333333
1 0.4629629629629630 0.6343750000000000 0.0564814814814815 0.0101562500000000
1 0.4069444444444444 0.6255208333333333 0.0509259259259259 0.0234375000000000
1 0.3527777777777778 0.6265625000000000 0.0541666666666667 0.0231770833333333
1 0.2962962962962963 0.6281250000000000 0.0555555555555556 0.0289062500000000
1 0.2388888888888889 0.6273437500000000 0.0523148148148148 0.0244791666666667
1 0.1805555555555556 0.6130208333333333 0.0504629629629630 0.0127604166666667
1 0.1810185185185185 0.6263020833333334 0.0467592592592593 0.0106770833333333
1 0.1833333333333333 0.6375000000000000 0.0555555555555556 0.0114583333333333
1 0.1314814814814815 0.5976562500000000 0.0453703703703704 0.0492187500000000
1 0.0916666666666667 0.5955729166666667 0.0347222222222222 0.0450520833333333
1 0.0337962962962963 0.5966145833333333 0.0384259259259259 0.0447916666666667
1 0.1407407407407407 0.5210937500000000 0.0342592592592593 0.0687500000000000
1 0.8379629629629629 0.6875000000000000 0.0435185185185185 0.0325520833333333
1 0.4370370370370371 0.3872395833333334 0.0300925925925926 0.0263020833333333
1 0.7930555555555555 0.6893229166666667 0.0425925925925926 0.0333333333333333
1 0.6601851851851852 0.6903645833333333 0.0671296296296296 0.0281250000000000
1 0.4537037037037037 0.6882812500000000 0.0634259259259259 0.0265625000000000
1 0.4046296296296296 0.7440104166666667 0.0421296296296296 0.0369791666666667
1 0.4884259259259259 0.7580729166666667 0.0342592592592593 0.0440104166666667
1 0.5217592592592593 0.7575520833333333 0.0356481481481482 0.0429687500000000
1 0.5597222222222222 0.7505208333333333 0.0412037037037037 0.0552083333333333
1 0.5990740740740741 0.7559895833333333 0.0347222222222222 0.0424479166666667
1 0.6421296296296296 0.7645833333333333 0.0481481481481481 0.0302083333333333
1 0.6861111111111111 0.7625000000000000 0.0333333333333333 0.0315104166666667
1 0.2842592592592593 0.7526041666666666 0.0449074074074074 0.0544270833333333
1 0.2356481481481481 0.7520833333333333 0.0407407407407407 0.0557291666666667
1 0.1935185185185185 0.7479166666666667 0.0337962962962963 0.0502604166666667
1 0.1597222222222222 0.7562500000000000 0.0250000000000000 0.0401041666666667
1 0.1305555555555556 0.7585937500000000 0.0268518518518519 0.0354166666666667
1 0.7976851851851852 0.7604166666666666 0.0486111111111111 0.0320312500000000
1 0.8583333333333333 0.7523437500000000 0.0537037037037037 0.0588541666666667
1 0.9180555555555555 0.7526041666666666 0.0587962962962963 0.0596354166666667
1 0.9740740740740741 0.7442708333333333 0.0523148148148148 0.0309895833333333
1 0.8851851851851852 0.6830729166666667 0.0486111111111111 0.0424479166666667
1 0.0921296296296296 0.6773437500000000 0.0435185185185185 0.0549479166666667
1 0.0416666666666667 0.6786458333333333 0.0490740740740741 0.0552083333333333
1 0.2046296296296296 0.6882812500000000 0.0898148148148148 0.0361979166666667
1 0.3032407407407408 0.6760416666666667 0.0652777777777778 0.0356770833333333
1 0.3787037037037037 0.6942708333333333 0.0796296296296296 0.0239583333333333
1 0.5212962962962963 0.6908854166666667 0.0666666666666667 0.0294270833333333
1 0.5902777777777778 0.6924479166666667 0.0680555555555555 0.0322916666666667
1 0.7333333333333333 0.6958333333333333 0.0685185185185185 0.0223958333333333
1 0.1805555555555556 0.5747395833333333 0.0416666666666667 0.0273437500000000
1 0.1087962962962963 0.5213541666666667 0.0300925925925926 0.0716145833333333
1 0.2768518518518518 0.5505208333333333 0.0384259259259259 0.0192708333333333
1 0.5120370370370371 0.4494791666666667 0.0351851851851852 0.0427083333333333
1 0.4662037037037037 0.4494791666666667 0.0370370370370370 0.0455729166666667
1 0.7671296296296296 0.4346354166666667 0.0462962962962963 0.0130208333333333
1 0.7675925925925926 0.4507812500000000 0.0472222222222222 0.0166666666666667
1 0.7666666666666667 0.4695312500000000 0.0453703703703704 0.0182291666666667
1 0.7638888888888888 0.4875000000000000 0.0444444444444444 0.0156250000000000
1 0.7625000000000000 0.5197916666666667 0.0453703703703704 0.0158854166666667
1 0.7569444444444444 0.5364583333333334 0.0472222222222222 0.0153645833333333
1 0.4254629629629630 0.4502604166666667 0.0328703703703704 0.0398437500000000
1 0.3893518518518518 0.4502604166666667 0.0328703703703704 0.0398437500000000
1 0.3523148148148148 0.4486979166666666 0.0351851851851852 0.0440104166666667
1 0.3138888888888889 0.4494791666666667 0.0356481481481482 0.0453125000000000
1 0.2777777777777778 0.4497395833333334 0.0351851851851852 0.0434895833333333
1 0.2407407407407407 0.4481770833333333 0.0342592592592593 0.0429687500000000
1 0.1851851851851852 0.4656250000000000 0.0722222222222222 0.0106770833333333
1 0.1708333333333333 0.4434895833333333 0.0347222222222222 0.0307291666666667
1 0.1666666666666667 0.3690104166666667 0.0388888888888889 0.0596354166666667
1 0.2555555555555555 0.3872395833333334 0.0300925925925926 0.0075520833333333
1 0.2532407407407408 0.3960937500000000 0.0337962962962963 0.0078125000000000
1 0.2828703703703704 0.3695312500000000 0.0291666666666667 0.0197916666666667
1 0.2851851851851852 0.3903645833333333 0.0263888888888889 0.0203125000000000
1 0.3194444444444444 0.3776041666666667 0.0379629629629630 0.0455729166666667
1 0.3500000000000000 0.3794270833333334 0.0175925925925926 0.0395833333333333
1 0.3685185185185185 0.3794270833333334 0.0171296296296296 0.0395833333333333
1 0.3902777777777778 0.3843750000000000 0.0180555555555556 0.0302083333333333
1 0.2351851851851852 0.5692708333333333 0.0356481481481482 0.0281250000000000
1 0.5847222222222223 0.4502604166666667 0.0351851851851852 0.0424479166666667
1 0.5495370370370370 0.4505208333333333 0.0337962962962963 0.0427083333333333
1 0.6550925925925926 0.4476562500000000 0.0314814814814815 0.0437500000000000
1 0.2717592592592593 0.5763020833333333 0.0319444444444444 0.0286458333333333
1 0.3101851851851852 0.5752604166666667 0.0365740740740741 0.0283854166666667
1 0.3990740740740741 0.5677083333333334 0.0356481481481482 0.0442708333333333
1 0.4333333333333333 0.5679687500000000 0.0189814814814815 0.0450520833333333
1 0.5004629629629630 0.5658854166666667 0.0717592592592593 0.0096354166666667
1 0.5138888888888888 0.5776041666666667 0.0685185185185185 0.0088541666666667
1 0.5986111111111111 0.5583333333333333 0.0462962962962963 0.0088541666666667
1 0.5888888888888889 0.5773437500000000 0.0699074074074074 0.0231770833333333
1 0.3615740740740740 0.5742187500000000 0.0245370370370370 0.0309895833333333
1 0.0472222222222222 0.5143229166666666 0.0314814814814815 0.0619791666666667
1 0.6203703703703703 0.4484375000000000 0.0342592592592593 0.0453125000000000
1 0.6629629629629630 0.5765625000000000 0.0685185185185185 0.0216145833333333
1 0.6685185185185185 0.5604166666666667 0.0712962962962963 0.0085937500000000
1 0.8125000000000000 0.5596354166666667 0.0731481481481481 0.0257812500000000
1 0.7185185185185186 0.4458333333333334 0.0388888888888889 0.0473958333333333
1 0.8106481481481481 0.4166666666666667 0.0273148148148148 0.0351562500000000
1 0.7666666666666667 0.4184895833333334 0.0458333333333333 0.0192708333333333
1 0.7342592592592593 0.5765625000000000 0.0703703703703704 0.0216145833333333
1 0.9069444444444444 0.4164062500000000 0.0495370370370370 0.0367187500000000
1 0.8527777777777777 0.4156250000000000 0.0523148148148148 0.0351562500000000
1 0.9430555555555555 0.4888020833333334 0.0703703703703704 0.0283854166666667
1 0.8745370370370370 0.4919270833333333 0.0611111111111111 0.0223958333333333
1 0.1865740740740741 0.5104166666666666 0.0574074074074074 0.0236979166666667
1 0.9777777777777777 0.5572916666666666 0.0453703703703704 0.0328125000000000
1 0.9310185185185185 0.5578125000000000 0.0421296296296296 0.0338541666666667
1 0.9606481481481481 0.4169270833333333 0.0537037037037037 0.0356770833333333
1 0.7629629629629630 0.5031250000000000 0.0449074074074074 0.0158854166666667
