1 0.2109375000000000 0.8093750000000000 0.0354166666666667 0.1058593750000000
1 0.9229166666666667 0.6957031250000000 0.0432291666666667 0.1019531250000000
1 0.8708333333333333 0.7292968750000000 0.0473958333333333 0.0390625000000000
1 0.8687500000000000 0.6828125000000000 0.0427083333333333 0.0468750000000000
1 0.8239583333333333 0.6929687500000000 0.0307291666666667 0.1027343750000000
1 0.7718750000000000 0.6945312500000000 0.0411458333333333 0.0992187500000000
1 0.7135416666666666 0.7082031250000000 0.0651041666666667 0.0699218750000000
1 0.6614583333333334 0.6925781250000000 0.0348958333333333 0.1003906250000000
1 0.6213541666666667 0.6910156250000000 0.0375000000000000 0.0976562500000000
1 0.5843750000000000 0.6902343750000000 0.0302083333333333 0.0980468750000000
1 0.1770833333333333 0.8062500000000000 0.0281250000000000 0.1042968750000000
1 0.5500000000000000 0.6906250000000000 0.0354166666666667 0.0960937500000000
1 0.4578125000000000 0.6859375000000000 0.0427083333333333 0.1007812500000000
1 0.4109375000000000 0.6867187500000000 0.0385416666666667 0.0957031250000000
1 0.3692708333333333 0.6984375000000000 0.0296875000000000 0.0730468750000000
1 0.3312500000000000 0.6964843750000000 0.0432291666666667 0.0746093750000000
1 0.2411458333333333 0.8304687500000000 0.0197916666666667 0.0621093750000000
1 0.2479166666666667 0.4125000000000000 0.0416666666666667 0.0339843750000000
1 0.2640625000000000 0.8292968750000000 0.0203125000000000 0.0593750000000000
1 0.2953125000000000 0.8109375000000000 0.0317708333333333 0.0949218750000000
1 0.3302083333333333 0.8144531250000000 0.0364583333333333 0.0992187500000000
1 0.3708333333333333 0.8214843750000000 0.0416666666666667 0.0832031250000000
1 0.5062500000000000 0.6875000000000000 0.0411458333333333 0.1015625000000000
1 0.1468750000000000 0.8089843750000000 0.0281250000000000 0.1000000000000000
1 0.7942708333333334 0.8269531250000000 0.0442708333333333 0.0957031250000000
1 0.0843750000000000 0.8085937500000000 0.0218750000000000 0.0949218750000000
1 0.1197916666666667 0.2753906250000000 0.0250000000000000 0.0859375000000000
1 0.1515625000000000 0.2601562500000000 0.0317708333333333 0.1125000000000000
1 0.2005208333333333 0.2601562500000000 0.0520833333333333 0.1128906250000000
1 0.7067708333333333 0.4191406250000000 0.0307291666666667 0.1078125000000000
1 0.3109375000000000 0.2609375000000000 0.0369791666666667 0.1164062500000000
1 0.3510416666666666 0.2664062500000000 0.0380208333333333 0.1062500000000000
1 0.4369791666666666 0.2812500000000000 0.0614583333333333 0.1117187500000000
1 0.5052083333333334 0.2761718750000000 0.0640625000000000 0.0847656250000000
1 0.5656250000000000 0.2625000000000000 0.0411458333333333 0.1105468750000000
1 0.6145833333333334 0.2601562500000000 0.0458333333333333 0.1125000000000000
1 0.6588541666666666 0.2566406250000000 0.0385416666666667 0.1203125000000000
1 0.7026041666666667 0.2625000000000000 0.0395833333333333 0.1078125000000000
1 0.7609375000000000 0.2554687500000000 0.0666666666666667 0.1238281250000000
1 0.8343750000000000 0.2550781250000000 0.0666666666666667 0.1242187500000000
1 0.9026041666666667 0.2546875000000000 0.0656250000000000 0.1191406250000000
1 0.9697916666666667 0.2562500000000000 0.0593750000000000 0.1199218750000000
1 0.0260416666666667 0.4097656250000000 0.0369791666666667 0.1117187500000000
1 0.0656250000000000 0.4113281250000000 0.0359375000000000 0.1078125000000000
1 0.1119791666666667 0.4089843750000000 0.0322916666666667 0.1105468750000000
1 0.1489583333333333 0.4125000000000000 0.0359375000000000 0.1054687500000000
1 0.1916666666666667 0.4160156250000000 0.0447916666666667 0.1058593750000000
1 0.0208333333333333 0.8003906250000000 0.0265625000000000 0.0808593750000000
1 0.0552083333333333 0.8050781250000000 0.0333333333333333 0.0945312500000000
1 0.2838541666666667 0.6843750000000000 0.0411458333333333 0.0992187500000000
1 0.1135416666666667 0.8062500000000000 0.0291666666666667 0.1019531250000000
1 0.2406250000000000 0.6859375000000000 0.0369791666666667 0.1007812500000000
1 0.1510416666666667 0.6832031250000000 0.0364583333333333 0.0929687500000000
1 0.8375000000000000 0.8335937500000000 0.0343750000000000 0.0859375000000000
1 0.8739583333333333 0.8214843750000000 0.0343750000000000 0.0871093750000000
1 0.9203125000000000 0.8175781250000000 0.0505208333333333 0.0910156250000000
1 0.9776041666666667 0.8550781250000000 0.0463541666666667 0.0464843750000000
1 0.5322916666666667 0.4183593750000000 0.0390625000000000 0.1011718750000000
1 0.4312500000000000 0.5652343750000000 0.0416666666666667 0.0953125000000000
1 0.3843750000000000 0.5644531250000000 0.0401041666666667 0.0929687500000000
1 0.3401041666666667 0.5613281250000000 0.0406250000000000 0.1031250000000000
1 0.2906250000000000 0.5605468750000000 0.0437500000000000 0.1019531250000000
1 0.2411458333333333 0.5578125000000000 0.0406250000000000 0.1019531250000000
1 0.4864583333333333 0.4292968750000000 0.0489583333333333 0.0859375000000000
1 0.1958333333333333 0.5585937500000000 0.0401041666666667 0.1031250000000000
1 0.1119791666666667 0.5636718750000000 0.0390625000000000 0.0960937500000000
1 0.0708333333333333 0.5632812500000000 0.0401041666666667 0.0929687500000000
1 0.0244791666666667 0.5152343750000000 0.0489583333333333 0.0558593750000000
1 0.5854166666666667 0.4187500000000000 0.0463541666666667 0.1042968750000000
1 0.6302083333333334 0.4195312500000000 0.0359375000000000 0.1031250000000000
1 0.9692708333333333 0.4214843750000000 0.0526041666666667 0.1070312500000000
1 0.9177083333333333 0.4222656250000000 0.0453125000000000 0.1023437500000000
1 0.8656250000000000 0.4175781250000000 0.0463541666666667 0.1109375000000000
1 0.8114583333333333 0.4195312500000000 0.0567708333333333 0.1128906250000000
1 0.7531250000000000 0.4203125000000000 0.0515625000000000 0.1117187500000000
1 0.1562500000000000 0.5570312500000000 0.0348958333333333 0.1015625000000000
1 0.2005208333333333 0.6796875000000000 0.0369791666666667 0.0980468750000000
1 0.4359375000000000 0.4191406250000000 0.0317708333333333 0.1050781250000000
1 0.3348958333333333 0.4175781250000000 0.0432291666666667 0.1089843750000000
1 0.1046875000000000 0.6574218750000000 0.0505208333333333 0.0531250000000000
1 0.0494791666666667 0.6546875000000000 0.0479166666666667 0.0554687500000000
1 0.9583333333333334 0.5703125000000000 0.0562500000000000 0.1097656250000000
1 0.8947916666666667 0.5656250000000000 0.0666666666666667 0.1062500000000000
1 0.8307291666666666 0.5656250000000000 0.0536458333333333 0.1074218750000000
1 0.4145833333333334 0.8152343750000000 0.0401041666666667 0.0957031250000000
1 0.4630208333333333 0.8128906250000000 0.0411458333333333 0.1007812500000000
1 0.5062500000000000 0.8183593750000000 0.0348958333333333 0.0972656250000000
1 0.5531250000000000 0.8203125000000000 0.0385416666666667 0.0929687500000000
1 0.5942708333333333 0.8234375000000000 0.0380208333333333 0.0906250000000000
1 0.3859375000000000 0.4195312500000000 0.0369791666666667 0.1054687500000000
1 0.6375000000000000 0.8246093750000000 0.0406250000000000 0.0886718750000000
1 0.7390625000000000 0.8226562500000000 0.0489583333333333 0.1054687500000000
1 0.7713541666666667 0.5644531250000000 0.0598958333333333 0.1058593750000000
1 0.7088541666666667 0.5625000000000000 0.0557291666666667 0.1085937500000000
1 0.6541666666666667 0.5667968750000000 0.0359375000000000 0.1000000000000000
1 0.6145833333333334 0.5675781250000000 0.0369791666666667 0.1000000000000000
1 0.5723958333333333 0.5738281250000000 0.0421875000000000 0.0855468750000000
1 0.5260416666666666 0.5636718750000000 0.0453125000000000 0.0980468750000000
1 0.4791666666666667 0.5648437500000000 0.0437500000000000 0.0960937500000000
1 0.2453125000000000 0.4496093750000000 0.0536458333333333 0.0359375000000000
1 0.2942708333333333 0.4144531250000000 0.0385416666666667 0.1062500000000000
1 0.6854166666666667 0.8230468750000000 0.0411458333333333 0.0996093750000000
1 0.0906250000000000 0.2636718750000000 0.0281250000000000 0.1054687500000000
1 0.2666666666666667 0.2613281250000000 0.0468750000000000 0.1148437500000000
1 0.0145833333333333 0.2781250000000000 0.0296875000000000 0.0789062500000000
1 0.9770833333333333 0.6964843750000000 0.0453125000000000 0.0980468750000000
1 0.1104166666666667 0.1074218750000000 0.0416666666666667 0.1093750000000000
1 0.1500000000000000 0.0851562500000000 0.0380208333333333 0.1460937500000000
1 0.1880208333333333 0.0824218750000000 0.0302083333333333 0.1484375000000000
1 0.2265625000000000 0.0828125000000000 0.0437500000000000 0.1496093750000000
1 0.2942708333333333 0.0878906250000000 0.0416666666666667 0.1355468750000000
1 0.3359375000000000 0.0894531250000000 0.0375000000000000 0.1320312500000000
1 0.3776041666666667 0.0863281250000000 0.0421875000000000 0.1347656250000000
1 0.0531250000000000 0.2753906250000000 0.0421875000000000 0.0855468750000000
1 0.4442708333333333 0.1031250000000000 0.0359375000000000 0.1023437500000000
1 0.4791666666666667 0.1007812500000000 0.0348958333333333 0.1058593750000000
1 0.0343750000000000 0.1230468750000000 0.0307291666666667 0.0828125000000000
1 0.0703125000000000 0.1121093750000000 0.0322916666666667 0.0949218750000000
1 0.4135416666666666 0.1117187500000000 0.0250000000000000 0.0914062500000000
1 0.8677083333333333 0.0882812500000000 0.0536458333333333 0.1187500000000000
1 0.9817708333333334 0.0855468750000000 0.0354166666666667 0.1210937500000000
1 0.9281250000000000 0.0855468750000000 0.0598958333333333 0.1214843750000000
1 0.8000000000000000 0.1378906250000000 0.0526041666666667 0.0218750000000000
1 0.8031250000000000 0.1156250000000000 0.0552083333333333 0.0203125000000000
1 0.7520833333333333 0.0851562500000000 0.0395833333333333 0.1273437500000000
1 0.7119791666666667 0.0925781250000000 0.0302083333333333 0.1113281250000000
1 0.6781250000000000 0.0949218750000000 0.0291666666666667 0.1132812500000000
1 0.6416666666666667 0.1027343750000000 0.0338541666666667 0.0929687500000000
1 0.6031250000000000 0.0878906250000000 0.0401041666666667 0.1281250000000000
1 0.5562500000000000 0.0804687500000000 0.0416666666666667 0.1417968750000000
1 0.5151041666666667 0.0886718750000000 0.0328125000000000 0.1300781250000000
1 0.6734375000000000 0.4179687500000000 0.0354166666666667 0.1058593750000000
