1 0.7726851851851851 0.6544270833333333 0.0717592592592593 0.0455729166666667
1 0.8694444444444445 0.3942708333333333 0.0810185185185185 0.0356770833333333
1 0.8675925925925926 0.3596354166666667 0.0726851851851852 0.0304687500000000
1 0.6152777777777778 0.6669270833333333 0.0731481481481481 0.0179687500000000
1 0.8439814814814814 0.5632812500000000 0.0847222222222222 0.0559895833333333
1 0.6939814814814815 0.6611979166666667 0.0754629629629630 0.0255208333333333
1 0.9310185185185185 0.5674479166666667 0.0638888888888889 0.0432291666666667
1 0.8523148148148149 0.6570312500000000 0.0703703703703704 0.0432291666666667
1 0.9259259259259259 0.6554687500000000 0.0694444444444444 0.0450520833333333
1 0.6907407407407408 0.5645833333333333 0.0592592592592593 0.0283854166666667
1 0.8662037037037037 0.2903645833333333 0.0185185185185185 0.0320312500000000
1 0.3546296296296296 0.2736979166666667 0.0462962962962963 0.0700520833333333
1 0.4027777777777778 0.2776041666666667 0.0458333333333333 0.0609375000000000
1 0.4476851851851852 0.2723958333333333 0.0379629629629630 0.0697916666666667
1 0.4921296296296296 0.2802083333333333 0.0425925925925926 0.0570312500000000
1 0.5388888888888889 0.2789062500000000 0.0439814814814815 0.0570312500000000
1 0.5828703703703704 0.2791666666666667 0.0425925925925926 0.0572916666666667
1 0.6365740740740741 0.2830729166666667 0.0578703703703704 0.0484375000000000
1 0.6967592592592593 0.2828125000000000 0.0597222222222222 0.0481770833333333
1 0.8208333333333333 0.2677083333333333 0.0500000000000000 0.0106770833333333
1 0.8750000000000000 0.2677083333333333 0.0527777777777778 0.0106770833333333
1 0.9310185185185185 0.2671875000000000 0.0513888888888889 0.0093750000000000
1 0.7629629629629630 0.2796875000000000 0.0564814814814815 0.0486979166666667
1 0.8046296296296296 0.2908854166666667 0.0185185185185185 0.0320312500000000
1 0.8250000000000000 0.2906250000000000 0.0185185185185185 0.0320312500000000
1 0.8453703703703703 0.2903645833333333 0.0185185185185185 0.0320312500000000
1 0.3050925925925926 0.2734375000000000 0.0444444444444444 0.0671875000000000
1 0.2541666666666667 0.2729166666666666 0.0486111111111111 0.0684895833333333
1 0.2467592592592593 0.3799479166666667 0.0500000000000000 0.0593750000000000
1 0.3032407407407408 0.3773437500000000 0.0495370370370370 0.0635416666666667
1 0.9569444444444445 0.3927083333333333 0.0819444444444444 0.0348958333333333
1 0.9453703703703704 0.3588541666666666 0.0754629629629630 0.0289062500000000
1 0.6828703703703703 0.3786458333333333 0.0500000000000000 0.0583333333333333
1 0.9703703703703703 0.1835937500000000 0.0495370370370370 0.0510416666666667
1 0.9226851851851852 0.1861979166666667 0.0379629629629630 0.0450520833333333
1 0.8768518518518519 0.1838541666666667 0.0490740740740741 0.0505208333333333
1 0.8240740740740741 0.1838541666666667 0.0490740740740741 0.0520833333333333
1 0.7685185185185185 0.5682291666666667 0.0625000000000000 0.0460937500000000
1 0.7699074074074074 0.1856770833333333 0.0490740740740741 0.0520833333333333
1 0.9472222222222222 0.2890625000000000 0.0185185185185185 0.0320312500000000
1 0.9268518518518518 0.2893229166666667 0.0180555555555556 0.0320312500000000
1 0.9064814814814814 0.2898437500000000 0.0185185185185185 0.0320312500000000
1 0.8856481481481482 0.2901041666666667 0.0185185185185185 0.0320312500000000
1 0.6305555555555555 0.3861979166666666 0.0518518518518519 0.0429687500000000
1 0.5004629629629630 0.3958333333333333 0.0638888888888889 0.0307291666666667
1 0.4361111111111111 0.3953125000000000 0.0611111111111111 0.0307291666666667
1 0.9805555555555555 0.2820312500000000 0.0398148148148148 0.0440104166666667
1 0.5726851851851852 0.3770833333333333 0.0578703703703704 0.0604166666666667
1 0.4986111111111111 0.4768229166666667 0.0555555555555556 0.0369791666666667
1 0.6680555555555555 0.1752604166666667 0.0435185185185185 0.0729166666666667
1 0.9620370370370370 0.7075520833333333 0.0740740740740741 0.0208333333333333
1 0.9013888888888889 0.7273437500000000 0.0333333333333333 0.0367187500000000
1 0.8634259259259259 0.7320312500000000 0.0379629629629630 0.0437500000000000
1 0.8212962962962963 0.7359375000000000 0.0425925925925926 0.0445312500000000
1 0.7800925925925926 0.7356770833333334 0.0365740740740741 0.0393229166666667
1 0.7398148148148148 0.7265625000000000 0.0319444444444444 0.0505208333333333
1 0.7087962962962963 0.7296875000000000 0.0240740740740741 0.0414062500000000
1 0.6138888888888889 0.7421875000000000 0.0754629629629630 0.0234375000000000
1 0.9648148148148148 0.7427083333333333 0.0712962962962963 0.0440104166666667
1 0.4064814814814815 0.8070312500000000 0.0314814814814815 0.0343750000000000
1 0.3268518518518518 0.8125000000000000 0.0370370370370370 0.0195312500000000
1 0.2884259259259259 0.8122395833333333 0.0199074074074074 0.0263020833333333
1 0.2643518518518518 0.8070312500000000 0.0226851851851852 0.0346354166666667
1 0.2407407407407407 0.8093750000000000 0.0171296296296296 0.0270833333333333
1 0.5379629629629630 0.7414062500000000 0.0712962962962963 0.0218750000000000
1 0.4490740740740741 0.7393229166666667 0.0754629629629630 0.0226562500000000
1 0.3495370370370370 0.7401041666666667 0.0740740740740741 0.0242187500000000
1 0.2851851851851852 0.7317708333333334 0.0236111111111111 0.0419270833333333
1 0.3675925925925926 0.8091145833333333 0.0347222222222222 0.0338541666666667
1 0.9805555555555555 0.8153645833333333 0.0398148148148148 0.0606770833333333
1 0.9023148148148148 0.8125000000000000 0.1032407407407407 0.0601562500000000
1 0.6800925925925926 0.8229166666666666 0.0680555555555555 0.0283854166666667
1 0.1314814814814815 0.4338541666666667 0.0574074074074074 0.0518229166666667
1 0.0143518518518519 0.5500000000000000 0.0291666666666667 0.0453125000000000
1 0.0453703703703704 0.5479166666666667 0.0300925925925926 0.0453125000000000
1 0.0912037037037037 0.5630208333333333 0.0541666666666667 0.0656250000000000
1 0.1490740740740741 0.5625000000000000 0.0569444444444444 0.0684895833333333
1 0.0407407407407407 0.6187500000000000 0.0435185185185185 0.0309895833333333
1 0.0912037037037037 0.6208333333333333 0.0518518518518519 0.0257812500000000
1 0.1462962962962963 0.6208333333333333 0.0560185185185185 0.0236979166666667
1 0.0722222222222222 0.4351562500000000 0.0518518518518519 0.0515625000000000
1 0.0189814814814815 0.4338541666666667 0.0379629629629630 0.0531250000000000
1 0.1217592592592593 0.3476562500000000 0.0754629629629630 0.0869791666666667
1 0.0259259259259259 0.3351562500000000 0.0523148148148148 0.0572916666666667
1 0.1046296296296296 0.2010416666666667 0.0870370370370370 0.0385416666666667
1 0.4898148148148148 0.8158854166666667 0.0217592592592593 0.0401041666666667
1 0.4680555555555556 0.8138020833333334 0.0180555555555556 0.0398437500000000
1 0.4412037037037037 0.8158854166666667 0.0296296296296296 0.0356770833333333
1 0.5407407407407407 0.8229166666666666 0.0300925925925926 0.0403645833333333
1 0.5768518518518518 0.8111979166666666 0.0342592592592593 0.0640625000000000
1 0.6203703703703703 0.8127604166666667 0.0458333333333333 0.0578125000000000
1 0.2583333333333334 0.7315104166666667 0.0236111111111111 0.0419270833333333
1 0.7152777777777778 0.1703125000000000 0.0504629629629630 0.0804687500000000
1 0.2333333333333333 0.7315104166666667 0.0231481481481481 0.0403645833333333
1 0.3189814814814815 0.6578125000000000 0.0606481481481481 0.0307291666666667
1 0.7810185185185186 0.4809895833333334 0.0796296296296296 0.0309895833333333
1 0.8625000000000000 0.4807291666666667 0.0777777777777778 0.0302083333333333
1 0.9467592592592593 0.4786458333333333 0.0824074074074074 0.0335937500000000
1 0.7851851851851852 0.3934895833333333 0.0800925925925926 0.0338541666666667
1 0.7884259259259260 0.3598958333333334 0.0782407407407407 0.0309895833333333
1 0.0564814814814815 0.6820312500000000 0.0800925925925926 0.0458333333333333
1 0.1490740740740741 0.6770833333333334 0.0657407407407407 0.0572916666666667
1 0.0597222222222222 0.7924479166666667 0.0861111111111111 0.0294270833333333
1 0.6981481481481482 0.4828125000000000 0.0625000000000000 0.0276041666666667
1 0.1476851851851852 0.8033854166666666 0.0800925925925926 0.0317708333333333
1 0.2606481481481481 0.1820312500000000 0.0398148148148148 0.0638020833333333
1 0.3074074074074074 0.1820312500000000 0.0412037037037037 0.0617187500000000
1 0.3509259259259259 0.1835937500000000 0.0379629629629630 0.0598958333333333
1 0.3935185185185185 0.1864583333333333 0.0388888888888889 0.0565104166666667
1 0.4421296296296297 0.1783854166666667 0.0490740740740741 0.0729166666666667
1 0.5143518518518518 0.1984375000000000 0.0810185185185185 0.0286458333333333
1 0.5787037037037037 0.1830729166666667 0.0412037037037037 0.0585937500000000
1 0.6231481481481481 0.1830729166666667 0.0412037037037037 0.0598958333333333
1 0.2180555555555556 0.1830729166666667 0.0388888888888889 0.0619791666666667
1 0.2513888888888889 0.6666666666666666 0.0560185185185185 0.0125000000000000
1 0.6287037037037037 0.4776041666666667 0.0541666666666667 0.0361979166666667
1 0.6282407407407408 0.5651041666666666 0.0569444444444444 0.0263020833333333
1 0.4250000000000000 0.6486979166666667 0.0388888888888889 0.0528645833333333
1 0.3763888888888889 0.6583333333333333 0.0518518518518519 0.0320312500000000
1 0.5541666666666667 0.6570312500000000 0.0365740740740741 0.0338541666666667
1 0.5625000000000000 0.4830729166666667 0.0615740740740741 0.0257812500000000
1 0.5685185185185185 0.5643229166666667 0.0569444444444444 0.0260416666666667
1 0.5092592592592593 0.5640625000000000 0.0555555555555556 0.0260416666666667
1 0.4671296296296296 0.6505208333333333 0.0393518518518519 0.0518229166666667
1 0.4412037037037037 0.5604166666666667 0.0527777777777778 0.0346354166666667
1 0.3236111111111111 0.5559895833333334 0.0564814814814815 0.0361979166666667
1 0.2532407407407408 0.5645833333333333 0.0634259259259259 0.0244791666666667
1 0.2606481481481481 0.4760416666666666 0.0611111111111111 0.0377604166666667
1 0.3259259259259260 0.4791666666666667 0.0569444444444444 0.0273437500000000
1 0.3861111111111111 0.4757812500000000 0.0550925925925926 0.0369791666666667
1 0.4416666666666667 0.4763020833333333 0.0523148148148148 0.0361979166666667
1 0.3851851851851852 0.5588541666666667 0.0527777777777778 0.0343750000000000
1 0.5162037037037037 0.6533854166666667 0.0361111111111111 0.0432291666666667
