1 0.5697916666666667 0.1421875000000000 0.0333333333333333 0.0925781250000000
1 0.6385416666666667 0.1492187500000000 0.0911458333333333 0.0808593750000000
1 0.2005208333333333 0.2757812500000000 0.0369791666666667 0.1148437500000000
1 0.5281250000000000 0.1390625000000000 0.0395833333333333 0.0964843750000000
1 0.1296875000000000 0.2824218750000000 0.1005208333333333 0.1050781250000000
1 0.0390625000000000 0.3003906250000000 0.0750000000000000 0.0691406250000000
1 0.8479166666666667 0.1523437500000000 0.3052083333333334 0.0789062500000000
1 0.4833333333333333 0.1359375000000000 0.0364583333333333 0.0968750000000000
1 0.7005208333333334 0.5019531250000000 0.0197916666666667 0.0445312500000000
1 0.3947916666666667 0.1328125000000000 0.0421875000000000 0.1050781250000000
1 0.2682291666666667 0.1343750000000000 0.0885416666666667 0.0871093750000000
1 0.1619791666666667 0.1171875000000000 0.1062500000000000 0.1363281250000000
1 0.0687500000000000 0.1339843750000000 0.0541666666666667 0.0761718750000000
1 0.6041666666666666 0.5019531250000000 0.0369791666666667 0.0828125000000000
1 0.6739583333333333 0.5066406250000000 0.0239583333333333 0.0492187500000000
1 0.2604166666666667 0.2757812500000000 0.0666666666666667 0.1054687500000000
1 0.4390625000000000 0.1324218750000000 0.0442708333333333 0.1015625000000000
1 0.3161458333333333 0.2843750000000000 0.0406250000000000 0.0843750000000000
1 0.2750000000000000 0.4191406250000000 0.0963541666666667 0.1023437500000000
1 0.4005208333333333 0.2949218750000000 0.0276041666666667 0.0578125000000000
1 0.6458333333333334 0.4054687500000000 0.0291666666666667 0.0394531250000000
1 0.6822916666666666 0.4070312500000000 0.0317708333333333 0.0367187500000000
1 0.7140625000000000 0.3886718750000000 0.0239583333333333 0.0730468750000000
1 0.7442708333333333 0.3750000000000000 0.0364583333333333 0.0910156250000000
1 0.7791666666666667 0.3730468750000000 0.0244791666666667 0.0796875000000000
1 0.8114583333333333 0.3781250000000000 0.0270833333333333 0.0589843750000000
1 0.8432291666666667 0.3687500000000000 0.0302083333333333 0.0738281250000000
1 0.8760416666666667 0.3746093750000000 0.0223958333333333 0.0632812500000000
1 0.9072916666666667 0.3796875000000000 0.0333333333333333 0.0449218750000000
1 0.0458333333333333 0.6125000000000000 0.0630208333333333 0.0640625000000000
1 0.1333333333333333 0.5890625000000000 0.0875000000000000 0.0992187500000000
1 0.1963541666666667 0.5730468750000000 0.0375000000000000 0.0839843750000000
1 0.2406250000000000 0.5605468750000000 0.0395833333333333 0.0996093750000000
1 0.2859375000000000 0.5460937500000000 0.0380208333333333 0.1085937500000000
1 0.3348958333333333 0.5570312500000000 0.0458333333333333 0.0710937500000000
1 0.3770833333333333 0.5437500000000000 0.0312500000000000 0.0710937500000000
1 0.4135416666666666 0.5375000000000000 0.0348958333333333 0.0773437500000000
1 0.4588541666666667 0.5402343750000000 0.0484375000000000 0.0492187500000000
1 0.5026041666666666 0.5179687500000000 0.0239583333333333 0.0863281250000000
1 0.6135416666666667 0.3886718750000000 0.0286458333333333 0.0914062500000000
1 0.5489583333333333 0.3910156250000000 0.0906250000000000 0.0824218750000000
1 0.4781250000000000 0.4011718750000000 0.0421875000000000 0.0925781250000000
1 0.4098958333333333 0.4074218750000000 0.0880208333333333 0.0859375000000000
1 0.4453125000000000 0.2910156250000000 0.0531250000000000 0.0546875000000000
1 0.5046875000000000 0.2816406250000000 0.0536458333333333 0.0742187500000000
1 0.5588541666666667 0.2882812500000000 0.0531250000000000 0.0589843750000000
1 0.6088541666666667 0.2792968750000000 0.0348958333333333 0.0648437500000000
1 0.6510416666666666 0.2789062500000000 0.0322916666666667 0.0710937500000000
1 0.6838541666666667 0.2781250000000000 0.0255208333333333 0.0671875000000000
1 0.7156250000000000 0.2714843750000000 0.0239583333333333 0.0828125000000000
1 0.5656250000000000 0.5250000000000000 0.0348958333333333 0.0433593750000000
1 0.5328125000000000 0.5148437500000000 0.0234375000000000 0.0828125000000000
1 0.3630208333333333 0.2976562500000000 0.0385416666666667 0.0582031250000000
1 0.7479166666666667 0.2750000000000000 0.0317708333333333 0.0636718750000000
1 0.8130208333333333 0.2722656250000000 0.0239583333333333 0.0648437500000000
1 0.8463541666666666 0.2738281250000000 0.0270833333333333 0.0566406250000000
1 0.8807291666666667 0.2652343750000000 0.0286458333333333 0.0800781250000000
1 0.9093750000000000 0.2710937500000000 0.0250000000000000 0.0625000000000000
1 0.0244791666666667 0.4425781250000000 0.0458333333333333 0.0984375000000000
1 0.0843750000000000 0.4289062500000000 0.0671875000000000 0.1144531250000000
1 0.1838541666666667 0.4457031250000000 0.0864583333333333 0.1140625000000000
1 0.6411458333333333 0.4929687500000000 0.0291666666666667 0.0843750000000000
1 0.3437500000000000 0.4292968750000000 0.0359375000000000 0.0625000000000000
1 0.7838541666666666 0.2750000000000000 0.0260416666666667 0.0679687500000000
1 0.7229166666666667 0.4941406250000000 0.0203125000000000 0.0554687500000000
1 0.3442708333333334 0.1277343750000000 0.0489583333333333 0.1097656250000000
1 0.9708333333333333 0.7070312500000000 0.0229166666666667 0.0570312500000000
1 0.5473958333333333 0.7250000000000000 0.0458333333333333 0.0738281250000000
1 0.4239583333333333 0.7800781250000000 0.0630208333333333 0.0378906250000000
1 0.3567708333333333 0.7902343750000000 0.0651041666666667 0.0382812500000000
1 0.2994791666666667 0.8011718750000000 0.0276041666666667 0.0554687500000000
1 0.2604166666666667 0.8183593750000000 0.0375000000000000 0.0398437500000000
1 0.2145833333333333 0.8324218750000000 0.0401041666666667 0.0441406250000000
1 0.1609375000000000 0.8289062500000000 0.0562500000000000 0.0824218750000000
1 0.0291666666666667 0.8695312500000000 0.0526041666666667 0.0867187500000000
1 0.9848958333333333 0.5281250000000000 0.0328125000000000 0.0589843750000000
1 0.9531250000000000 0.5394531250000000 0.0203125000000000 0.0570312500000000
1 0.9348958333333334 0.5429687500000000 0.0156250000000000 0.0617187500000000
1 0.9135416666666667 0.5445312500000000 0.0208333333333333 0.0675781250000000
1 0.4885416666666667 0.7539062500000000 0.0531250000000000 0.0355468750000000
1 0.8880208333333334 0.5550781250000000 0.0239583333333333 0.0546875000000000
1 0.8406250000000000 0.5628906250000000 0.0192708333333333 0.0542968750000000
1 0.8177083333333334 0.5703125000000000 0.0213541666666667 0.0542968750000000
1 0.7885416666666667 0.5710937500000000 0.0229166666666667 0.0632812500000000
1 0.7588541666666667 0.5812500000000000 0.0213541666666667 0.0527343750000000
1 0.7281250000000000 0.5960937500000000 0.0302083333333333 0.0390625000000000
1 0.6895833333333333 0.6031250000000000 0.0364583333333333 0.0406250000000000
1 0.6510416666666666 0.6156250000000000 0.0229166666666667 0.0273437500000000
1 0.6192708333333333 0.6101562500000000 0.0338541666666667 0.0550781250000000
1 0.5859375000000000 0.6343750000000000 0.0302083333333333 0.0265625000000000
1 0.5515625000000000 0.6425781250000000 0.0296875000000000 0.0335937500000000
1 0.5208333333333334 0.6394531250000000 0.0255208333333333 0.0507812500000000
1 0.4848958333333334 0.6324218750000000 0.0333333333333333 0.0785156250000000
1 0.8635416666666667 0.5570312500000000 0.0166666666666667 0.0539062500000000
1 0.6057291666666667 0.7054687500000000 0.0578125000000000 0.0656250000000000
1 0.6583333333333333 0.7062500000000000 0.0437500000000000 0.0359375000000000
1 0.7067708333333333 0.6804687500000000 0.0453125000000000 0.0566406250000000
1 0.9755208333333333 0.4582031250000000 0.0494791666666667 0.0484375000000000
1 0.9421875000000000 0.7136718750000000 0.0244791666666667 0.0558593750000000
1 0.9098958333333333 0.7320312500000000 0.0229166666666667 0.0398437500000000
1 0.8796875000000000 0.7363281250000000 0.0260416666666667 0.0507812500000000
1 0.8479166666666667 0.7414062500000000 0.0307291666666667 0.0777343750000000
1 0.8109375000000000 0.7515625000000000 0.0328125000000000 0.0746093750000000
1 0.7781250000000000 0.7773437500000000 0.0312500000000000 0.0531250000000000
1 0.7468750000000000 0.7886718750000000 0.0265625000000000 0.0480468750000000
1 0.7151041666666667 0.7972656250000000 0.0307291666666667 0.0523437500000000
1 0.6833333333333333 0.8125000000000000 0.0244791666666667 0.0492187500000000
1 0.6479166666666667 0.8355468750000000 0.0333333333333333 0.0234375000000000
1 0.6166666666666667 0.8460937500000000 0.0286458333333333 0.0304687500000000
1 0.5822916666666667 0.8457031250000000 0.0354166666666667 0.0589843750000000
1 0.5416666666666666 0.8628906250000000 0.0411458333333333 0.0519531250000000
1 0.5072916666666667 0.8847656250000000 0.0270833333333333 0.0261718750000000
1 0.4421875000000000 0.8824218750000000 0.0916666666666667 0.0601562500000000
1 0.3671875000000000 0.9167968750000000 0.0531250000000000 0.0621093750000000
1 0.3171875000000000 0.9484375000000000 0.0364583333333333 0.0359375000000000
1 0.2645833333333333 0.9660156250000000 0.0432291666666667 0.0402343750000000
1 0.2083333333333333 0.9613281250000000 0.0526041666666667 0.0757812500000000
1 0.9729166666666667 0.6109375000000000 0.0177083333333333 0.0519531250000000
1 0.9489583333333333 0.6250000000000000 0.0182291666666667 0.0417968750000000
1 0.9244791666666666 0.6363281250000000 0.0203125000000000 0.0402343750000000
1 0.8958333333333334 0.6304687500000000 0.0203125000000000 0.0574218750000000
1 0.8656250000000000 0.6386718750000000 0.0333333333333333 0.0597656250000000
1 0.8151041666666666 0.6527343750000000 0.0312500000000000 0.0683593750000000
1 0.7812500000000000 0.6605468750000000 0.0281250000000000 0.0648437500000000
1 0.4338541666666667 0.6429687500000000 0.0619791666666667 0.0847656250000000
1 0.3843750000000000 0.6527343750000000 0.0333333333333333 0.0828125000000000
1 0.0953125000000000 0.8488281250000000 0.0692708333333333 0.0695312500000000
1 0.8322916666666667 0.4738281250000000 0.0270833333333333 0.0554687500000000
1 0.2963541666666666 0.6855468750000000 0.0302083333333333 0.0714843750000000
1 0.2421875000000000 0.6910156250000000 0.0505208333333333 0.0949218750000000
1 0.1963541666666667 0.6980468750000000 0.0343750000000000 0.0960937500000000
1 0.1494791666666667 0.7000000000000000 0.0505208333333333 0.0980468750000000
1 0.0947916666666667 0.7125000000000000 0.0494791666666667 0.0941406250000000
1 0.0395833333333333 0.7257812500000000 0.0473958333333333 0.1015625000000000
1 0.8630208333333333 0.4753906250000000 0.0255208333333333 0.0421875000000000
1 0.8067708333333333 0.4800781250000000 0.0213541666666667 0.0589843750000000
1 0.7786458333333334 0.4843750000000000 0.0234375000000000 0.0601562500000000
1 0.7505208333333333 0.4867187500000000 0.0239583333333333 0.0601562500000000
1 0.3401041666666667 0.6703125000000000 0.0442708333333333 0.0742187500000000
