1 0.0560787671232877 0.4701923076923077 0.1125856164383562 0.0201923076923077
1 0.1596746575342466 0.3817307692307692 0.1331335616438356 0.0153846153846154
1 0.1643835616438356 0.3983173076923077 0.1339897260273973 0.0137019230769231
1 0.0423801369863014 0.3490384615384615 0.0830479452054795 0.0168269230769231
1 0.0436643835616438 0.3670673076923077 0.0856164383561644 0.0175480769230769
1 0.0547945205479452 0.4502403846153846 0.1095890410958904 0.0177884615384615
1 0.0470890410958904 0.3995192307692308 0.0937500000000000 0.0156250000000000
1 0.0547945205479452 0.4322115384615385 0.1057363013698630 0.0182692307692308
1 0.1588184931506849 0.3656250000000000 0.1408390410958904 0.0144230769230769
1 0.0445205479452055 0.3843750000000000 0.0877568493150685 0.0137019230769231
1 0.1545376712328767 0.3485576923076923 0.1357020547945205 0.0170673076923077
1 0.8467465753424658 0.3774038461538461 0.1262842465753425 0.0149038461538462
1 0.3030821917808219 0.3704326923076923 0.1476883561643836 0.0221153846153846
1 0.3005136986301370 0.3473557692307692 0.1502568493150685 0.0204326923076923
1 0.4559075342465753 0.3891826923076923 0.1305650684931507 0.0182692307692308
1 0.4520547945205479 0.3694711538461539 0.1318493150684932 0.0170673076923077
1 0.5937500000000000 0.3872596153846154 0.1434075342465753 0.0146634615384615
1 0.5916095890410958 0.3716346153846154 0.1429794520547945 0.0110576923076923
1 0.5916095890410958 0.3572115384615385 0.1429794520547945 0.0156250000000000
1 0.5971746575342466 0.3408653846153846 0.1314212328767123 0.0137019230769231
1 0.7273116438356164 0.3831730769230769 0.1095890410958904 0.0141826923076923
1 0.8458904109589042 0.3610576923076923 0.1245719178082192 0.0156250000000000
1 0.0565068493150685 0.4906250000000000 0.1130136986301370 0.0185096153846154
1 0.3069349315068493 0.3920673076923077 0.1511130136986301 0.0189903846153846
1 0.1720890410958904 0.4346153846153846 0.1220034246575342 0.0173076923076923
1 0.1746575342465753 0.4521634615384615 0.1228595890410959 0.0139423076923077
1 0.7178938356164384 0.4204326923076923 0.1297089041095890 0.0165865384615385
1 0.1994863013698630 0.5754807692307692 0.1408390410958904 0.0129807692307692
1 0.1986301369863014 0.5574519230769230 0.1425513698630137 0.0194711538461538
1 0.1776541095890411 0.4687500000000000 0.1190068493150685 0.0163461538461538
1 0.1806506849315068 0.4882211538461538 0.1250000000000000 0.0173076923076923
1 0.3005136986301370 0.4314903846153846 0.1245719178082192 0.0161057692307692
1 0.3022260273972603 0.4487980769230769 0.1318493150684932 0.0149038461538462
1 0.3065068493150685 0.4661057692307692 0.1267123287671233 0.0163461538461538
1 0.3086472602739726 0.4846153846153846 0.1267123287671233 0.0185096153846154
1 0.4357876712328767 0.4305288461538462 0.1357020547945205 0.0189903846153846
1 0.4370719178082192 0.4480769230769231 0.1331335616438356 0.0134615384615385
1 0.8463184931506850 0.3425480769230769 0.1207191780821918 0.0170673076923077
1 0.5864726027397260 0.4774038461538462 0.1464041095890411 0.0211538461538462
1 0.4396404109589041 0.4644230769230769 0.1391267123287671 0.0156250000000000
1 0.5787671232876712 0.4382211538461538 0.1434075342465753 0.0199519230769231
1 0.5826198630136986 0.4564903846153846 0.1429794520547945 0.0151442307692308
1 0.2011986301369863 0.5384615384615384 0.1344178082191781 0.0161057692307692
1 0.0629280821917808 0.5786057692307692 0.1237157534246575 0.0146634615384615
1 0.0659246575342466 0.5637019230769231 0.1224315068493151 0.0156250000000000
1 0.0646404109589041 0.5473557692307692 0.1250000000000000 0.0149038461538462
1 0.0637842465753425 0.5302884615384615 0.1185787671232877 0.0175480769230769
1 0.8655821917808220 0.4713942307692308 0.1408390410958904 0.0185096153846154
1 0.7264554794520548 0.4735576923076923 0.1344178082191781 0.0173076923076923
1 0.7238869863013698 0.4555288461538461 0.1412671232876712 0.0151442307692308
1 0.7208904109589042 0.4396634615384615 0.1297089041095890 0.0173076923076923
1 0.4426369863013699 0.4817307692307692 0.1404109589041096 0.0168269230769231
1 0.8484589041095890 0.3233173076923077 0.1117294520547945 0.0165865384615385
1 0.4242294520547945 0.1704326923076923 0.1481164383561644 0.0209134615384615
1 0.8476027397260274 0.2692307692307692 0.1232876712328767 0.0105769230769231
1 0.8754280821917808 0.1480769230769231 0.1476883561643836 0.0175480769230769
1 0.8728595890410958 0.1668269230769231 0.1451198630136986 0.0189903846153846
1 0.8720034246575342 0.1865384615384615 0.1451198630136986 0.0192307692307692
1 0.7277397260273972 0.1896634615384615 0.1391267123287671 0.0168269230769231
1 0.7273116438356164 0.1709134615384615 0.1425513698630137 0.0168269230769231
1 0.7277397260273972 0.1531250000000000 0.1416952054794521 0.0175480769230769
1 0.7290239726027398 0.1324519230769231 0.1446917808219178 0.0213942307692308
1 0.5783390410958904 0.1913461538461538 0.1575342465753425 0.0218750000000000
1 0.5753424657534246 0.1694711538461539 0.1571061643835616 0.0221153846153846
1 0.5753424657534246 0.1471153846153846 0.1549657534246575 0.0213942307692308
1 0.5749143835616438 0.1247596153846154 0.1575342465753425 0.0221153846153846
1 0.4250856164383562 0.1942307692307692 0.1489726027397260 0.0221153846153846
1 0.4220890410958904 0.1502403846153846 0.1481164383561644 0.0206730769230769
1 0.4203767123287671 0.1288461538461538 0.1481164383561644 0.0209134615384615
1 0.2744006849315068 0.2007211538461539 0.1541095890410959 0.0218750000000000
1 0.2714041095890411 0.1778846153846154 0.1498287671232877 0.0199519230769231
1 0.2718321917808219 0.1564903846153846 0.1536815068493151 0.0216346153846154
1 0.2688356164383562 0.1341346153846154 0.1536815068493151 0.0213942307692308
1 0.1250000000000000 0.2050480769230769 0.1451198630136986 0.0194711538461538
1 0.1241438356164384 0.1858173076923077 0.1446917808219178 0.0194711538461538
1 0.1228595890410959 0.1663461538461538 0.1446917808219178 0.0194711538461538
1 0.2041952054794521 0.5199519230769231 0.1271404109589041 0.0161057692307692
1 0.1190068493150685 0.1463942307692308 0.1446917808219178 0.0194711538461538
1 0.8762842465753424 0.1274038461538461 0.1489726027397260 0.0206730769230769
1 0.0423801369863014 0.2526442307692308 0.0847602739726027 0.0163461538461538
1 0.0428082191780822 0.2709134615384615 0.0851883561643836 0.0165865384615385
1 0.0440924657534247 0.2884615384615384 0.0881849315068493 0.0146634615384615
1 0.8437500000000000 0.2531250000000000 0.1237157534246575 0.0170673076923077
1 0.8428938356164384 0.2379807692307692 0.1262842465753425 0.0137019230769231
1 0.8454623287671232 0.2225961538461538 0.1250000000000000 0.0139423076923077
1 0.7119006849315068 0.2875000000000000 0.1391267123287671 0.0146634615384615
1 0.7123287671232876 0.2716346153846154 0.1386986301369863 0.0146634615384615
1 0.7106164383561644 0.2562500000000000 0.1382705479452055 0.0146634615384615
1 0.7080479452054794 0.2384615384615385 0.1391267123287671 0.0187500000000000
1 0.5813356164383562 0.2918269230769231 0.1207191780821918 0.0192307692307692
1 0.5800513698630136 0.2721153846153846 0.1215753424657534 0.0165865384615385
1 0.5757705479452054 0.2533653846153846 0.1224315068493151 0.0168269230769231
1 0.5770547945205480 0.2355769230769231 0.1237157534246575 0.0156250000000000
1 0.8471746575342466 0.2843750000000000 0.1224315068493151 0.0156250000000000
1 0.4460616438356164 0.2951923076923077 0.1412671232876712 0.0185096153846154
1 0.4426369863013699 0.2569711538461538 0.1442636986301370 0.0170673076923077
1 0.4426369863013699 0.2391826923076923 0.1442636986301370 0.0170673076923077
1 0.2992294520547945 0.2978365384615385 0.1489726027397260 0.0192307692307692
1 0.2983732876712329 0.2762019230769231 0.1506849315068493 0.0197115384615385
1 0.2953767123287671 0.2552884615384615 0.1429794520547945 0.0199519230769231
1 0.2923801369863014 0.2353365384615385 0.1442636986301370 0.0161057692307692
1 0.1579623287671233 0.3033653846153846 0.1331335616438356 0.0168269230769231
1 0.1575342465753425 0.2850961538461538 0.1309931506849315 0.0158653846153846
1 0.1536815068493151 0.2668269230769231 0.1309931506849315 0.0158653846153846
1 0.1528253424657534 0.2502403846153846 0.1284246575342466 0.0146634615384615
1 0.0436643835616438 0.3050480769230769 0.0877568493150685 0.0151442307692308
1 0.4456335616438356 0.2754807692307693 0.1438356164383562 0.0180288461538462
1 0.3317636986301370 0.5182692307692308 0.1181506849315068 0.0194711538461538
1 0.7123287671232876 0.7872596153846154 0.1494006849315068 0.0194711538461538
1 0.3334760273972603 0.5543269230769231 0.1215753424657534 0.0144230769230769
1 0.0672089041095890 0.6324519230769231 0.1335616438356164 0.0146634615384615
1 0.0672089041095890 0.6163461538461539 0.1331335616438356 0.0173076923076923
1 0.6322773972602740 0.8951923076923077 0.0265410958904110 0.0182692307692308
1 0.6318493150684932 0.8766826923076924 0.0269691780821918 0.0197115384615385
1 0.6301369863013698 0.8572115384615384 0.0291095890410959 0.0180288461538462
1 0.6262842465753424 0.8362980769230769 0.0295376712328767 0.0223557692307692
1 0.5415239726027398 0.8985576923076923 0.1446917808219178 0.0165865384615385
1 0.5423801369863014 0.8802884615384615 0.1451198630136986 0.0151442307692308
1 0.5398116438356164 0.8629807692307693 0.1416952054794521 0.0187500000000000
1 0.5389554794520548 0.8444711538461539 0.1429794520547945 0.0165865384615385
1 0.3891267123287671 0.8276442307692308 0.1468321917808219 0.0100961538461538
1 0.3916952054794521 0.8427884615384615 0.1429794520547945 0.0173076923076923
1 0.3921232876712329 0.8608173076923077 0.1442636986301370 0.0151442307692308
1 0.3959760273972603 0.8786057692307693 0.1425513698630137 0.0175480769230769
1 0.3964041095890411 0.8980769230769231 0.1416952054794521 0.0182692307692308
1 0.8578767123287672 0.7848557692307693 0.1344178082191781 0.0168269230769231
1 0.8591609589041096 0.7485576923076923 0.1421232876712329 0.0129807692307692
1 0.8570205479452054 0.7653846153846153 0.1416952054794521 0.0180288461538462
1 0.7114726027397260 0.7507211538461539 0.1464041095890411 0.0134615384615385
1 0.7119006849315068 0.7680288461538461 0.1472602739726027 0.0185096153846154
1 0.3921232876712329 0.7872596153846154 0.1168664383561644 0.0300480769230769
1 0.2255993150684932 0.7302884615384615 0.1425513698630137 0.0192307692307692
1 0.2238869863013699 0.7108173076923077 0.1434075342465753 0.0197115384615385
1 0.0680650684931507 0.6480769230769231 0.1322773972602740 0.0149038461538462
1 0.2221746575342466 0.6923076923076923 0.1446917808219178 0.0151442307692308
1 0.0667808219178082 0.6653846153846154 0.1339897260273973 0.0165865384615385
1 0.2388698630136986 0.7978365384615385 0.1382705479452055 0.0182692307692308
1 0.3334760273972603 0.5377403846153846 0.1220034246575342 0.0144230769230769
1 0.2547089041095890 0.9021634615384615 0.1369863013698630 0.0170673076923077
1 0.2551369863013699 0.8798076923076923 0.1378424657534247 0.0259615384615385
1 0.2585616438356164 0.8528846153846154 0.1309931506849315 0.0237980769230769
1 0.1155821917808219 0.9024038461538462 0.1309931506849315 0.0165865384615385
1 0.1172945205479452 0.8850961538461538 0.1348458904109589 0.0151442307692308
1 0.1160102739726027 0.8697115384615385 0.1374143835616438 0.0156250000000000
1 0.1147260273972603 0.8516826923076923 0.1391267123287671 0.0175480769230769
1 0.7144691780821918 0.8298076923076924 0.1429794520547945 0.0290865384615385
1 0.7170376712328768 0.8562500000000000 0.1416952054794521 0.0211538461538462
1 0.7213184931506850 0.8776442307692308 0.1434075342465753 0.0175480769230769
1 0.7208904109589042 0.8944711538461538 0.1425513698630137 0.0170673076923077
1 0.8707191780821918 0.8314903846153846 0.1541095890410959 0.0269230769230769
1 0.8737157534246576 0.8569711538461539 0.1579623287671233 0.0206730769230769
1 0.8737157534246576 0.8762019230769231 0.1579623287671233 0.0175480769230769
1 0.8728595890410958 0.8951923076923077 0.1558219178082192 0.0156250000000000
1 0.0804794520547945 0.7141826923076923 0.1434075342465753 0.0204326923076923
1 0.0813356164383562 0.7331730769230769 0.1395547945205479 0.0173076923076923
1 0.1035958904109589 0.7689903846153846 0.1207191780821918 0.0180288461538462
1 0.1031678082191781 0.7850961538461538 0.1202910958904110 0.0141826923076923
1 0.1053082191780822 0.8014423076923077 0.1202910958904110 0.0168269230769231
1 0.2363013698630137 0.7620192307692307 0.1395547945205479 0.0144230769230769
1 0.2363013698630137 0.7790865384615384 0.1399828767123288 0.0173076923076923
1 0.0791952054794521 0.6959134615384616 0.1408390410958904 0.0137019230769231
1 0.3707191780821918 0.7264423076923077 0.1425513698630137 0.0189903846153846
1 0.5355308219178082 0.8264423076923076 0.1434075342465753 0.0168269230769231
1 0.3707191780821918 0.6891826923076924 0.1425513698630137 0.0165865384615385
1 0.4601883561643836 0.5348557692307693 0.1301369863013699 0.0168269230769231
1 0.4610445205479452 0.5531250000000000 0.1318493150684932 0.0144230769230769
1 0.6040239726027398 0.6028846153846154 0.1365582191780822 0.0170673076923077
1 0.4661815068493151 0.6560096153846153 0.1339897260273973 0.0180288461538462
1 0.4653253424657534 0.6394230769230769 0.1309931506849315 0.0137019230769231
1 0.4661815068493151 0.6230769230769231 0.1339897260273973 0.0146634615384615
1 0.4631849315068493 0.6060096153846154 0.1348458904109589 0.0175480769230769
1 0.3326198630136986 0.6598557692307693 0.1284246575342466 0.0182692307692308
1 0.3330479452054795 0.6427884615384616 0.1292808219178082 0.0156250000000000
1 0.3309075342465753 0.6262019230769231 0.1318493150684932 0.0153846153846154
1 0.3694349315068493 0.7069711538461538 0.1451198630136986 0.0170673076923077
1 0.3326198630136986 0.5709134615384616 0.1198630136986301 0.0175480769230769
1 0.4606164383561644 0.5697115384615384 0.1331335616438356 0.0168269230769231
1 0.5950342465753424 0.5307692307692308 0.1327054794520548 0.0189903846153846
1 0.1994863013698630 0.6644230769230769 0.1335616438356164 0.0151442307692308
1 0.2016267123287671 0.6478365384615384 0.1318493150684932 0.0127403846153846
1 0.1990582191780822 0.6322115384615384 0.1267123287671233 0.0170673076923077
1 0.1994863013698630 0.6141826923076923 0.1215753424657534 0.0141826923076923
1 0.8672945205479452 0.5603365384615384 0.1408390410958904 0.0173076923076923
1 0.8728595890410958 0.5418269230769230 0.1421232876712329 0.0151442307692308
1 0.8724315068493150 0.5252403846153846 0.1412671232876712 0.0151442307692308
1 0.8664383561643836 0.5081730769230769 0.1391267123287671 0.0165865384615385
1 0.5976027397260274 0.5653846153846154 0.1378424657534247 0.0158653846153846
1 0.5976027397260274 0.5475961538461539 0.1344178082191781 0.0146634615384615
1 0.5997431506849316 0.6387019230769231 0.1322773972602740 0.0158653846153846
1 0.6018835616438356 0.6218750000000000 0.1327054794520548 0.0161057692307692
1 0.7341609589041096 0.5963942307692308 0.1237157534246575 0.0144230769230769
1 0.4867294520547945 0.7221153846153846 0.0214041095890411 0.0199519230769231
1 0.4576198630136986 0.7218750000000000 0.0261130136986301 0.0185096153846154
1 0.4863013698630137 0.7026442307692308 0.0231164383561644 0.0173076923076923
1 0.4580479452054795 0.7024038461538461 0.0256849315068493 0.0170673076923077
1 0.4863013698630137 0.6858173076923076 0.0231164383561644 0.0144230769230769
1 0.4593321917808219 0.6860576923076923 0.0244006849315068 0.0129807692307692
1 0.5693493150684932 0.7206730769230769 0.1399828767123288 0.0199519230769231
1 0.5706335616438356 0.7014423076923076 0.1421232876712329 0.0165865384615385
1 0.5702054794520548 0.6846153846153846 0.1416952054794521 0.0153846153846154
1 0.7093321917808220 0.7189903846153847 0.1361301369863014 0.0187500000000000
1 0.7114726027397260 0.6995192307692307 0.1352739726027397 0.0189903846153846
1 0.7119006849315068 0.6812500000000000 0.1335616438356164 0.0149038461538462
1 0.6010273972602740 0.6550480769230769 0.1301369863013699 0.0170673076923077
1 0.8548801369863014 0.7158653846153846 0.1476883561643836 0.0194711538461538
1 0.8557363013698630 0.6951923076923077 0.1489726027397260 0.0192307692307692
1 0.8548801369863014 0.6771634615384615 0.1472602739726027 0.0151442307692308
1 0.8715753424657534 0.6500000000000000 0.1395547945205479 0.0146634615384615
1 0.8685787671232876 0.6329326923076923 0.1416952054794521 0.0173076923076923
1 0.8681506849315068 0.6141826923076923 0.1391267123287671 0.0177884615384615
1 0.8694349315068494 0.5980769230769231 0.1399828767123288 0.0151442307692308
1 0.7341609589041096 0.6528846153846154 0.1305650684931507 0.0185096153846154
1 0.7328767123287672 0.6343750000000000 0.1301369863013699 0.0165865384615385
1 0.7354452054794520 0.6141826923076923 0.1254280821917808 0.0177884615384615
1 0.5907534246575342 0.5134615384615384 0.1275684931506849 0.0139423076923077
