1 0.0989583333333333 0.7890625000000000 0.0546875000000000 0.1328125000000000
1 0.1593750000000000 0.7789062500000000 0.0588541666666667 0.1175781250000000
1 0.2192708333333333 0.7718750000000000 0.0473958333333333 0.1257812500000000
1 0.8270833333333333 0.5886718750000000 0.0213541666666667 0.0726562500000000
1 0.2682291666666667 0.7656250000000000 0.0500000000000000 0.1187500000000000
1 0.3203125000000000 0.7578125000000000 0.0536458333333333 0.1183593750000000
1 0.0411458333333333 0.7925781250000000 0.0583333333333333 0.1289062500000000
1 0.9864583333333333 0.5648437500000000 0.0281250000000000 0.0753906250000000
1 0.9442708333333333 0.6042968750000000 0.0234375000000000 0.0183593750000000
1 0.9130208333333333 0.5996093750000000 0.0312500000000000 0.0300781250000000
1 0.8807291666666667 0.5765625000000000 0.0239583333333333 0.0230468750000000
1 0.8822916666666667 0.6050781250000000 0.0270833333333333 0.0277343750000000
1 0.8520833333333333 0.5855468750000000 0.0281250000000000 0.0683593750000000
1 0.7973958333333333 0.5855468750000000 0.0265625000000000 0.0800781250000000
1 0.2369791666666667 0.6238281250000000 0.0427083333333333 0.1097656250000000
1 0.7343750000000000 0.5867187500000000 0.0317708333333333 0.0863281250000000
1 0.7015625000000000 0.5878906250000000 0.0255208333333333 0.0863281250000000
1 0.6713541666666667 0.5914062500000000 0.0338541666666667 0.0894531250000000
1 0.3692708333333333 0.7523437500000000 0.0447916666666667 0.1175781250000000
1 0.6333333333333333 0.5921875000000000 0.0380208333333333 0.0882812500000000
1 0.6005208333333333 0.5980468750000000 0.0276041666666667 0.0976562500000000
1 0.5671875000000000 0.5988281250000000 0.0369791666666667 0.0968750000000000
1 0.5229166666666667 0.5976562500000000 0.0432291666666667 0.1093750000000000
1 0.4770833333333334 0.5992187500000000 0.0489583333333333 0.1027343750000000
1 0.4281250000000000 0.6054687500000000 0.0427083333333333 0.1121093750000000
1 0.3760416666666667 0.6074218750000000 0.0588541666666667 0.1074218750000000
1 0.3270833333333333 0.6187500000000000 0.0401041666666667 0.1105468750000000
1 0.2828125000000000 0.6214843750000000 0.0463541666666667 0.1058593750000000
1 0.7671875000000000 0.5859375000000000 0.0270833333333333 0.0875000000000000
1 0.4114583333333333 0.7488281250000000 0.0348958333333333 0.1195312500000000
1 0.3697916666666667 0.9140625000000000 0.0427083333333333 0.1074218750000000
1 0.5010416666666667 0.7335937500000000 0.0359375000000000 0.1105468750000000
1 0.5369791666666667 0.8796875000000000 0.0411458333333333 0.0925781250000000
1 0.5770833333333333 0.8722656250000000 0.0359375000000000 0.0910156250000000
1 0.6119791666666666 0.8691406250000000 0.0317708333333333 0.0992187500000000
1 0.6479166666666667 0.8585937500000000 0.0390625000000000 0.0894531250000000
1 0.6812500000000000 0.8535156250000000 0.0203125000000000 0.0957031250000000
1 0.7125000000000000 0.8453125000000000 0.0395833333333333 0.0851562500000000
1 0.7453125000000000 0.8402343750000000 0.0260416666666667 0.0871093750000000
1 0.4973958333333333 0.8882812500000000 0.0380208333333333 0.0929687500000000
1 0.7802083333333333 0.8343750000000000 0.0317708333333333 0.0863281250000000
1 0.8385416666666666 0.8214843750000000 0.0322916666666667 0.0816406250000000
1 0.8687500000000000 0.8171875000000000 0.0250000000000000 0.0882812500000000
1 0.8973958333333333 0.8113281250000000 0.0312500000000000 0.0789062500000000
1 0.9265625000000000 0.8085937500000000 0.0239583333333333 0.0781250000000000
1 0.9531250000000000 0.8000000000000000 0.0312500000000000 0.0925781250000000
1 0.9869791666666666 0.7894531250000000 0.0265625000000000 0.0910156250000000
1 0.1807291666666667 0.6214843750000000 0.0619791666666667 0.1187500000000000
1 0.8104166666666667 0.8296875000000000 0.0250000000000000 0.0878906250000000
1 0.4583333333333333 0.8968750000000000 0.0354166666666667 0.1031250000000000
1 0.4166666666666667 0.9023437500000000 0.0416666666666667 0.0960937500000000
1 0.3265625000000000 0.9175781250000000 0.0416666666666667 0.1054687500000000
1 0.5453125000000000 0.7261718750000000 0.0479166666666667 0.1089843750000000
1 0.5828125000000000 0.7179687500000000 0.0255208333333333 0.0808593750000000
1 0.6223958333333334 0.7164062500000000 0.0427083333333333 0.0917968750000000
1 0.6692708333333334 0.7148437500000000 0.0421875000000000 0.0910156250000000
1 0.7062500000000000 0.7148437500000000 0.0244791666666667 0.0906250000000000
1 0.7369791666666666 0.7085937500000000 0.0307291666666667 0.0843750000000000
1 0.7682291666666666 0.7035156250000000 0.0296875000000000 0.0855468750000000
1 0.8281250000000000 0.6957031250000000 0.0354166666666667 0.0882812500000000
1 0.8625000000000000 0.6917968750000000 0.0255208333333333 0.0863281250000000
1 0.8937500000000000 0.6855468750000000 0.0328125000000000 0.0867187500000000
1 0.9260416666666667 0.6855468750000000 0.0234375000000000 0.0781250000000000
1 0.9604166666666667 0.6785156250000000 0.0375000000000000 0.0796875000000000
1 0.9901041666666667 0.6746093750000000 0.0171875000000000 0.0769531250000000
1 0.0864583333333333 0.9558593750000000 0.0630208333333333 0.0886718750000000
1 0.1505208333333333 0.9394531250000000 0.0656250000000000 0.1164062500000000
1 0.2135416666666667 0.9324218750000000 0.0546875000000000 0.1195312500000000
1 0.2729166666666666 0.9261718750000000 0.0593750000000000 0.1292968750000000
1 0.4562500000000000 0.7375000000000000 0.0473958333333333 0.1082031250000000
1 0.1156250000000000 0.6281250000000000 0.0635416666666667 0.1308593750000000
1 0.0255208333333333 0.9593750000000000 0.0510416666666667 0.0781250000000000
1 0.9817708333333334 0.4648437500000000 0.0286458333333333 0.0628906250000000
1 0.8203125000000000 0.2066406250000000 0.0265625000000000 0.1015625000000000
1 0.8473958333333333 0.2113281250000000 0.0218750000000000 0.0968750000000000
1 0.8708333333333333 0.2210937500000000 0.0203125000000000 0.0796875000000000
1 0.8921875000000000 0.2214843750000000 0.0197916666666667 0.0828125000000000
1 0.9114583333333334 0.2222656250000000 0.0156250000000000 0.0820312500000000
1 0.9307291666666667 0.2226562500000000 0.0208333333333333 0.0855468750000000
1 0.9531250000000000 0.2246093750000000 0.0203125000000000 0.0867187500000000
1 0.9833333333333333 0.2328125000000000 0.0343750000000000 0.0738281250000000
1 0.0145833333333333 0.3027343750000000 0.0296875000000000 0.1351562500000000
1 0.0651041666666667 0.3023437500000000 0.0656250000000000 0.1343750000000000
1 0.1244791666666667 0.3140625000000000 0.0473958333333333 0.1140625000000000
1 0.1765625000000000 0.3152343750000000 0.0500000000000000 0.1167968750000000
1 0.2213541666666667 0.3371093750000000 0.0338541666666667 0.0710937500000000
1 0.2692708333333333 0.3183593750000000 0.0494791666666667 0.1074218750000000
1 0.3192708333333333 0.3191406250000000 0.0432291666666667 0.1089843750000000
1 0.3645833333333333 0.3207031250000000 0.0411458333333333 0.1050781250000000
1 0.4046875000000000 0.3238281250000000 0.0390625000000000 0.1042968750000000
1 0.7854166666666667 0.2058593750000000 0.0390625000000000 0.1000000000000000
1 0.4463541666666667 0.3222656250000000 0.0401041666666667 0.1007812500000000
1 0.7421875000000000 0.2128906250000000 0.0380208333333333 0.0753906250000000
1 0.6723958333333333 0.1910156250000000 0.0338541666666667 0.1074218750000000
1 0.0489583333333333 0.6273437500000000 0.0645833333333333 0.1304687500000000
1 0.0322916666666667 0.1355468750000000 0.0317708333333333 0.1203125000000000
1 0.0677083333333333 0.1339843750000000 0.0348958333333333 0.1285156250000000
1 0.1083333333333333 0.1449218750000000 0.0395833333333333 0.1183593750000000
1 0.1479166666666667 0.1472656250000000 0.0354166666666667 0.1203125000000000
1 0.1828125000000000 0.1496093750000000 0.0328125000000000 0.1136718750000000
1 0.2197916666666667 0.1574218750000000 0.0385416666666667 0.1062500000000000
1 0.2916666666666667 0.1574218750000000 0.0338541666666667 0.1132812500000000
1 0.3296875000000000 0.1574218750000000 0.0359375000000000 0.1246093750000000
1 0.3677083333333334 0.1632812500000000 0.0328125000000000 0.1183593750000000
1 0.4145833333333334 0.1835937500000000 0.0218750000000000 0.0835937500000000
1 0.4536458333333334 0.1710937500000000 0.0453125000000000 0.1152343750000000
1 0.4937500000000000 0.1746093750000000 0.0338541666666667 0.1175781250000000
1 0.5640625000000000 0.1843750000000000 0.0276041666666667 0.1027343750000000
1 0.5927083333333333 0.1886718750000000 0.0234375000000000 0.1046875000000000
1 0.6182291666666667 0.1906250000000000 0.0223958333333333 0.1015625000000000
1 0.6416666666666667 0.1914062500000000 0.0229166666666667 0.0992187500000000
1 0.7041666666666667 0.1953125000000000 0.0260416666666667 0.1066406250000000
1 0.4843750000000000 0.3253906250000000 0.0338541666666667 0.1003906250000000
1 0.5291666666666667 0.1785156250000000 0.0348958333333333 0.1140625000000000
1 0.5786458333333333 0.3210937500000000 0.0437500000000000 0.1125000000000000
1 0.4348958333333333 0.4613281250000000 0.0442708333333333 0.1132812500000000
1 0.4817708333333333 0.4609375000000000 0.0463541666666667 0.1121093750000000
1 0.5317708333333333 0.4589843750000000 0.0510416666666667 0.1062500000000000
1 0.6130208333333333 0.4640625000000000 0.0369791666666667 0.0933593750000000
1 0.6520833333333333 0.4644531250000000 0.0354166666666667 0.0933593750000000
1 0.6864583333333333 0.4628906250000000 0.0333333333333333 0.0906250000000000
1 0.7171875000000000 0.4625000000000000 0.0286458333333333 0.0902343750000000
1 0.7479166666666667 0.4613281250000000 0.0312500000000000 0.0937500000000000
1 0.7781250000000000 0.4605468750000000 0.0276041666666667 0.0910156250000000
1 0.8031250000000000 0.4601562500000000 0.0218750000000000 0.0914062500000000
1 0.8302083333333333 0.4601562500000000 0.0307291666666667 0.0898437500000000
1 0.8526041666666667 0.4593750000000000 0.0151041666666667 0.0902343750000000
1 0.8718750000000000 0.4703125000000000 0.0223958333333333 0.0582031250000000
1 0.8973958333333333 0.4574218750000000 0.0270833333333333 0.0851562500000000
1 0.9291666666666667 0.4648437500000000 0.0244791666666667 0.0625000000000000
1 0.9546875000000000 0.4644531250000000 0.0229166666666667 0.0617187500000000
1 0.5286458333333334 0.3207031250000000 0.0479166666666667 0.1144531250000000
1 0.3854166666666667 0.4621093750000000 0.0494791666666667 0.1152343750000000
1 0.3375000000000000 0.4746093750000000 0.0390625000000000 0.0941406250000000
1 0.5760416666666667 0.4652343750000000 0.0348958333333333 0.0933593750000000
1 0.2520833333333333 0.4714843750000000 0.0432291666666667 0.1054687500000000
1 0.6848958333333334 0.3343750000000000 0.0338541666666667 0.0929687500000000
1 0.7171875000000000 0.3335937500000000 0.0302083333333333 0.0914062500000000
1 0.7484375000000000 0.3355468750000000 0.0328125000000000 0.0906250000000000
1 0.7817708333333333 0.3359375000000000 0.0317708333333333 0.0894531250000000
1 0.8213541666666667 0.3371093750000000 0.0250000000000000 0.0851562500000000
1 0.2953125000000000 0.4699218750000000 0.0411458333333333 0.1050781250000000
1 0.8645833333333334 0.3437500000000000 0.0166666666666667 0.0730468750000000
1 0.8843750000000000 0.3453125000000000 0.0197916666666667 0.0710937500000000
1 0.9062500000000000 0.3375000000000000 0.0213541666666667 0.0859375000000000
1 0.8468750000000000 0.3386718750000000 0.0177083333333333 0.0835937500000000
1 0.9463541666666667 0.3429687500000000 0.0177083333333333 0.0785156250000000
1 0.9651041666666667 0.3445312500000000 0.0161458333333333 0.0812500000000000
1 0.9880208333333333 0.3500000000000000 0.0223958333333333 0.0699218750000000
1 0.2052083333333333 0.4718750000000000 0.0473958333333333 0.1066406250000000
1 0.0270833333333333 0.4683593750000000 0.0541666666666667 0.1335937500000000
1 0.0911458333333333 0.4664062500000000 0.0661458333333333 0.1324218750000000
1 0.9265625000000000 0.3367187500000000 0.0161458333333333 0.0886718750000000
1 0.1531250000000000 0.4750000000000000 0.0552083333333333 0.1125000000000000
