1 0.3325163398692810 0.5526960784313726 0.0392156862745098 0.0738357843137255
1 0.3660130718954248 0.5582107843137255 0.0249183006535948 0.0646446078431373
1 0.2230392156862745 0.7748161764705882 0.0441176470588235 0.0625000000000000
1 0.8325163398692811 0.3158700980392157 0.0457516339869281 0.0438112745098039
1 0.7863562091503268 0.3091299019607843 0.0388071895424837 0.0588235294117647
1 0.7116013071895425 0.3106617647058824 0.0277777777777778 0.0536151960784314
1 0.6821895424836601 0.2950367647058824 0.0273692810457516 0.0912990196078431
1 0.3991013071895425 0.5539215686274510 0.0408496732026144 0.0732230392156863
1 0.6486928104575164 0.2950367647058824 0.0265522875816993 0.0857843137254902
1 0.6172385620915033 0.2925857843137255 0.0290032679738562 0.0863970588235294
1 0.7487745098039216 0.3103553921568628 0.0326797385620915 0.0560661764705882
1 0.8459967320261438 0.4469975490196079 0.0531045751633987 0.0419730392156863
1 0.6678921568627451 0.5643382352941176 0.0339052287581699 0.0566789215686275
1 0.4787581699346405 0.5579044117647058 0.0302287581699346 0.0692401960784314
1 0.5142973856209150 0.5545343137254902 0.0355392156862745 0.0719975490196078
1 0.5518790849673203 0.5487132352941176 0.0371732026143791 0.0891544117647059
1 0.5927287581699346 0.5499387254901961 0.0420751633986928 0.0827205882352941
1 0.6327614379084967 0.5689338235294118 0.0290032679738562 0.0481004901960784
1 0.7038398692810458 0.5640318627450981 0.0318627450980392 0.0557598039215686
1 0.7369281045751634 0.5680147058823529 0.0285947712418301 0.0493259803921569
1 0.7712418300653595 0.5652573529411765 0.0392156862745098 0.0585171568627451
1 0.8227124183006536 0.5603553921568627 0.0575980392156863 0.0603553921568627
1 0.5808823529411765 0.2938112745098039 0.0408496732026144 0.0922181372549020
1 0.4407679738562091 0.5536151960784313 0.0392156862745098 0.0726102941176471
1 0.5367647058823529 0.3042279411764706 0.0416666666666667 0.0695465686274510
1 0.5363562091503268 0.8943014705882353 0.0453431372549020 0.0612745098039216
1 0.1335784313725490 0.7631740196078431 0.0433006535947712 0.0625000000000000
1 0.3321078431372549 0.3023897058823529 0.0657679738562092 0.0719975490196078
1 0.2614379084967320 0.3023897058823529 0.0674019607843137 0.0719975490196078
1 0.1899509803921569 0.3011642156862745 0.0747549019607843 0.0695465686274510
1 0.1168300653594771 0.3036151960784313 0.0678104575163399 0.0713848039215686
1 0.0261437908496732 0.3128063725490196 0.0522875816993464 0.0778186274509804
1 0.0416666666666667 0.4185049019607843 0.0522875816993464 0.0689338235294118
1 0.7316176470588235 0.9037990196078431 0.0339052287581699 0.0569852941176471
1 0.6973039215686274 0.9047181372549019 0.0302287581699346 0.0560661764705882
1 0.6511437908496732 0.8903186274509803 0.0347222222222222 0.0793504901960784
1 0.6127450980392157 0.8900122549019608 0.0351307189542484 0.0762867647058824
1 0.5800653594771242 0.8952205882352942 0.0318627450980392 0.0750612745098039
1 0.4844771241830065 0.3054534313725490 0.0420751633986928 0.0664828431372549
1 0.2745098039215687 0.7738970588235294 0.0392156862745098 0.0667892156862745
1 0.4334150326797386 0.8927696078431373 0.0473856209150327 0.0640318627450980
1 0.3880718954248366 0.8946078431372549 0.0420751633986928 0.0643382352941176
1 0.3480392156862745 0.8915441176470589 0.0392156862745098 0.0674019607843137
1 0.2642973856209150 0.8930759803921569 0.0416666666666667 0.0643382352941176
1 0.2250816993464052 0.8909313725490197 0.0330882352941176 0.0634191176470588
1 0.1723856209150327 0.8912377450980392 0.0477941176470588 0.0637254901960784
1 0.1282679738562091 0.8897058823529411 0.0404411764705882 0.0664828431372549
1 0.0457516339869281 0.8750000000000000 0.0494281045751634 0.0634191176470588
1 0.0396241830065359 0.7588848039215687 0.0326797385620915 0.0542279411764706
1 0.0759803921568627 0.7561274509803921 0.0290032679738562 0.0631127450980392
1 0.1813725490196078 0.7650122549019608 0.0388071895424837 0.0695465686274510
1 0.4836601307189543 0.8949142156862745 0.0400326797385621 0.0683210784313725
1 0.3255718954248366 0.7720588235294118 0.0441176470588235 0.0655637254901961
1 0.6621732026143791 0.4286151960784313 0.0334967320261438 0.0833333333333333
1 0.4354575163398693 0.7708333333333334 0.0404411764705882 0.0723039215686275
1 0.6511437908496732 0.6672794117647058 0.0314542483660131 0.0621936274509804
1 0.6139705882352942 0.6666666666666666 0.0379901960784314 0.0637254901960784
1 0.5727124183006536 0.6534926470588235 0.0285947712418301 0.0863970588235294
1 0.5396241830065359 0.6495098039215687 0.0281862745098039 0.0848651960784314
1 0.4889705882352941 0.6571691176470589 0.0314542483660131 0.0710784313725490
1 0.4542483660130719 0.6587009803921569 0.0351307189542484 0.0680147058823529
1 0.4146241830065360 0.6611519607843137 0.0367647058823529 0.0732230392156863
1 0.3729575163398693 0.6580882352941176 0.0388071895424837 0.0729166666666667
1 0.3161764705882353 0.6626838235294118 0.0379901960784314 0.0618872549019608
1 0.2749183006535948 0.6593137254901961 0.0404411764705882 0.0661764705882353
1 0.2299836601307189 0.6614583333333334 0.0383986928104575 0.0618872549019608
1 0.7034313725490197 0.6669730392156863 0.0383986928104575 0.0588235294117647
1 0.1797385620915033 0.6599264705882353 0.0424836601307190 0.0618872549019608
1 0.0130718954248366 0.6225490196078431 0.0265522875816993 0.0508578431372549
1 0.0518790849673203 0.6063112745098039 0.0543300653594771 0.0416666666666667
1 0.0424836601307190 0.5183823529411765 0.0625000000000000 0.0772058823529412
1 0.0923202614379085 0.5226715686274510 0.0302287581699346 0.0802696078431373
1 0.1209150326797386 0.5542279411764706 0.0257352941176471 0.0713848039215686
1 0.1503267973856209 0.5545343137254902 0.0306372549019608 0.0628063725490196
1 0.1924019607843137 0.5542279411764706 0.0371732026143791 0.0735294117647059
1 0.2267156862745098 0.5563725490196079 0.0322712418300654 0.0664828431372549
1 0.2614379084967320 0.5533088235294118 0.0322712418300654 0.0716911764705882
1 0.2949346405228758 0.5579044117647058 0.0298202614379085 0.0637254901960784
1 0.4391339869281046 0.3045343137254902 0.0473856209150327 0.0643382352941176
1 0.1290849673202615 0.6571691176470589 0.0420751633986928 0.0652573529411765
1 0.3729575163398693 0.7751225490196079 0.0351307189542484 0.0661764705882353
1 0.7385620915032680 0.6685049019607843 0.0322712418300654 0.0621936274509804
1 0.8186274509803921 0.6629901960784313 0.0298202614379085 0.0594362745098039
1 0.4746732026143791 0.7662377450980392 0.0334967320261438 0.0716911764705882
1 0.5175653594771242 0.7720588235294118 0.0347222222222222 0.0716911764705882
1 0.5506535947712419 0.7693014705882353 0.0310457516339869 0.0695465686274510
1 0.6098856209150327 0.7818627450980392 0.0339052287581699 0.0597426470588235
1 0.6446078431372549 0.7812500000000000 0.0294117647058824 0.0582107843137255
1 0.6879084967320261 0.7833946078431373 0.0355392156862745 0.0563725490196078
1 0.7258986928104575 0.7812500000000000 0.0339052287581699 0.0582107843137255
1 0.7736928104575164 0.7815563725490197 0.0363562091503268 0.0588235294117647
1 0.8104575163398693 0.7748161764705882 0.0330882352941176 0.0710784313725490
1 0.7961601307189542 0.4482230392156863 0.0428921568627451 0.0416666666666667
1 0.7593954248366013 0.4408700980392157 0.0314542483660131 0.0560661764705882
1 0.7822712418300654 0.6636029411764706 0.0375816993464052 0.0661764705882353
1 0.7258986928104575 0.4396446078431372 0.0339052287581699 0.0588235294117647
1 0.6278594771241830 0.4283088235294117 0.0273692810457516 0.0830269607843137
1 0.5939542483660131 0.4280024509803921 0.0400326797385621 0.0821078431372549
1 0.5498366013071896 0.4304534313725490 0.0367647058823529 0.0753676470588235
1 0.4963235294117647 0.4350490196078431 0.0461601307189543 0.0646446078431373
1 0.4473039215686275 0.4359681372549020 0.0522875816993464 0.0661764705882353
1 0.3991013071895425 0.4368872549019608 0.0408496732026144 0.0680147058823529
1 0.3410947712418301 0.4316789215686275 0.0723039215686275 0.0723039215686275
1 0.2647058823529412 0.4325980392156863 0.0780228758169935 0.0713848039215686
1 0.1899509803921569 0.4325980392156863 0.0747549019607843 0.0683210784313725
1 0.1327614379084967 0.4344362745098039 0.0416666666666667 0.0689338235294118
1 0.0980392156862745 0.4203431372549020 0.0265522875816993 0.0520833333333333
1 0.6940359477124183 0.4264705882352941 0.0277777777777778 0.0821078431372549
1 0.3921568627450980 0.3048406862745098 0.0457516339869281 0.0652573529411765
1 0.8174019607843137 0.9028799019607843 0.0383986928104575 0.0637254901960784
1 0.8582516339869281 0.1418504901960784 0.1045751633986928 0.0955882352941176
1 0.7487745098039216 0.1467524509803922 0.1021241830065359 0.0909926470588235
1 0.6446078431372549 0.1485906862745098 0.1062091503267974 0.0916053921568627
1 0.5363562091503268 0.1547181372549020 0.1029411764705882 0.0863970588235294
1 0.4313725490196079 0.1507352941176471 0.1017156862745098 0.0925245098039216
1 0.3292483660130719 0.1522671568627451 0.1025326797385621 0.0870098039215686
1 0.2242647058823529 0.1498161764705882 0.1004901960784314 0.0885416666666667
1 0.1180555555555556 0.1479779411764706 0.1086601307189543 0.0873161764705882
1 0.7785947712418301 0.9019607843137255 0.0388071895424837 0.0618872549019608
