1 0.2772435897435898 0.4512832699619772 0.0413461538461538 0.0884030418250951
1 0.2323717948717949 0.4534220532319392 0.0442307692307692 0.0929182509505703
1 0.6503205128205128 0.6855988593155894 0.0448717948717949 0.1052756653992395
1 0.2384615384615385 0.6858365019011406 0.0435897435897436 0.1126425855513308
1 0.2942307692307692 0.6855988593155894 0.0631410256410256 0.1124049429657795
1 0.3576923076923077 0.6884505703422054 0.0564102564102564 0.1109790874524715
1 0.4182692307692308 0.6891634980988594 0.0538461538461538 0.1097908745247148
1 0.4717948717948718 0.6875000000000000 0.0467948717948718 0.1114543726235741
1 0.5160256410256411 0.6848859315589354 0.0397435897435897 0.1107414448669202
1 0.5573717948717949 0.6848859315589354 0.0387820512820513 0.1067015209125475
1 0.6022435897435897 0.6825095057034221 0.0416666666666667 0.1036121673003802
1 0.9298076923076923 0.4396387832699620 0.0403846153846154 0.1204847908745247
1 0.6996794871794871 0.6870247148288974 0.0477564102564103 0.1102661596958175
1 0.7528846153846154 0.6853612167300380 0.0519230769230769 0.1095532319391635
1 0.8073717948717949 0.6832224334600761 0.0435897435897436 0.1074144486692015
1 0.8525641025641025 0.6846482889733840 0.0410256410256410 0.1105038022813688
1 0.9067307692307692 0.6834600760456274 0.0442307692307692 0.1105038022813688
1 0.9525641025641025 0.6848859315589354 0.0432692307692308 0.1131178707224335
1 0.9887820512820513 0.6855988593155894 0.0224358974358974 0.1097908745247148
1 0.0243589743589744 0.8229562737642585 0.0458333333333333 0.1207224334600761
1 0.0791666666666667 0.8241444866920152 0.0564102564102564 0.1233365019011407
1 0.1516025641025641 0.8248574144486692 0.0679487179487179 0.1221482889733840
1 0.2137820512820513 0.8279467680608364 0.0503205128205128 0.1235741444866920
1 0.2820512820512820 0.8277091254752852 0.0695512820512821 0.1188212927756654
1 0.3445512820512820 0.8272338403041825 0.0490384615384615 0.1204847908745247
1 0.3653846153846154 0.4505703422053232 0.0413461538461538 0.0895912547528517
1 0.3227564102564103 0.4510456273764258 0.0423076923076923 0.0903041825095057
1 0.4102564102564102 0.8379277566539924 0.0532051282051282 0.1002851711026616
1 0.4682692307692308 0.8379277566539924 0.0490384615384615 0.1071768060836502
1 0.5243589743589744 0.8362642585551331 0.0557692307692308 0.1036121673003802
1 0.5839743589743590 0.8357889733840305 0.0448717948717949 0.1002851711026616
1 0.6352564102564102 0.8348384030418251 0.0490384615384615 0.1031368821292776
1 0.1833333333333333 0.6875000000000000 0.0602564102564103 0.1159695817490494
1 0.1208333333333333 0.6943916349809885 0.0589743589743590 0.1048003802281369
1 0.0621794871794872 0.6896387832699620 0.0532051282051282 0.1088403041825095
1 0.0160256410256410 0.6905893536121673 0.0323717948717949 0.1086026615969582
1 0.8826923076923077 0.4408269961977186 0.0391025641025641 0.1157319391634981
1 0.8451923076923077 0.4424904942965779 0.0266025641025641 0.1100285171102662
1 0.8070512820512821 0.4410646387832700 0.0368589743589744 0.1116920152091255
1 0.7618589743589743 0.4529467680608365 0.0391025641025641 0.0893536121673004
1 0.7201923076923077 0.4531844106463878 0.0394230769230769 0.0924429657794677
1 0.6817307692307693 0.4527091254752852 0.0336538461538462 0.0914923954372624
1 0.6413461538461539 0.4522338403041825 0.0423076923076923 0.0905418250950570
1 0.5939102564102564 0.4512832699619772 0.0375000000000000 0.0886406844106464
1 0.5432692307692307 0.4527091254752852 0.0445512820512821 0.0914923954372624
1 0.5009615384615385 0.4512832699619772 0.0342948717948718 0.0886406844106464
1 0.4576923076923077 0.4519961977186312 0.0397435897435897 0.0853136882129278
1 0.4137820512820513 0.4519961977186312 0.0448717948717949 0.0876901140684411
1 0.0480769230769231 0.5613117870722434 0.0560897435897436 0.1052756653992395
1 0.1022435897435897 0.5615494296577946 0.0471153846153846 0.1093155893536122
1 0.6974358974358974 0.8355513307984791 0.0464743589743590 0.0957699619771863
1 0.1602564102564103 0.5625000000000000 0.0512820512820513 0.1021863117870722
1 0.2685897435897436 0.5617870722433460 0.0544871794871795 0.1050380228136882
1 0.3230769230769231 0.5603612167300380 0.0519230769230769 0.1071768060836502
1 0.3769230769230769 0.5608365019011406 0.0519230769230769 0.1081273764258555
1 0.4288461538461538 0.5598859315589354 0.0474358974358974 0.1083650190114068
1 0.4794871794871795 0.5594106463878327 0.0461538461538462 0.1052756653992395
1 0.5317307692307692 0.5596482889733840 0.0490384615384615 0.1081273764258555
1 0.5798076923076924 0.5598859315589354 0.0429487179487179 0.1059885931558935
1 0.6317307692307692 0.5601235741444867 0.0538461538461538 0.1040874524714829
1 0.6862179487179487 0.5613117870722434 0.0516025641025641 0.1067015209125475
1 0.7355769230769231 0.5622623574144486 0.0413461538461538 0.1059885931558935
1 0.7891025641025641 0.5632129277566540 0.0564102564102564 0.1036121673003802
1 0.8458333333333333 0.5632129277566540 0.0551282051282051 0.1059885931558935
1 0.9160256410256410 0.5634505703422054 0.0660256410256410 0.1064638783269962
1 0.9746794871794872 0.5641634980988594 0.0439102564102564 0.1055133079847909
1 0.2137820512820513 0.5629752851711026 0.0467948717948718 0.1055133079847909
1 0.7528846153846154 0.8343631178707225 0.0586538461538462 0.0976711026615970
1 0.9862179487179488 0.4451045627376426 0.0272435897435897 0.1126425855513308
1 0.8628205128205129 0.8348384030418251 0.0464743589743590 0.1007604562737643
1 0.9240384615384616 0.1898764258555133 0.0509615384615385 0.0175855513307985
1 0.9772435897435897 0.1865494296577947 0.0464743589743590 0.0175855513307985
1 0.9772435897435897 0.2115019011406844 0.0461538461538462 0.0261406844106464
1 0.9342948717948718 0.2126901140684411 0.0282051282051282 0.0244771863117871
1 0.0342948717948718 0.3160646387832700 0.0439102564102564 0.0955323193916350
1 0.1291666666666667 0.3191539923954372 0.0387820512820513 0.0924429657794677
1 0.1801282051282051 0.3208174904942966 0.0506410256410256 0.0914923954372624
1 0.2285256410256410 0.3222433460076046 0.0423076923076923 0.0919676806083650
1 0.2750000000000000 0.3234315589353612 0.0458333333333333 0.0941064638783270
1 0.3256410256410256 0.3246197718631179 0.0448717948717949 0.0919676806083650
1 0.3727564102564103 0.3248574144486692 0.0416666666666667 0.0895912547528517
1 0.4173076923076923 0.3250950570342205 0.0397435897435897 0.0910171102661597
1 0.4612179487179487 0.3269961977186312 0.0445512820512821 0.0898288973384030
1 0.5073717948717948 0.3269961977186312 0.0371794871794872 0.0922053231939163
1 0.5557692307692308 0.3269961977186312 0.0445512820512821 0.0938688212927757
1 0.6016025641025641 0.3265209125475285 0.0375000000000000 0.0957699619771863
1 0.1836538461538462 0.4522338403041825 0.0487179487179487 0.0903041825095057
1 0.1349358974358974 0.4508079847908745 0.0413461538461538 0.0924429657794677
1 0.0900641025641026 0.4479562737642586 0.0410256410256410 0.0910171102661597
1 0.8141025641025641 0.8357889733840305 0.0413461538461538 0.0960076045627376
1 0.0416666666666667 0.4479562737642586 0.0496794871794872 0.0912547528517110
1 0.9887820512820513 0.3269961977186312 0.0224358974358974 0.0988593155893536
1 0.8996794871794872 0.3239068441064639 0.0333333333333333 0.1043250950570342
1 0.8608974358974359 0.3250950570342205 0.0326923076923077 0.1000475285171103
1 0.8240384615384615 0.3246197718631179 0.0301282051282051 0.1012357414448669
1 0.7846153846153846 0.3262832699619772 0.0410256410256410 0.0950570342205323
1 0.7365384615384616 0.3260456273764258 0.0442307692307692 0.0948193916349810
1 0.6907051282051282 0.3279467680608365 0.0391025641025641 0.0964828897338403
1 0.6483974358974359 0.3279467680608365 0.0378205128205128 0.0941064638783270
1 0.8631410256410257 0.1901140684410646 0.0493589743589744 0.0180608365019011
1 0.8820512820512820 0.1656368821292776 0.0477564102564103 0.0221007604562738
1 0.0817307692307692 0.3189163498098859 0.0432692307692308 0.0917300380228137
1 0.5224358974358975 0.1299904942965779 0.0586538461538462 0.0812737642585551
1 0.9144230769230769 0.8376901140684411 0.0413461538461538 0.0950570342205323
1 0.9612179487179487 0.8348384030418251 0.0416666666666667 0.0941064638783270
1 0.0224358974358974 0.1977186311787072 0.0384615384615385 0.0879277566539924
1 0.0663461538461538 0.1989068441064639 0.0432692307692308 0.0905418250950570
1 0.1160256410256410 0.1996197718631179 0.0439102564102564 0.0900665399239544
1 0.1692307692307692 0.2079372623574144 0.0474358974358974 0.0807984790874525
1 0.2153846153846154 0.2105513307984791 0.0410256410256410 0.0769961977186312
1 0.2743589743589744 0.2317015209125475 0.0663461538461538 0.0365969581749049
1 0.4365384615384615 0.1520912547528517 0.0445512820512821 0.0356463878326996
1 0.4089743589743590 0.2345532319391635 0.0660256410256410 0.0382604562737643
1 0.4753205128205128 0.2362167300380228 0.0631410256410256 0.0389733840304183
1 0.5423076923076923 0.2395437262357414 0.0576923076923077 0.0365969581749049
1 0.6016025641025641 0.2416825095057034 0.0560897435897436 0.0387357414448669
1 0.6644230769230769 0.2393060836501901 0.0576923076923077 0.0339828897338403
1 0.7262820512820513 0.2153041825095057 0.0391025641025641 0.0914923954372624
1 0.3384615384615385 0.2326520912547529 0.0615384615384615 0.0384980988593156
1 0.8041666666666667 0.2160171102661597 0.0246794871794872 0.0881653992395437
1 0.7679487179487180 0.2157794676806084 0.0365384615384615 0.0924429657794677
1 0.7243589743589743 0.1582699619771863 0.0474358974358974 0.0187737642585551
1 0.6657051282051282 0.1608840304182509 0.0419871794871795 0.0280418250950570
1 0.6205128205128205 0.1594581749049430 0.0410256410256410 0.0275665399239544
1 0.6663461538461538 0.2010456273764259 0.0615384615384615 0.0375475285171103
1 0.5413461538461538 0.1984315589353612 0.0647435897435897 0.0437262357414449
1 0.6028846153846154 0.2003326996197719 0.0522435897435897 0.0406368821292776
1 0.4057692307692308 0.1922528517110266 0.0663461538461538 0.0451520912547528
1 0.3397435897435898 0.1894011406844106 0.0644230769230769 0.0439638783269962
1 0.2740384615384616 0.1898764258555133 0.0625000000000000 0.0442015209125475
1 0.9028846153846154 0.2319391634980989 0.0272435897435897 0.0603612167300380
1 0.8721153846153846 0.2317015209125475 0.0243589743589744 0.0577471482889734
1 0.8413461538461539 0.2302756653992395 0.0342948717948718 0.0596482889733840
1 0.4750000000000000 0.1951045627376426 0.0625000000000000 0.0396863117870722
