1 0.1640625000000000 0.3199218750000000 0.0625000000000000 0.0390625000000000
1 0.0270833333333333 0.2843750000000000 0.0541666666666667 0.0378906250000000
1 0.0312500000000000 0.3207031250000000 0.0630208333333333 0.0347656250000000
1 0.0328125000000000 0.3488281250000000 0.0661458333333333 0.0191406250000000
1 0.1005208333333333 0.3480468750000000 0.0630208333333333 0.0207031250000000
1 0.0973958333333333 0.3207031250000000 0.0640625000000000 0.0343750000000000
1 0.0916666666666667 0.2832031250000000 0.0687500000000000 0.0382812500000000
1 0.1625000000000000 0.2824218750000000 0.0687500000000000 0.0343750000000000
1 0.1671875000000000 0.3480468750000000 0.0682291666666667 0.0183593750000000
1 0.2973958333333334 0.3207031250000000 0.0692708333333333 0.0371093750000000
1 0.2307291666666667 0.3195312500000000 0.0614583333333333 0.0375000000000000
1 0.2286458333333333 0.2820312500000000 0.0635416666666667 0.0371093750000000
1 0.7036458333333333 0.3207031250000000 0.0677083333333333 0.0371093750000000
1 0.2947916666666667 0.2824218750000000 0.0656250000000000 0.0398437500000000
1 0.0260416666666667 0.4335937500000000 0.0520833333333333 0.0363281250000000
1 0.3005208333333333 0.3488281250000000 0.0635416666666667 0.0191406250000000
1 0.3666666666666666 0.3484375000000000 0.0651041666666667 0.0203125000000000
1 0.3656250000000000 0.3210937500000000 0.0666666666666667 0.0343750000000000
1 0.2343750000000000 0.3488281250000000 0.0656250000000000 0.0191406250000000
1 0.0296875000000000 0.4652343750000000 0.0598958333333333 0.0261718750000000
1 0.4453125000000000 0.4523437500000000 0.0661458333333333 0.0476562500000000
1 0.1671875000000000 0.4503906250000000 0.0656250000000000 0.0515625000000000
1 0.6609375000000000 0.5378906250000000 0.0692708333333333 0.0488281250000000
1 0.6604166666666667 0.5753906250000000 0.0666666666666667 0.0238281250000000
1 0.7291666666666666 0.5750000000000000 0.0682291666666667 0.0250000000000000
1 0.7296875000000000 0.5386718750000000 0.0651041666666667 0.0476562500000000
1 0.7979166666666667 0.5390625000000000 0.0682291666666667 0.0492187500000000
1 0.7973958333333333 0.5761718750000000 0.0651041666666667 0.0246093750000000
1 0.8645833333333334 0.5761718750000000 0.0635416666666667 0.0222656250000000
1 0.8687500000000000 0.5390625000000000 0.0723958333333333 0.0511718750000000
1 0.9604166666666667 0.5328125000000000 0.0609375000000000 0.0371093750000000
1 0.9593750000000000 0.5710937500000000 0.0645833333333333 0.0375000000000000
1 0.9645833333333333 0.4546875000000000 0.0687500000000000 0.0589843750000000
1 0.8812500000000000 0.4562500000000000 0.0739583333333333 0.0515625000000000
1 0.8088541666666667 0.4554687500000000 0.0671875000000000 0.0527343750000000
1 0.7401041666666667 0.4542968750000000 0.0703125000000000 0.0503906250000000
1 0.6614583333333334 0.4476562500000000 0.0640625000000000 0.0542968750000000
1 0.5942708333333333 0.4523437500000000 0.0671875000000000 0.0500000000000000
1 0.5192708333333333 0.4523437500000000 0.0671875000000000 0.0500000000000000
1 0.3614583333333333 0.2832031250000000 0.0651041666666667 0.0402343750000000
1 0.3770833333333333 0.4511718750000000 0.0671875000000000 0.0500000000000000
1 0.3031250000000000 0.4523437500000000 0.0661458333333333 0.0496093750000000
1 0.2354166666666667 0.4503906250000000 0.0651041666666667 0.0515625000000000
1 0.0984375000000000 0.4511718750000000 0.0656250000000000 0.0464843750000000
1 0.4338541666666667 0.3484375000000000 0.0661458333333333 0.0226562500000000
1 0.5666666666666667 0.3492187500000000 0.0656250000000000 0.0210937500000000
1 0.4317708333333333 0.2835937500000000 0.0697916666666667 0.0398437500000000
1 0.9708333333333333 0.3093750000000000 0.0526041666666667 0.0355468750000000
1 0.9661458333333334 0.3445312500000000 0.0520833333333333 0.0328125000000000
1 0.9031250000000000 0.3507812500000000 0.0677083333333333 0.0179687500000000
1 0.9041666666666667 0.3218750000000000 0.0661458333333333 0.0375000000000000
1 0.9109375000000000 0.2839843750000000 0.0666666666666667 0.0363281250000000
1 0.5687500000000000 0.3207031250000000 0.0635416666666667 0.0347656250000000
1 0.5713541666666667 0.2835937500000000 0.0651041666666667 0.0398437500000000
1 0.6390625000000000 0.2835937500000000 0.0671875000000000 0.0375000000000000
1 0.6348958333333333 0.3214843750000000 0.0682291666666667 0.0359375000000000
1 0.6322916666666667 0.3492187500000000 0.0651041666666667 0.0210937500000000
1 0.8427083333333333 0.2839843750000000 0.0666666666666667 0.0390625000000000
1 0.8364583333333333 0.3226562500000000 0.0651041666666667 0.0359375000000000
1 0.5026041666666666 0.2828125000000000 0.0692708333333333 0.0347656250000000
1 0.5015625000000000 0.3195312500000000 0.0671875000000000 0.0371093750000000
1 0.8354166666666667 0.3503906250000000 0.0661458333333333 0.0207031250000000
1 0.7677083333333333 0.3503906250000000 0.0661458333333333 0.0210937500000000
1 0.7703125000000000 0.3214843750000000 0.0671875000000000 0.0359375000000000
1 0.7744791666666667 0.2843750000000000 0.0625000000000000 0.0382812500000000
1 0.7072916666666667 0.2832031250000000 0.0692708333333333 0.0378906250000000
1 0.9822916666666667 0.2078125000000000 0.0364583333333333 0.0281250000000000
1 0.9281250000000000 0.2070312500000000 0.0656250000000000 0.0292968750000000
1 0.8583333333333333 0.2058593750000000 0.0697916666666667 0.0292968750000000
1 0.7885416666666667 0.2062500000000000 0.0677083333333333 0.0285156250000000
1 0.5010416666666667 0.3480468750000000 0.0656250000000000 0.0207031250000000
1 0.5895833333333333 0.5378906250000000 0.0635416666666667 0.0488281250000000
1 0.0890625000000000 0.2058593750000000 0.0703125000000000 0.0292968750000000
1 0.0869791666666667 0.1718750000000000 0.0656250000000000 0.0398437500000000
1 0.1546875000000000 0.1718750000000000 0.0703125000000000 0.0421875000000000
1 0.1593750000000000 0.2066406250000000 0.0671875000000000 0.0253906250000000
1 0.2296875000000000 0.2050781250000000 0.0697916666666667 0.0265625000000000
1 0.2244791666666667 0.1726562500000000 0.0718750000000000 0.0382812500000000
1 0.2947916666666667 0.1726562500000000 0.0692708333333333 0.0378906250000000
1 0.4338541666666667 0.3203125000000000 0.0687500000000000 0.0335937500000000
1 0.3000000000000000 0.2058593750000000 0.0692708333333333 0.0273437500000000
1 0.3651041666666667 0.1722656250000000 0.0687500000000000 0.0390625000000000
1 0.4343750000000000 0.1714843750000000 0.0703125000000000 0.0402343750000000
1 0.4369791666666666 0.2058593750000000 0.0677083333333333 0.0292968750000000
1 0.5072916666666667 0.1710937500000000 0.0708333333333333 0.0410156250000000
1 0.5802083333333333 0.1714843750000000 0.0697916666666667 0.0402343750000000
1 0.5770833333333333 0.2058593750000000 0.0697916666666667 0.0292968750000000
1 0.5072916666666667 0.2066406250000000 0.0697916666666667 0.0300781250000000
1 0.6473958333333333 0.2062500000000000 0.0666666666666667 0.0289062500000000
1 0.7171875000000000 0.2070312500000000 0.0687500000000000 0.0273437500000000
1 0.3697916666666667 0.2062500000000000 0.0666666666666667 0.0285156250000000
1 0.5911458333333334 0.5738281250000000 0.0666666666666667 0.0226562500000000
1 0.7005208333333334 0.3496093750000000 0.0651041666666667 0.0203125000000000
1 0.5192708333333333 0.5371093750000000 0.0666666666666667 0.0484375000000000
1 0.8520833333333333 0.7613281250000000 0.0671875000000000 0.0527343750000000
1 0.8406250000000000 0.8078125000000000 0.0677083333333333 0.0394531250000000
1 0.9427083333333334 0.8085937500000000 0.1140625000000000 0.0515625000000000
1 0.9442708333333333 0.6625000000000000 0.1109375000000000 0.0609375000000000
1 0.8473958333333333 0.6761718750000000 0.0630208333333333 0.0238281250000000
1 0.0322916666666667 0.8031250000000000 0.0651041666666667 0.0457031250000000
1 0.7807291666666667 0.7640625000000000 0.0718750000000000 0.0500000000000000
1 0.0270833333333333 0.2121093750000000 0.0541666666666667 0.0406250000000000
1 0.8510416666666667 0.6429687500000000 0.0682291666666667 0.0429687500000000
1 0.7833333333333333 0.6414062500000000 0.0598958333333333 0.0429687500000000
1 0.7807291666666667 0.6753906250000000 0.0651041666666667 0.0234375000000000
1 0.7161458333333334 0.6746093750000000 0.0604166666666667 0.0222656250000000
1 0.7161458333333334 0.6410156250000000 0.0645833333333333 0.0437500000000000
1 0.6515625000000000 0.6417968750000000 0.0609375000000000 0.0421875000000000
1 0.0265625000000000 0.1726562500000000 0.0536458333333333 0.0406250000000000
1 0.7776041666666667 0.8082031250000000 0.0604166666666667 0.0378906250000000
1 0.7052083333333333 0.8070312500000000 0.0666666666666667 0.0382812500000000
1 0.0338541666666667 0.7527343750000000 0.0677083333333333 0.0554687500000000
1 0.6447916666666667 0.7613281250000000 0.0651041666666667 0.0507812500000000
1 0.7125000000000000 0.7632812500000000 0.0640625000000000 0.0488281250000000
1 0.5182291666666666 0.5730468750000000 0.0666666666666667 0.0238281250000000
1 0.6395833333333333 0.8070312500000000 0.0619791666666667 0.0382812500000000
1 0.5744791666666667 0.8050781250000000 0.0625000000000000 0.0371093750000000
1 0.5755208333333334 0.7625000000000000 0.0666666666666667 0.0484375000000000
1 0.5109375000000000 0.7644531250000000 0.0619791666666667 0.0445312500000000
1 0.5119791666666667 0.8046875000000000 0.0614583333333333 0.0378906250000000
1 0.4447916666666666 0.7613281250000000 0.0619791666666667 0.0449218750000000
1 0.4463541666666667 0.8039062500000000 0.0630208333333333 0.0371093750000000
1 0.3828125000000000 0.8019531250000000 0.0625000000000000 0.0363281250000000
1 0.3807291666666667 0.7582031250000000 0.0583333333333333 0.0511718750000000
1 0.3177083333333333 0.8015625000000000 0.0614583333333333 0.0398437500000000
1 0.1062500000000000 0.7562500000000000 0.0656250000000000 0.0414062500000000
1 0.1083333333333333 0.7992187500000000 0.0671875000000000 0.0445312500000000
1 0.6515625000000000 0.6742187500000000 0.0661458333333333 0.0230468750000000
1 0.5807291666666666 0.6746093750000000 0.0635416666666667 0.0222656250000000
1 0.9458333333333333 0.7531250000000000 0.1078125000000000 0.0546875000000000
1 0.5140625000000000 0.6406250000000000 0.0630208333333333 0.0445312500000000
1 0.3166666666666667 0.5351562500000000 0.0635416666666667 0.0464843750000000
1 0.1416666666666667 0.6710937500000000 0.0619791666666667 0.0246093750000000
1 0.1354166666666667 0.6355468750000000 0.0598958333333333 0.0425781250000000
1 0.0729166666666667 0.6726562500000000 0.0692708333333333 0.0195312500000000
1 0.0656250000000000 0.6394531250000000 0.0708333333333333 0.0445312500000000
1 0.0442708333333333 0.5339843750000000 0.0666666666666667 0.0515625000000000
1 0.0479166666666667 0.5718750000000000 0.0734375000000000 0.0238281250000000
1 0.1218750000000000 0.5710937500000000 0.0630208333333333 0.0253906250000000
1 0.1177083333333333 0.5339843750000000 0.0656250000000000 0.0464843750000000
1 0.1854166666666667 0.5347656250000000 0.0604166666666667 0.0476562500000000
1 0.1859375000000000 0.5710937500000000 0.0661458333333333 0.0253906250000000
1 0.2515625000000000 0.5714843750000000 0.0619791666666667 0.0273437500000000
1 0.5822916666666667 0.6410156250000000 0.0651041666666667 0.0437500000000000
1 0.4484375000000000 0.5726562500000000 0.0661458333333333 0.0226562500000000
1 0.3822916666666666 0.5726562500000000 0.0666666666666667 0.0250000000000000
1 0.2520833333333333 0.5347656250000000 0.0625000000000000 0.0429687500000000
1 0.3151041666666667 0.5718750000000000 0.0651041666666667 0.0246093750000000
1 0.2604166666666667 0.6382812500000000 0.0609375000000000 0.0421875000000000
1 0.4468750000000000 0.5359375000000000 0.0687500000000000 0.0472656250000000
1 0.1984375000000000 0.6375000000000000 0.0552083333333333 0.0437500000000000
1 0.3255208333333333 0.6398437500000000 0.0598958333333333 0.0417968750000000
1 0.5156250000000000 0.6734375000000000 0.0661458333333333 0.0222656250000000
1 0.4479166666666667 0.6726562500000000 0.0604166666666667 0.0218750000000000
1 0.4489583333333333 0.6398437500000000 0.0604166666666667 0.0433593750000000
1 0.3864583333333333 0.6386718750000000 0.0609375000000000 0.0437500000000000
1 0.3875000000000000 0.6718750000000000 0.0588541666666667 0.0230468750000000
1 0.3270833333333333 0.6734375000000000 0.0593750000000000 0.0226562500000000
1 0.2026041666666667 0.6707031250000000 0.0583333333333333 0.0234375000000000
1 0.2635416666666667 0.6730468750000000 0.0614583333333333 0.0253906250000000
1 0.3812500000000000 0.5363281250000000 0.0598958333333333 0.0464843750000000
