1 0.8022875816993464 0.8743872549019608 0.0510620915032680 0.0833333333333333
1 0.2487745098039216 0.4604779411764706 0.0535130718954248 0.0765931372549020
1 0.7397875816993464 0.4525122549019608 0.0539215686274510 0.0897671568627451
1 0.3116830065359477 0.4469975490196079 0.0669934640522876 0.1060049019607843
1 0.5220588235294118 0.4589460784313725 0.0596405228758170 0.0857843137254902
1 0.4636437908496732 0.4534313725490196 0.0482026143790850 0.0906862745098039
1 0.8549836601307189 0.8786764705882353 0.0506535947712418 0.0882352941176471
1 0.5939542483660131 0.4488357843137255 0.0788398692810457 0.1044730392156863
1 0.6772875816993464 0.4537377450980392 0.0633169934640523 0.0894607843137255
1 0.3901143790849673 0.4469975490196079 0.0898692810457516 0.1047794117647059
1 0.9015522875816994 0.8795955882352942 0.0441176470588235 0.0848651960784314
1 0.1564542483660131 0.4620098039215687 0.0706699346405229 0.0710784313725490
1 0.3165849673202614 0.6841299019607843 0.0383986928104575 0.0925245098039216
1 0.0776143790849673 0.4448529411764706 0.0849673202614379 0.1029411764705882
1 0.8178104575163399 0.3367034313725490 0.0596405228758170 0.0796568627450980
1 0.7471405228758170 0.3348651960784313 0.0747549019607843 0.0824142156862745
1 0.6772875816993464 0.3357843137254902 0.0600490196078431 0.0811887254901961
1 0.6082516339869281 0.3376225490196079 0.0788398692810457 0.0781250000000000
1 0.5408496732026143 0.3382352941176471 0.0551470588235294 0.0793504901960784
1 0.4742647058823529 0.3409926470588235 0.0731209150326797 0.0753676470588235
1 0.4007352941176471 0.3373161764705883 0.0563725490196078 0.0854779411764706
1 0.3370098039215687 0.3416053921568628 0.0661764705882353 0.0719975490196078
1 0.2708333333333333 0.3256740196078431 0.0657679738562092 0.0965073529411765
1 0.0808823529411765 0.3400735294117647 0.0633169934640523 0.0738357843137255
1 0.9522058823529411 0.8780637254901961 0.0563725490196078 0.0873161764705882
1 0.3594771241830065 0.6801470588235294 0.0506535947712418 0.0879289215686275
1 0.3153594771241830 0.8802083333333334 0.0359477124183007 0.0762867647058824
1 0.5514705882352942 0.5643382352941176 0.0543300653594771 0.0860906862745098
1 0.0763888888888889 0.6853553921568627 0.0375816993464052 0.0704656862745098
1 0.1127450980392157 0.6896446078431373 0.0339052287581699 0.0796568627450980
1 0.1503267973856209 0.6887254901960784 0.0416666666666667 0.0805759803921569
1 0.4003267973856209 0.8734681372549019 0.0371732026143791 0.0998774509803922
1 0.4440359477124183 0.8722426470588235 0.0506535947712418 0.0971200980392157
1 0.4926470588235294 0.8740808823529411 0.0392156862745098 0.0983455882352941
1 0.5379901960784313 0.8719362745098039 0.0465686274509804 0.0962009803921569
1 0.5870098039215687 0.8728553921568627 0.0518790849673203 0.0958946078431373
1 0.6425653594771242 0.8734681372549019 0.0575980392156863 0.0971200980392157
1 0.0388071895424837 0.6868872549019608 0.0330882352941176 0.0643382352941176
1 0.7430555555555556 0.8728553921568627 0.0473856209150327 0.0912990196078431
1 0.2769607843137255 0.6813725490196079 0.0428921568627451 0.0857843137254902
1 0.8843954248366013 0.7913602941176471 0.0486111111111111 0.0287990196078431
1 0.8276143790849673 0.7907475490196079 0.0600490196078431 0.0327818627450980
1 0.7696078431372549 0.7879901960784313 0.0522875816993464 0.0278799019607843
1 0.7066993464052288 0.7913602941176471 0.0453431372549020 0.0238970588235294
1 0.7062908496732027 0.7604166666666666 0.0543300653594771 0.0297181372549020
1 0.4844771241830065 0.7735906862745098 0.0420751633986928 0.0542279411764706
1 0.4366830065359477 0.7726715686274510 0.0486111111111111 0.0566789215686275
1 0.3995098039215687 0.7803308823529411 0.0322712418300654 0.0431985294117647
1 0.2279411764705882 0.6813725490196079 0.0531045751633987 0.0845588235294118
1 0.3562091503267974 0.8854166666666666 0.0441176470588235 0.0729166666666667
1 0.8525326797385621 0.5686274509803921 0.0580065359477124 0.0946691176470588
1 0.2757352941176471 0.8820465686274510 0.0339052287581699 0.0738357843137255
1 0.9522058823529411 0.7941176470588235 0.0518790849673203 0.0223651960784314
1 0.7990196078431373 0.4518995098039216 0.0633169934640523 0.0885416666666667
1 0.9493464052287581 0.7643995098039216 0.0575980392156863 0.0278799019607843
1 0.8590686274509803 0.4506740196078431 0.0555555555555556 0.0909926470588235
1 0.0477941176470588 0.5652573529411765 0.0796568627450980 0.0943627450980392
1 0.1200980392156863 0.5698529411764706 0.0584150326797386 0.0781250000000000
1 0.4746732026143791 0.5609681372549019 0.0796568627450980 0.1056985294117647
1 0.4064542483660131 0.5667892156862745 0.0547385620915033 0.0925245098039216
1 0.3513071895424836 0.5649509803921569 0.0567810457516340 0.0882352941176471
1 0.2933006535947713 0.5652573529411765 0.0522875816993464 0.0830269607843137
1 0.2373366013071895 0.5698529411764706 0.0588235294117647 0.0928308823529412
1 0.0294117647058824 0.8789828431372549 0.0522875816993464 0.0726102941176471
1 0.0718954248366013 0.8786764705882353 0.0253267973856209 0.0723039215686275
1 0.1074346405228758 0.8805147058823529 0.0514705882352941 0.0655637254901961
1 0.1519607843137255 0.8838848039215687 0.0355392156862745 0.0713848039215686
1 0.1785130718954248 0.5710784313725490 0.0567810457516340 0.0824142156862745
1 0.6151960784313726 0.5621936274509803 0.0604575163398693 0.1032475490196078
1 0.6846405228758170 0.5744485294117647 0.0580065359477124 0.0796568627450980
1 0.7667483660130719 0.5606617647058824 0.0980392156862745 0.1041666666666667
1 0.1948529411764706 0.8841911764705882 0.0412581699346405 0.0732230392156863
1 0.2385620915032680 0.8844975490196079 0.0363562091503268 0.0778186274509804
1 0.3635620915032680 0.7794117647058824 0.0241013071895425 0.0389093137254902
1 0.3251633986928105 0.7830882352941176 0.0302287581699346 0.0355392156862745
1 0.6964869281045751 0.8602941176470589 0.0347222222222222 0.0707720588235294
1 0.2418300653594771 0.7754289215686274 0.0494281045751634 0.0603553921568627
1 0.9191176470588235 0.0474877450980392 0.0861928104575163 0.0919117647058824
1 0.0490196078431373 0.2254901960784314 0.0665849673202614 0.0842524509803922
1 0.6225490196078431 0.6875000000000000 0.0841503267973856 0.0894607843137255
1 0.1633986928104575 0.2245710784313726 0.0645424836601307 0.0796568627450980
1 0.1568627450980392 0.1681985294117647 0.0678104575163399 0.0278799019607843
1 0.4089052287581699 0.6798406862745098 0.0441176470588235 0.0888480392156863
1 0.5351307189542484 0.6832107843137255 0.0890522875816993 0.0821078431372549
1 0.2920751633986928 0.7763480392156863 0.0347222222222222 0.0493259803921569
1 0.2275326797385621 0.2218137254901961 0.0588235294117647 0.0867034313725490
1 0.2859477124183006 0.2270220588235294 0.0575980392156863 0.0781250000000000
1 0.3443627450980392 0.2251838235294118 0.0588235294117647 0.0741421568627451
1 0.4064542483660131 0.2221200980392157 0.0645424836601307 0.0805759803921569
1 0.4669117647058824 0.2215073529411765 0.0584150326797386 0.0833333333333333
1 0.5294117647058824 0.2205882352941176 0.0612745098039216 0.0863970588235294
1 0.5951797385620915 0.2196691176470588 0.0616830065359477 0.0845588235294118
1 0.6605392156862745 0.2212009803921569 0.0678104575163399 0.0799632352941176
1 0.7724673202614379 0.1479779411764706 0.0870098039215686 0.0373774509803922
1 0.7626633986928104 0.2190563725490196 0.0767973856209150 0.0860906862745098
1 0.8366013071895425 0.2224264705882353 0.0620915032679739 0.0753676470588235
1 0.8513071895424836 0.1678921568627451 0.0625000000000000 0.0260416666666667
1 0.6756535947712419 0.6911764705882353 0.0216503267973856 0.0759803921568627
1 0.8292483660130719 0.0487132352941176 0.0853758169934641 0.0900735294117647
1 0.7406045751633987 0.0502450980392157 0.0910947712418301 0.0934436274509804
1 0.1070261437908497 0.2288602941176471 0.0416666666666667 0.0747549019607843
1 0.5555555555555556 0.0514705882352941 0.0788398692810457 0.1007965686274510
1 0.1797385620915033 0.7732843137254902 0.0690359477124183 0.0575980392156863
1 0.1119281045751634 0.7738970588235294 0.0637254901960784 0.0563725490196078
1 0.0424836601307190 0.7732843137254902 0.0633169934640523 0.0575980392156863
1 0.9812091503267973 0.6973039215686274 0.0375816993464052 0.0542279411764706
1 0.9301470588235294 0.6979166666666666 0.0506535947712418 0.0572916666666667
1 0.8786764705882353 0.6914828431372549 0.0465686274509804 0.0689338235294118
1 0.8333333333333334 0.6945465686274510 0.0359477124183007 0.0615808823529412
1 0.7961601307189542 0.6951593137254902 0.0285947712418301 0.0618872549019608
1 0.7602124183006536 0.6911764705882353 0.0465686274509804 0.0686274509803922
1 0.7165032679738562 0.6887254901960784 0.0396241830065359 0.0729166666666667
1 0.6454248366013072 0.0499387254901961 0.0919117647058824 0.0928308823529412
1 0.1678921568627451 0.0922181372549020 0.0800653594771242 0.0220588235294118
1 0.0898692810457516 0.0533088235294118 0.0747549019607843 0.0995710784313725
1 0.3455882352941176 0.0775122549019608 0.0343137254901961 0.0548406862745098
1 0.1666666666666667 0.0410539215686275 0.0727124183006536 0.0781250000000000
1 0.2263071895424837 0.0606617647058824 0.0465686274509804 0.0876225490196078
1 0.2700163398692810 0.0508578431372549 0.0383986928104575 0.1007965686274510
1 0.4718137254901961 0.0511642156862745 0.0804738562091503 0.0977328431372549
1 0.3084150326797386 0.0600490196078431 0.0351307189542484 0.0882352941176471
1 0.3443627450980392 0.0260416666666667 0.0371732026143791 0.0474877450980392
1 0.3946078431372549 0.0367647058823529 0.0547385620915033 0.0655637254901961
1 0.3954248366013072 0.0879289215686275 0.0555555555555556 0.0349264705882353
