1 0.1217320261437908 0.6179534313725490 0.0392156862745098 0.0275735294117647
1 0.1801470588235294 0.5900735294117647 0.0727124183006536 0.0269607843137255
1 0.1809640522875817 0.6188725490196079 0.0682189542483660 0.0272671568627451
1 0.2540849673202614 0.5916053921568627 0.0702614379084967 0.0300245098039216
1 0.2553104575163399 0.6200980392156863 0.0694444444444444 0.0245098039215686
1 0.1380718954248366 0.8520220588235294 0.0428921568627451 0.0251225490196078
1 0.9346405228758170 0.8437500000000000 0.1102941176470588 0.1363357843137255
1 0.7426470588235294 0.7886029411764706 0.0625000000000000 0.0306372549019608
1 0.8108660130718954 0.8177083333333334 0.0612745098039216 0.0263480392156863
1 0.2933006535947713 0.8051470588235294 0.0686274509803922 0.0278799019607843
1 0.4922385620915033 0.7971813725490197 0.0539215686274510 0.0502450980392157
1 0.5506535947712419 0.8020833333333334 0.0592320261437908 0.0554534313725490
1 0.9832516339869281 0.5150122549019608 0.0351307189542484 0.1292892156862745
1 0.6107026143790850 0.8014705882352942 0.0575980392156863 0.0514705882352941
1 0.6715686274509803 0.7858455882352942 0.0584150326797386 0.0275735294117647
1 0.8100490196078431 0.7873774509803921 0.0633169934640523 0.0306372549019608
1 0.7381535947712419 0.8170955882352942 0.0596405228758170 0.0254289215686275
1 0.6715686274509803 0.8137254901960784 0.0580065359477124 0.0281862745098039
1 0.9354575163398693 0.5125612745098039 0.0551470588235294 0.1406250000000000
1 0.5069444444444444 0.4840686274509804 0.0551470588235294 0.0281862745098039
1 0.7549019607843137 0.4871323529411765 0.0518790849673203 0.0297181372549020
1 0.5110294117647058 0.3835784313725490 0.0694444444444444 0.0355392156862745
1 0.5833333333333334 0.3878676470588235 0.0669934640522876 0.0349264705882353
1 0.6580882352941176 0.3933823529411765 0.0567810457516340 0.0291053921568627
1 0.7132352941176471 0.3924632352941176 0.0514705882352941 0.0321691176470588
1 0.7794117647058824 0.3949142156862745 0.0588235294117647 0.0294117647058824
1 0.8390522875816994 0.3943014705882353 0.0608660130718954 0.0306372549019608
1 0.1229575163398693 0.4797794117647059 0.0575980392156863 0.0147058823529412
1 0.1875000000000000 0.4828431372549020 0.0678104575163399 0.0110294117647059
1 0.8120915032679739 0.4868259803921569 0.0539215686274510 0.0287990196078431
1 0.1229575163398693 0.4929534313725490 0.0608660130718954 0.0125612745098039
1 0.1895424836601307 0.4944852941176471 0.0686274509803922 0.0128676470588235
1 0.2622549019607843 0.4874387254901961 0.0612745098039216 0.0275735294117647
1 0.3251633986928105 0.4874387254901961 0.0657679738562092 0.0275735294117647
1 0.3884803921568628 0.4908088235294117 0.0575980392156863 0.0272671568627451
1 0.4456699346405229 0.4905024509803921 0.0543300653594771 0.0287990196078431
1 0.5682189542483660 0.4834558823529412 0.0555555555555556 0.0318627450980392
1 0.6413398692810458 0.4950980392156863 0.0580065359477124 0.0382965686274510
1 0.6989379084967320 0.4957107843137255 0.0547385620915033 0.0367647058823529
1 0.2144607843137255 0.8054534313725490 0.0710784313725490 0.0306372549019608
1 0.2843137254901961 0.7751225490196079 0.0759803921568627 0.0300245098039216
1 0.5861928104575164 0.7215073529411765 0.0661764705882353 0.0284926470588235
1 0.1433823529411765 0.8054534313725490 0.0531045751633987 0.0284926470588235
1 0.1360294117647059 0.7190563725490197 0.0584150326797386 0.0306372549019608
1 0.1343954248366013 0.6856617647058824 0.0580065359477124 0.0333946078431373
1 0.8325163398692811 0.6250000000000000 0.0510620915032680 0.0370710784313725
1 0.7700163398692811 0.6250000000000000 0.0665849673202614 0.0346200980392157
1 0.8321078431372549 0.5851715686274510 0.0718954248366013 0.0386029411764706
1 0.7589869281045751 0.5857843137254902 0.0694444444444444 0.0373774509803922
1 0.6924019607843137 0.6191789215686274 0.0800653594771242 0.0300245098039216
1 0.6168300653594772 0.6176470588235294 0.0694444444444444 0.0269607843137255
1 0.2050653594771242 0.6868872549019608 0.0710784313725490 0.0358455882352941
1 0.6862745098039216 0.5863970588235294 0.0714869281045752 0.0340073529411765
1 0.5502450980392157 0.6204044117647058 0.0580065359477124 0.0251225490196078
1 0.5473856209150327 0.5894607843137255 0.0653594771241830 0.0324754901960784
1 0.4779411764705883 0.6200980392156863 0.0674019607843137 0.0245098039215686
1 0.4746732026143791 0.5912990196078431 0.0669934640522876 0.0297181372549020
1 0.4056372549019608 0.6213235294117647 0.0727124183006536 0.0272671568627451
1 0.4031862745098039 0.5909926470588235 0.0714869281045752 0.0306372549019608
1 0.3284313725490196 0.6207107843137255 0.0690359477124183 0.0245098039215686
1 0.3267973856209150 0.5916053921568627 0.0755718954248366 0.0318627450980392
1 0.6164215686274510 0.5857843137254902 0.0686274509803922 0.0349264705882353
1 0.2116013071895425 0.7723651960784313 0.0690359477124183 0.0294117647058824
1 0.2794117647058824 0.6875000000000000 0.0763888888888889 0.0297181372549020
1 0.2818627450980392 0.7208946078431373 0.0678104575163399 0.0318627450980392
1 0.1425653594771242 0.7742034313725490 0.0580065359477124 0.0330882352941176
1 0.9812091503267973 0.6829044117647058 0.0277777777777778 0.1406250000000000
1 0.9285130718954249 0.6810661764705882 0.0633169934640523 0.1513480392156863
1 0.8116830065359477 0.7267156862745098 0.0661764705882353 0.0312500000000000
1 0.7381535947712419 0.7257965686274510 0.0759803921568627 0.0294117647058824
1 0.6625816993464052 0.7248774509803921 0.0690359477124183 0.0278799019607843
1 0.8014705882352942 0.6887254901960784 0.0682189542483660 0.0321691176470588
1 0.7357026143790850 0.6945465686274510 0.0580065359477124 0.0294117647058824
1 0.2066993464052287 0.7205882352941176 0.0682189542483660 0.0287990196078431
1 0.6638071895424836 0.6936274509803921 0.0780228758169935 0.0327818627450980
1 0.3047385620915033 0.3998161764705883 0.0531045751633987 0.0153186274509804
1 0.5155228758169934 0.7224264705882353 0.0690359477124183 0.0254289215686275
1 0.5841503267973857 0.6914828431372549 0.0686274509803922 0.0284926470588235
1 0.5134803921568627 0.6927083333333334 0.0678104575163399 0.0306372549019608
1 0.4358660130718954 0.7236519607843137 0.0665849673202614 0.0251225490196078
1 0.3578431372549020 0.7230392156862745 0.0698529411764706 0.0266544117647059
1 0.4358660130718954 0.6942401960784313 0.0727124183006536 0.0266544117647059
1 0.3594771241830065 0.6939338235294118 0.0706699346405229 0.0281862745098039
1 0.6687091503267973 0.6660539215686274 0.0710784313725490 0.0202205882352941
1 0.2495915032679739 0.4022671568627451 0.0518790849673203 0.0156250000000000
1 0.9734477124183006 0.1660539215686274 0.0543300653594771 0.1017156862745098
1 0.1164215686274510 0.3893995098039216 0.0608660130718954 0.0183823529411765
1 0.1568627450980392 0.1577818627450980 0.0714869281045752 0.0300245098039216
1 0.0947712418300654 0.1875000000000000 0.0494281045751634 0.0278799019607843
1 0.0939542483660131 0.1547181372549020 0.0510620915032680 0.0312500000000000
1 0.2111928104575163 0.2720588235294117 0.0674019607843137 0.0330882352941176
1 0.3958333333333333 0.2830882352941176 0.0596405228758170 0.0248161764705882
1 0.4542483660130719 0.2815563725490196 0.0551470588235294 0.0214460784313725
1 0.5224673202614379 0.2751225490196079 0.0714869281045752 0.0370710784313725
1 0.5984477124183006 0.2791053921568628 0.0776143790849673 0.0379901960784314
1 0.6609477124183006 0.2928921568627451 0.0433006535947712 0.0459558823529412
1 0.7169117647058824 0.2760416666666667 0.0718954248366013 0.0346200980392157
1 0.7945261437908496 0.2751225490196079 0.0767973856209150 0.0395220588235294
1 0.8680555555555556 0.2751225490196079 0.0669934640522876 0.0370710784313725
1 0.9313725490196079 0.3385416666666667 0.0216503267973856 0.0995710784313725
1 0.9673202614379085 0.3379289215686275 0.0420751633986928 0.0983455882352941
1 0.1209150326797386 0.3694852941176471 0.0633169934640523 0.0174632352941176
1 0.1932189542483660 0.3694852941176471 0.0702614379084967 0.0196078431372549
1 0.1854575163398693 0.3893995098039216 0.0706699346405229 0.0186887254901961
1 0.1568627450980392 0.1875000000000000 0.0714869281045752 0.0275735294117647
1 0.2540849673202614 0.3860294117647059 0.0510620915032680 0.0140931372549020
1 0.2189542483660131 0.1510416666666667 0.0453431372549020 0.0337009803921569
1 0.2197712418300654 0.1865808823529412 0.0465686274509804 0.0300245098039216
1 0.8627450980392157 0.1513480392156863 0.0731209150326797 0.0321691176470588
1 0.7855392156862745 0.1537990196078431 0.0743464052287582 0.0294117647058824
1 0.7013888888888888 0.1510416666666667 0.0825163398692810 0.0315563725490196
1 0.6168300653594772 0.1507352941176471 0.0763888888888889 0.0330882352941176
1 0.7083333333333334 0.1234681372549020 0.0898692810457516 0.0168504901960784
1 0.6180555555555556 0.1246936274509804 0.0821078431372549 0.0143995098039216
1 0.5408496732026143 0.1856617647058824 0.0645424836601307 0.0309436274509804
1 0.5416666666666666 0.1495098039215686 0.0698529411764706 0.0352328431372549
1 0.4726307189542484 0.1853553921568628 0.0633169934640523 0.0300245098039216
1 0.4709967320261438 0.1507352941176471 0.0661764705882353 0.0358455882352941
1 0.4133986928104575 0.1856617647058824 0.0469771241830065 0.0309436274509804
1 0.4125816993464052 0.1522671568627451 0.0486111111111111 0.0361519607843137
1 0.3607026143790850 0.1853553921568628 0.0469771241830065 0.0340073529411765
1 0.3627450980392157 0.1513480392156863 0.0477941176470588 0.0346200980392157
1 0.3141339869281046 0.1856617647058824 0.0457516339869281 0.0309436274509804
1 0.3137254901960784 0.1507352941176471 0.0494281045751634 0.0376838235294118
1 0.2671568627450980 0.1859681372549020 0.0449346405228758 0.0315563725490196
1 0.2651143790849673 0.1516544117647059 0.0441176470588235 0.0352328431372549
1 0.3096405228758170 0.3857230392156863 0.0535130718954248 0.0113357843137255
1 0.1196895424836601 0.5882352941176471 0.0441176470588235 0.0300245098039216
1 0.3696895424836601 0.8878676470588235 0.0551470588235294 0.0441176470588235
1 0.1392973856209150 0.8863357843137255 0.0416666666666667 0.0413602941176471
1 0.1891339869281046 0.8838848039215687 0.0526960784313725 0.0413602941176471
1 0.7732843137254902 0.8851102941176471 0.1233660130718954 0.0533088235294118
1 0.6458333333333334 0.8841911764705882 0.1184640522875817 0.0588235294117647
1 0.5245098039215687 0.8835784313725490 0.1184640522875817 0.0597426470588235
1 0.4293300653594771 0.8890931372549019 0.0567810457516340 0.0401348039215686
1 0.2479575163398693 0.8857230392156863 0.0584150326797386 0.0401348039215686
1 0.1368464052287582 0.2696078431372549 0.0784313725490196 0.0333946078431373
1 0.3092320261437909 0.8866421568627451 0.0555555555555556 0.0419730392156863
