1 0.5750661375661376 0.7364417989417990 0.0535714285714286 0.0631613756613757
1 0.2592592592592592 0.7377645502645502 0.0482804232804233 0.0611772486772487
1 0.3065476190476191 0.7364417989417990 0.0403439153439153 0.0654761904761905
1 0.4566798941798942 0.7397486772486772 0.0419973544973545 0.0651455026455026
1 0.6335978835978836 0.7357804232804233 0.0529100529100529 0.0591931216931217
1 0.4054232804232804 0.7384259259259259 0.0542328042328042 0.0644841269841270
1 0.5214947089947090 0.7285052910052910 0.0443121693121693 0.0472883597883598
1 0.2146164021164021 0.7371031746031746 0.0380291005291005 0.0615079365079365
1 0.3515211640211640 0.7420634920634921 0.0426587301587302 0.0641534391534392
1 0.1712962962962963 0.7390873015873016 0.0439814814814815 0.0638227513227513
1 0.7890211640211641 0.6339285714285714 0.0360449735449735 0.1051587301587302
1 0.0638227513227513 0.7414021164021164 0.0297619047619048 0.0628306878306878
1 0.0310846560846561 0.7420634920634921 0.0333994708994709 0.0621693121693122
1 0.9014550264550265 0.6329365079365079 0.0360449735449735 0.0962301587301587
1 0.8587962962962963 0.6355820105820106 0.0333994708994709 0.1015211640211640
1 0.8244047619047619 0.6319444444444444 0.0307539682539683 0.1061507936507936
1 0.7546296296296297 0.6372354497354498 0.0261243386243386 0.1021825396825397
1 0.7251984126984127 0.6369047619047619 0.0287698412698413 0.1015211640211640
1 0.6914682539682540 0.6375661375661376 0.0343915343915344 0.0978835978835979
1 0.6914682539682540 0.7374338624338624 0.0535714285714286 0.0648148148148148
1 0.6607142857142857 0.6385582010582010 0.0241402116402116 0.0975529100529101
1 0.1015211640211640 0.7589285714285714 0.0393518518518519 0.0446428571428571
1 0.7572751322751323 0.7466931216931217 0.0429894179894180 0.0515873015873016
1 0.6848544973544973 0.8485449735449735 0.0376984126984127 0.1061507936507936
1 0.8366402116402116 0.7473544973544973 0.0185185185185185 0.0459656084656085
1 0.6289682539682540 0.6352513227513228 0.0367063492063492 0.1025132275132275
1 0.9834656084656085 0.8558201058201058 0.0261243386243386 0.0744047619047619
1 0.9507275132275133 0.8551587301587301 0.0310846560846561 0.0826719576719577
1 0.8799603174603174 0.8634259259259259 0.0264550264550265 0.0793650793650794
1 0.8462301587301587 0.8584656084656085 0.0307539682539683 0.0820105820105820
1 0.8085317460317460 0.8492063492063492 0.0357142857142857 0.1001984126984127
1 0.7265211640211641 0.8475529100529100 0.0386904761904762 0.1038359788359788
1 0.6369047619047619 0.8346560846560847 0.0376984126984127 0.0810185185185185
1 0.5687830687830688 0.8508597883597884 0.0357142857142857 0.0958994708994709
1 0.5178571428571429 0.8617724867724867 0.0588624338624339 0.0760582010582011
1 0.7992724867724867 0.7400793650793651 0.0347222222222222 0.0631613756613757
1 0.4520502645502645 0.8650793650793651 0.0568783068783069 0.0803571428571429
1 0.2949735449735450 0.8336640211640212 0.0588624338624339 0.0644841269841270
1 0.2711640211640212 0.8885582010582010 0.0674603174603175 0.0419973544973545
1 0.1957671957671958 0.8647486772486772 0.0661375661375661 0.0777116402116402
1 0.1329365079365079 0.8525132275132276 0.0532407407407407 0.1094576719576720
1 0.0753968253968254 0.8495370370370371 0.0529100529100529 0.1104497354497355
1 0.0248015873015873 0.8501984126984127 0.0469576719576720 0.1091269841269841
1 0.9689153439153440 0.7367724867724867 0.0333994708994709 0.0634920634920635
1 0.9338624338624338 0.7364417989417990 0.0347222222222222 0.0658068783068783
1 0.8951719576719577 0.7394179894179894 0.0251322751322751 0.0519179894179894
1 0.8647486772486772 0.7407407407407407 0.0287698412698413 0.0519179894179894
1 0.3845899470899471 0.8680555555555556 0.0691137566137566 0.0859788359788360
1 0.5896164021164021 0.6259920634920635 0.0211640211640212 0.0922619047619048
1 0.3082010582010582 0.2169312169312169 0.0681216931216931 0.1157407407407407
1 0.4996693121693122 0.6372354497354498 0.0324074074074074 0.1068121693121693
1 0.4864417989417990 0.2337962962962963 0.0479497354497355 0.0806878306878307
1 0.5446428571428571 0.2156084656084656 0.0608465608465608 0.1160714285714286
1 0.6630291005291006 0.2156084656084656 0.0582010582010582 0.1160714285714286
1 0.7215608465608465 0.2351190476190476 0.0502645502645503 0.0790343915343915
1 0.7810846560846560 0.2139550264550265 0.0588624338624339 0.1273148148148148
1 0.8640873015873016 0.2318121693121693 0.0489417989417989 0.0843253968253968
1 0.9246031746031746 0.2192460317460317 0.0648148148148148 0.1150793650793651
1 0.9828042328042328 0.2331349206349206 0.0343915343915344 0.0823412698412698
1 0.0254629629629630 0.3498677248677249 0.0436507936507936 0.0955687830687831
1 0.0734126984126984 0.3492063492063492 0.0489417989417989 0.0958994708994709
1 0.1478174603174603 0.3617724867724867 0.0439814814814815 0.0846560846560847
1 0.2020502645502646 0.3617724867724867 0.0347222222222222 0.0777116402116402
1 0.2463624338624339 0.3578042328042328 0.0496031746031746 0.0912698412698413
1 0.2946428571428572 0.3574735449735450 0.0439814814814815 0.0882936507936508
1 0.3386243386243386 0.3584656084656085 0.0433201058201058 0.0929232804232804
1 0.4080687830687831 0.3472222222222222 0.0598544973544974 0.1094576719576720
1 0.4636243386243386 0.3118386243386244 0.0439814814814815 0.0367063492063492
1 0.4302248677248677 0.2182539682539683 0.0625000000000000 0.1187169312169312
1 0.4639550264550265 0.3690476190476191 0.0443121693121693 0.0747354497354497
1 0.9467592592592593 0.0717592592592593 0.0333994708994709 0.0433201058201058
1 0.0691137566137566 0.2159391534391534 0.0449735449735450 0.1064814814814815
1 0.9123677248677249 0.0727513227513227 0.0333994708994709 0.0433201058201058
1 0.8753306878306878 0.0304232804232804 0.0327380952380952 0.0562169312169312
1 0.8382936507936508 0.0277777777777778 0.0367063492063492 0.0532407407407407
1 0.8746693121693122 0.0998677248677249 0.0333994708994709 0.0777116402116402
1 0.8366402116402116 0.0985449735449735 0.0357142857142857 0.0846560846560847
1 0.7655423280423280 0.0952380952380952 0.0796957671957672 0.0879629629629630
1 0.6580687830687830 0.0307539682539683 0.0876322751322751 0.0489417989417989
1 0.6580687830687830 0.0965608465608466 0.0846560846560847 0.0810185185185185
1 0.5317460317460317 0.0783730158730159 0.0674603174603175 0.0373677248677249
1 0.5115740740740741 0.1200396825396825 0.0707671957671958 0.0300925925925926
1 0.4322089947089947 0.0701058201058201 0.0717592592592593 0.1306216931216931
1 0.3558201058201058 0.0687830687830688 0.0658068783068783 0.1352513227513228
1 0.2774470899470899 0.0701058201058201 0.0803571428571429 0.1306216931216931
1 0.2033730158730159 0.0796957671957672 0.0568783068783069 0.1107804232804233
1 0.9103835978835979 0.1170634920634921 0.0314153439153439 0.0413359788359788
1 0.9447751322751323 0.1180555555555556 0.0337301587301587 0.0429894179894180
1 0.0271164021164021 0.2169312169312169 0.0347222222222222 0.1087962962962963
1 0.2308201058201058 0.2476851851851852 0.0605158730158730 0.0548941798941799
1 0.5598544973544973 0.6339285714285714 0.0376984126984127 0.1028439153439153
1 0.5208333333333334 0.3505291005291005 0.0625000000000000 0.0985449735449735
1 0.6309523809523809 0.3587962962962963 0.0479497354497355 0.0836640211640212
1 0.7685185185185185 0.5115740740740741 0.0535714285714286 0.0978835978835979
1 0.8167989417989417 0.5082671957671958 0.0423280423280423 0.0942460317460317
1 0.8657407407407407 0.5066137566137566 0.0499338624338624 0.1025132275132275
1 0.9179894179894180 0.5033068783068783 0.0462962962962963 0.1061507936507936
1 0.9705687830687830 0.5039682539682540 0.0489417989417989 0.1048280423280423
1 0.0168650793650794 0.6418650793650794 0.0340608465608466 0.0750661375661376
1 0.0588624338624339 0.6438492063492064 0.0469576719576720 0.0790343915343915
1 0.1041666666666667 0.6339285714285714 0.0446428571428571 0.0909391534391534
1 0.1514550264550265 0.6332671957671958 0.0486111111111111 0.0912698412698413
1 0.1964285714285714 0.6441798941798942 0.0376984126984127 0.0697751322751323
1 0.2410714285714286 0.6458333333333334 0.0416666666666667 0.0750661375661376
1 0.2850529100529101 0.6448412698412699 0.0439814814814815 0.0753968253968254
1 0.3293650793650794 0.6458333333333334 0.0416666666666667 0.0747354497354497
1 0.3723544973544973 0.6445105820105820 0.0423280423280423 0.0720899470899471
1 0.4120370370370370 0.6335978835978836 0.0333994708994709 0.1074735449735450
1 0.4427910052910053 0.6355820105820106 0.0264550264550265 0.1031746031746032
1 0.4705687830687831 0.6375661375661376 0.0261243386243386 0.1054894179894180
1 0.7113095238095238 0.5115740740740741 0.0545634920634921 0.0952380952380952
1 0.5790343915343915 0.3571428571428572 0.0492724867724868 0.0925925925925926
1 0.5912698412698413 0.4940476190476191 0.0492724867724868 0.1021825396825397
1 0.5000000000000000 0.5013227513227513 0.0456349206349206 0.1091269841269841
1 0.6884920634920635 0.3478835978835979 0.0605158730158730 0.1061507936507936
1 0.7437169312169312 0.3601190476190476 0.0433201058201058 0.0839947089947090
1 0.7989417989417990 0.3482142857142857 0.0532407407407407 0.1140873015873016
1 0.8528439153439153 0.3578042328042328 0.0413359788359788 0.0912698412698413
1 0.9027777777777778 0.3558201058201058 0.0456349206349206 0.0949074074074074
1 0.9484126984126984 0.3571428571428572 0.0363756613756614 0.0873015873015873
1 0.0423280423280423 0.4980158730158730 0.0386904761904762 0.0826719576719577
1 0.0787037037037037 0.5000000000000000 0.0251322751322751 0.0793650793650794
1 0.1140873015873016 0.5109126984126984 0.0396825396825397 0.0823412698412698
1 0.1570767195767196 0.5148809523809523 0.0376984126984127 0.0803571428571429
1 0.2063492063492063 0.5023148148148148 0.0403439153439153 0.1015211640211640
1 0.2496693121693122 0.5026455026455027 0.0393518518518519 0.0972222222222222
1 0.2949735449735450 0.5221560846560847 0.0466269841269841 0.0631613756613757
1 0.3630952380952381 0.5221560846560847 0.0238095238095238 0.0648148148148148
1 0.3978174603174603 0.5224867724867724 0.0271164021164021 0.0654761904761905
1 0.4312169312169312 0.5208333333333334 0.0277777777777778 0.0677910052910053
1 0.4629629629629630 0.5198412698412699 0.0208333333333333 0.0654761904761905
1 0.5459656084656085 0.5009920634920635 0.0393518518518519 0.1111111111111111
1 0.6035052910052910 0.2294973544973545 0.0469576719576720 0.0922619047619048
