1 0.1740740740740741 0.6921875000000000 0.0444444444444444 0.0471354166666667
1 0.8152777777777778 0.5255208333333333 0.0481481481481481 0.0127604166666667
1 0.7476851851851852 0.5122395833333333 0.0490740740740741 0.0335937500000000
1 0.6888888888888889 0.5182291666666666 0.0509259259259259 0.0276041666666667
1 0.6273148148148148 0.5015625000000000 0.0462962962962963 0.0367187500000000
1 0.8027777777777778 0.5067708333333333 0.0541666666666667 0.0171875000000000
1 0.6412037037037037 0.6986979166666667 0.0425925925925926 0.0429687500000000
1 0.2333333333333333 0.6914062500000000 0.0407407407407407 0.0481770833333333
1 0.1268518518518519 0.7492187500000000 0.0342592592592593 0.0276041666666667
1 0.0555555555555556 0.6989583333333333 0.0458333333333333 0.0263020833333333
1 0.0157407407407407 0.7721354166666666 0.0273148148148148 0.0437500000000000
1 0.0745370370370370 0.7666666666666667 0.0393518518518519 0.0401041666666667
1 0.3138888888888889 0.7520833333333333 0.0388888888888889 0.0283854166666667
1 0.2592592592592592 0.7541666666666667 0.0351851851851852 0.0401041666666667
1 0.2074074074074074 0.7580729166666667 0.0421296296296296 0.0429687500000000
1 0.1689814814814815 0.7510416666666667 0.0347222222222222 0.0361979166666667
1 0.0143518518518519 0.6981770833333333 0.0245370370370370 0.0367187500000000
1 0.5555555555555556 0.5098958333333333 0.0472222222222222 0.0335937500000000
1 0.1407407407407407 0.5213541666666667 0.0356481481481482 0.0093750000000000
1 0.4388888888888889 0.5093750000000000 0.0472222222222222 0.0322916666666667
1 0.1870370370370370 0.3692708333333333 0.0444444444444444 0.0341145833333333
1 0.1240740740740741 0.3695312500000000 0.0467592592592593 0.0317708333333333
1 0.0675925925925926 0.3710937500000000 0.0472222222222222 0.0351562500000000
1 0.3444444444444444 0.3729166666666667 0.0782407407407407 0.0265625000000000
1 0.4231481481481482 0.3739583333333333 0.0736111111111111 0.0260416666666667
1 0.5018518518518519 0.3750000000000000 0.0680555555555555 0.0283854166666667
1 0.5865740740740740 0.3742187500000000 0.0787037037037037 0.0268229166666667
1 0.5851851851851851 0.3484375000000000 0.0763888888888889 0.0221354166666667
1 0.6699074074074074 0.3755208333333334 0.0740740740740741 0.0239583333333333
1 0.6708333333333333 0.3471354166666666 0.0717592592592593 0.0247395833333333
1 0.8134259259259259 0.3385416666666667 0.0666666666666667 0.0148437500000000
1 0.8412037037037037 0.3791666666666667 0.0699074074074074 0.0169270833333333
1 0.8402777777777778 0.3585937500000000 0.0759259259259259 0.0125000000000000
1 0.7537037037037037 0.3809895833333333 0.0703703703703704 0.0203125000000000
1 0.9541666666666667 0.4690104166666667 0.0763888888888889 0.0184895833333333
1 0.9541666666666667 0.4476562500000000 0.0759259259259259 0.0125000000000000
1 0.9564814814814815 0.4278645833333333 0.0810185185185185 0.0125000000000000
1 0.9606481481481481 0.4075520833333333 0.0717592592592593 0.0166666666666667
1 0.9578703703703704 0.3869791666666667 0.0837962962962963 0.0151041666666667
1 0.9597222222222223 0.3651041666666667 0.0777777777777778 0.0156250000000000
1 0.9611111111111111 0.3437500000000000 0.0722222222222222 0.0223958333333333
1 0.9662037037037037 0.3197916666666666 0.0689814814814815 0.0192708333333333
1 0.9648148148148148 0.2958333333333333 0.0703703703703704 0.0210937500000000
1 0.8638888888888889 0.2992187500000000 0.0750000000000000 0.0179687500000000
1 0.8620370370370370 0.2809895833333333 0.0717592592592593 0.0132812500000000
1 0.2351851851851852 0.3690104166666667 0.0402777777777778 0.0333333333333333
1 0.2796296296296296 0.3804687500000000 0.0412037037037037 0.0192708333333333
1 0.1240740740740741 0.3479166666666667 0.0467592592592593 0.0083333333333333
1 0.1379629629629630 0.3382812500000000 0.0745370370370370 0.0088541666666667
1 0.3458333333333333 0.4968750000000000 0.0453703703703704 0.0171875000000000
1 0.3347222222222222 0.5197916666666667 0.0458333333333333 0.0190104166666667
1 0.2791666666666667 0.5109375000000000 0.0402777777777778 0.0307291666666667
1 0.2310185185185185 0.5085937500000000 0.0365740740740741 0.0333333333333333
1 0.1861111111111111 0.5096354166666667 0.0430555555555556 0.0302083333333333
1 0.5819444444444445 0.7046875000000000 0.0615740740740741 0.0278645833333333
1 0.1439814814814815 0.4981770833333333 0.0240740740740741 0.0153645833333333
1 0.0935185185185185 0.5020833333333333 0.0462962962962963 0.0231770833333333
1 0.0342592592592593 0.4455729166666667 0.0555555555555556 0.0434895833333333
1 0.0907407407407407 0.4195312500000000 0.0583333333333333 0.0236979166666667
1 0.0935185185185185 0.4481770833333333 0.0592592592592593 0.0236979166666667
1 0.1819444444444444 0.4218750000000000 0.0523148148148148 0.0106770833333333
1 0.4990740740740741 0.5117187500000000 0.0449074074074074 0.0322916666666667
1 0.1944444444444444 0.4075520833333333 0.0592592592592593 0.0096354166666667
1 0.2277777777777778 0.4468750000000000 0.0555555555555556 0.0260416666666667
1 0.2583333333333334 0.4117187500000000 0.0555555555555556 0.0177083333333333
1 0.3203703703703704 0.4106770833333334 0.0569444444444444 0.0130208333333333
1 0.8486111111111111 0.2661458333333334 0.0800925925925926 0.0059895833333333
1 0.2856481481481482 0.4476562500000000 0.0527777777777778 0.0276041666666667
1 0.3490740740740741 0.4419270833333334 0.0435185185185185 0.0408854166666667
1 0.4004629629629630 0.4434895833333333 0.0541666666666667 0.0341145833333333
1 0.4587962962962963 0.4450520833333333 0.0523148148148148 0.0372395833333333
1 0.5194444444444445 0.4453125000000000 0.0504629629629630 0.0375000000000000
1 0.5750000000000000 0.4434895833333333 0.0560185185185185 0.0393229166666667
1 0.6398148148148148 0.4416666666666667 0.0578703703703704 0.0429687500000000
1 0.7467592592592592 0.4447916666666666 0.0523148148148148 0.0343750000000000
1 0.1666666666666667 0.4463541666666667 0.0564814814814815 0.0250000000000000
1 0.5787037037037037 0.6794270833333333 0.0629629629629630 0.0117187500000000
1 0.2143518518518518 0.0502604166666667 0.0416666666666667 0.0562500000000000
1 0.4569444444444444 0.6817708333333333 0.0351851851851852 0.0333333333333333
1 0.6175925925925926 0.5682291666666667 0.0754629629629630 0.0312500000000000
1 0.6944444444444444 0.5677083333333334 0.0657407407407407 0.0229166666666667
1 0.7652777777777777 0.5593750000000000 0.0634259259259259 0.0135416666666667
1 0.7722222222222223 0.5783854166666667 0.0680555555555555 0.0148437500000000
1 0.4782407407407407 0.5640625000000000 0.0736111111111111 0.0307291666666667
1 0.3800925925925926 0.5632812500000000 0.0703703703703704 0.0294270833333333
1 0.2449074074074074 0.2817708333333334 0.0375000000000000 0.0593750000000000
1 0.2995370370370370 0.2864583333333333 0.0365740740740741 0.0489583333333333
1 0.9138888888888889 0.5661458333333333 0.0393518518518519 0.0372395833333333
1 0.3342592592592593 0.2921875000000000 0.0222222222222222 0.0356770833333333
1 0.3953703703703704 0.2916666666666667 0.0259259259259259 0.0419270833333333
1 0.4250000000000000 0.2940104166666667 0.0194444444444444 0.0320312500000000
1 0.4550925925925926 0.2901041666666667 0.0268518518518519 0.0411458333333333
1 0.4898148148148148 0.2927083333333333 0.0217592592592593 0.0367187500000000
1 0.5226851851851851 0.2880208333333333 0.0259259259259259 0.0468750000000000
1 0.5527777777777778 0.2854166666666667 0.0240740740740741 0.0471354166666667
1 0.5828703703703704 0.2864583333333333 0.0189814814814815 0.0463541666666667
1 0.6097222222222223 0.2864583333333333 0.0199074074074074 0.0492187500000000
1 0.3638888888888889 0.2927083333333333 0.0254629629629630 0.0346354166666667
1 0.6347222222222222 0.2869791666666667 0.0212962962962963 0.0502604166666667
1 0.8504629629629630 0.5682291666666667 0.0703703703703704 0.0195312500000000
1 0.8236111111111111 0.0507812500000000 0.0347222222222222 0.0575520833333333
1 0.1634259259259259 0.0445312500000000 0.0458333333333333 0.0718750000000000
1 0.1120370370370370 0.0450520833333333 0.0351851851851852 0.0656250000000000
1 0.3134259259259259 0.0252604166666667 0.0430555555555556 0.0458333333333333
1 0.3185185185185185 0.0656250000000000 0.0532407407407407 0.0250000000000000
1 0.3856481481481481 0.0648437500000000 0.0643518518518519 0.0309895833333333
1 0.3907407407407407 0.0283854166666667 0.0828703703703704 0.0346354166666667
1 0.4587962962962963 0.0463541666666667 0.0342592592592593 0.0656250000000000
1 0.5069444444444444 0.0450520833333333 0.0476851851851852 0.0677083333333333
1 0.8763888888888889 0.5041666666666667 0.0523148148148148 0.0489583333333333
1 0.5726851851851852 0.0307291666666667 0.0689814814814815 0.0270833333333333
1 0.6314814814814815 0.0507812500000000 0.0324074074074074 0.0596354166666667
1 0.6870370370370370 0.0734375000000000 0.0685185185185185 0.0158854166666667
1 0.1699074074074074 0.2901041666666667 0.0412037037037037 0.0315104166666667
1 0.7620370370370371 0.0716145833333333 0.0648148148148148 0.0174479166666667
1 0.3277777777777778 0.5609375000000000 0.0222222222222222 0.0294270833333333
1 0.2671296296296296 0.5601562500000000 0.0814814814814815 0.0276041666666667
1 0.1930555555555556 0.5614583333333333 0.0569444444444444 0.0348958333333333
1 0.1240740740740741 0.5565104166666667 0.0726851851851852 0.0302083333333333
1 0.5754629629629630 0.0630208333333333 0.0662037037037037 0.0299479166666667
1 0.6800925925925926 0.2890625000000000 0.0560185185185185 0.0406250000000000
1 0.7333333333333333 0.2911458333333333 0.0296296296296296 0.0333333333333333
1 0.0412037037037037 0.6182291666666667 0.0824074074074074 0.0601562500000000
1 0.9222222222222223 0.0500000000000000 0.0379629629629630 0.0580729166666667
1 0.9773148148148149 0.0440104166666667 0.0384259259259259 0.0684895833333333
1 0.7041666666666667 0.1867187500000000 0.0638888888888889 0.0567708333333333
1 0.6226851851851852 0.1992187500000000 0.0634259259259259 0.0447916666666667
1 0.7856481481481481 0.2002604166666667 0.0722222222222222 0.0322916666666667
1 0.8314814814814815 0.1973958333333333 0.0194444444444444 0.0388020833333333
1 0.8532407407407407 0.1989583333333333 0.0185185185185185 0.0445312500000000
1 0.9023148148148148 0.2020833333333333 0.0560185185185185 0.0263020833333333
1 0.8685185185185185 0.0453125000000000 0.0453703703703704 0.0710937500000000
1 0.9680555555555556 0.2026041666666667 0.0550925925925926 0.0273437500000000
1 0.2652777777777778 0.0562500000000000 0.0384259259259259 0.0505208333333333
1 0.2430555555555556 0.1916666666666667 0.0643518518518519 0.0494791666666667
1 0.1430555555555555 0.1958333333333333 0.0671296296296296 0.0453125000000000
1 0.0527777777777778 0.1890625000000000 0.0398148148148148 0.0419270833333333
1 0.1259259259259259 0.2895833333333334 0.0324074074074074 0.0328125000000000
1 0.4004629629629630 0.7653645833333333 0.0361111111111111 0.0500000000000000
1 0.3550925925925926 0.7528645833333333 0.0333333333333333 0.0377604166666667
1 0.3666666666666666 0.6921875000000000 0.0439814814814815 0.0468750000000000
1 0.3236111111111111 0.1955729166666667 0.0537037037037037 0.0427083333333333
1 0.4504629629629630 0.7703125000000000 0.0439814814814815 0.0645833333333333
1 0.4967592592592592 0.7687500000000000 0.0356481481481482 0.0541666666666667
1 0.5449074074074074 0.7674479166666667 0.0351851851851852 0.0541666666666667
1 0.1546296296296296 0.6320312500000000 0.0902777777777778 0.0500000000000000
1 0.2916666666666667 0.6138020833333333 0.0912037037037037 0.0335937500000000
1 0.3856481481481481 0.6278645833333333 0.0773148148148148 0.0515625000000000
1 0.4745370370370370 0.6265625000000000 0.0824074074074074 0.0513020833333333
1 0.5615740740740741 0.6278645833333333 0.0819444444444444 0.0515625000000000
1 0.6527777777777778 0.6283854166666667 0.0930555555555556 0.0528645833333333
1 0.7462962962962963 0.6356770833333333 0.0638888888888889 0.0330729166666667
1 0.8148148148148148 0.6356770833333333 0.0652777777777778 0.0401041666666667
1 0.8921296296296296 0.6341145833333334 0.0657407407407407 0.0424479166666667
1 0.8986111111111111 0.7052083333333333 0.0615740740740741 0.0234375000000000
1 0.9504629629629630 0.7604166666666666 0.0546296296296296 0.0572916666666667
1 0.8791666666666667 0.7841145833333333 0.0625000000000000 0.0208333333333333
1 0.8333333333333334 0.7013020833333333 0.0537037037037037 0.0380208333333333
1 0.7768518518518519 0.7018229166666666 0.0467592592592593 0.0393229166666667
1 0.6870370370370370 0.6958333333333333 0.0379629629629630 0.0497395833333333
1 0.7208333333333333 0.6861979166666666 0.0273148148148148 0.0375000000000000
1 0.6962962962962963 0.7567708333333333 0.0393518518518519 0.0356770833333333
1 0.6412037037037037 0.7690104166666667 0.0648148148148148 0.0351562500000000
1 0.5847222222222223 0.7565104166666666 0.0314814814814815 0.0398437500000000
1 0.5138888888888888 0.6963541666666667 0.0648148148148148 0.0231770833333333
1 0.8819444444444444 0.7614583333333333 0.0629629629629630 0.0174479166666667
1 0.7958333333333333 0.2914062500000000 0.0449074074074074 0.0338541666666667
