1 0.9263980263157895 0.3057870370370370 0.0518092105263158 0.0513888888888889
1 0.4592927631578947 0.4018518518518518 0.0394736842105263 0.0706018518518518
1 0.4078947368421053 0.4055555555555556 0.0398848684210526 0.0576388888888889
1 0.3499177631578947 0.4039351851851852 0.0476973684210526 0.0604166666666667
1 0.3001644736842105 0.4039351851851852 0.0378289473684211 0.0604166666666667
1 0.1480263157894737 0.3965277777777778 0.0468750000000000 0.0611111111111111
1 0.2010690789473684 0.3960648148148148 0.0489309210526316 0.0668981481481482
1 0.0949835526315789 0.3956018518518519 0.0460526315789474 0.0574074074074074
1 0.8696546052631579 0.3099537037037037 0.0579769736842105 0.0576388888888889
1 0.5102796052631579 0.3997685185185185 0.0452302631578947 0.0743055555555556
1 0.2545230263157895 0.3974537037037037 0.0411184210526316 0.0680555555555555
1 0.5641447368421053 0.4057870370370371 0.0489309210526316 0.0625000000000000
1 0.0842927631578947 0.4969907407407407 0.0444078947368421 0.0555555555555556
1 0.6788651315789473 0.4081018518518518 0.0448190789473684 0.0578703703703704
1 0.7360197368421053 0.4083333333333333 0.0493421052631579 0.0604166666666667
1 0.7890625000000000 0.4060185185185185 0.0402960526315789 0.0564814814814815
1 0.8408717105263158 0.4064814814814815 0.0497532894736842 0.0594907407407407
1 0.8893914473684210 0.4032407407407407 0.0370065789473684 0.0675925925925926
1 0.9292763157894737 0.4025462962962963 0.0431743421052632 0.0659722222222222
1 0.1348684210526316 0.4935185185185185 0.0361842105263158 0.0606481481481481
1 0.1809210526315790 0.5000000000000000 0.0435855263157895 0.0560185185185185
1 0.2273848684210526 0.4979166666666667 0.0419407894736842 0.0601851851851852
1 0.3462171052631579 0.5006944444444444 0.0402960526315789 0.0599537037037037
1 0.7993421052631579 0.3076388888888889 0.0559210526315789 0.0578703703703704
1 0.2939967105263158 0.5009259259259259 0.0460526315789474 0.0581018518518518
1 0.6225328947368421 0.4062500000000000 0.0559210526315789 0.0615740740740741
1 0.7372532894736842 0.3076388888888889 0.0567434210526316 0.0569444444444444
1 0.6480263157894737 0.2210648148148148 0.0723684210526316 0.0668981481481482
1 0.6159539473684210 0.3076388888888889 0.0530427631578947 0.0511574074074074
1 0.4009046052631579 0.5025462962962963 0.0402960526315789 0.0557870370370370
1 0.1961348684210526 0.2171296296296296 0.0542763157894737 0.0451388888888889
1 0.2528782894736842 0.2173611111111111 0.0526315789473684 0.0442129629629630
1 0.3096217105263158 0.2178240740740741 0.0522203947368421 0.0518518518518519
1 0.3647203947368421 0.2187500000000000 0.0476973684210526 0.0497685185185185
1 0.4198190789473684 0.2192129629629630 0.0583881578947368 0.0520833333333333
1 0.4736842105263158 0.2194444444444444 0.0468750000000000 0.0486111111111111
1 0.5657894736842105 0.2164351851851852 0.0620888157894737 0.0631944444444444
1 0.7734375000000000 0.2201388888888889 0.0493421052631579 0.0483796296296296
1 0.8301809210526315 0.2243055555555556 0.0534539473684211 0.0442129629629630
1 0.8844572368421053 0.2270833333333333 0.0579769736842105 0.0511574074074074
1 0.8671875000000000 0.1847222222222222 0.0481085526315789 0.0277777777777778
1 0.6718750000000000 0.3085648148148148 0.0505756578947368 0.0571759259259259
1 0.0818256578947368 0.2912037037037037 0.0398848684210526 0.0252314814814815
1 0.1435032894736842 0.3180555555555555 0.0378289473684211 0.0199074074074074
1 0.1870888157894737 0.3134259259259259 0.0411184210526316 0.0275462962962963
1 0.2257401315789474 0.3141203703703704 0.0341282894736842 0.0233796296296296
1 0.2767269736842105 0.3027777777777778 0.0267269736842105 0.0143518518518519
1 0.2685032894736842 0.3196759259259259 0.0300164473684211 0.0175925925925926
1 0.3125000000000000 0.3013888888888889 0.0328947368421053 0.0115740740740741
1 0.3116776315789473 0.3208333333333334 0.0460526315789474 0.0226851851851852
1 0.3750000000000000 0.2895833333333334 0.0435855263157895 0.0275462962962963
1 0.3675986842105263 0.3189814814814815 0.0583881578947368 0.0245370370370370
1 0.4296875000000000 0.3069444444444445 0.0534539473684211 0.0456018518518519
1 0.4962993421052632 0.3111111111111111 0.0579769736842105 0.0483796296296296
1 0.5579769736842105 0.3074074074074074 0.0509868421052632 0.0518518518518519
1 0.0888157894736842 0.3185185185185185 0.0534539473684211 0.0266203703703704
1 0.4576480263157895 0.5030092592592592 0.0448190789473684 0.0553240740740741
1 0.7939967105263158 0.6083333333333333 0.0402960526315789 0.0578703703703704
1 0.3873355263157895 0.4541666666666667 0.0386513157894737 0.0120370370370370
1 0.3149671052631579 0.7736111111111111 0.0427631578947368 0.0824074074074074
1 0.1800986842105263 0.7689814814814815 0.0370065789473684 0.0703703703703704
1 0.1377467105263158 0.7659722222222223 0.0320723684210526 0.0701388888888889
1 0.0986842105263158 0.7740740740740740 0.0378289473684211 0.0717592592592593
1 0.9527138157894737 0.7027777777777777 0.0949835526315789 0.0331018518518519
1 0.9576480263157895 0.6696759259259260 0.0842927631578947 0.0310185185185185
1 0.3577302631578947 0.7694444444444445 0.0341282894736842 0.0798611111111111
1 0.8836348684210527 0.6872685185185186 0.0156250000000000 0.0412037037037037
1 0.7960526315789473 0.6958333333333333 0.0497532894736842 0.0388888888888889
1 0.7471217105263158 0.6840277777777778 0.0411184210526316 0.0486111111111111
1 0.6973684210526315 0.6652777777777777 0.0267269736842105 0.0284722222222222
1 0.6615953947368421 0.6831018518518519 0.0300164473684211 0.0553240740740741
1 0.6258223684210527 0.6770833333333334 0.0333059210526316 0.0432870370370370
1 0.5921052631578947 0.6905092592592592 0.0246710526315789 0.0423611111111111
1 0.8659539473684210 0.6891203703703703 0.0156250000000000 0.0449074074074074
1 0.5423519736842105 0.6837962962962963 0.0361842105263158 0.0574074074074074
1 0.3984375000000000 0.7715277777777778 0.0353618421052632 0.0812500000000000
1 0.5530427631578947 0.7523148148148148 0.0415296052631579 0.0400462962962963
1 0.9810855263157895 0.3069444444444445 0.0419407894736842 0.0539351851851852
1 0.9798519736842105 0.3958333333333333 0.0394736842105263 0.0553240740740741
1 0.9691611842105263 0.4960648148148148 0.0629111842105263 0.0567129629629630
1 0.9831414473684210 0.5692129629629630 0.0357730263157895 0.0488425925925926
1 0.9457236842105263 0.5921296296296297 0.0353618421052632 0.0557870370370370
1 0.9642269736842105 0.7805555555555556 0.0439967105263158 0.0571759259259259
1 0.6106085526315790 0.8060185185185185 0.0620888157894737 0.0685185185185185
1 0.9128289473684210 0.7881944444444444 0.0476973684210526 0.0641203703703704
1 0.7454769736842105 0.7847222222222222 0.0378289473684211 0.0902777777777778
1 0.8079769736842105 0.7925925925925926 0.0390625000000000 0.0837962962962963
1 0.6961348684210527 0.7895833333333333 0.0587993421052632 0.0752314814814815
1 0.2039473684210526 0.4511574074074074 0.0546875000000000 0.0143518518518519
1 0.6221217105263158 0.7530092592592592 0.0304276315789474 0.0358796296296296
1 0.5921052631578947 0.7518518518518519 0.0320723684210526 0.0361111111111111
1 0.8618421052631579 0.7870370370370371 0.0275493421052632 0.0895833333333333
1 0.4942434210526316 0.6837962962962963 0.0431743421052632 0.0567129629629630
1 0.6418585526315790 0.5037037037037037 0.0394736842105263 0.0719907407407407
1 0.3963815789473684 0.6798611111111111 0.0316611842105263 0.0546296296296296
1 0.2631578947368421 0.5988425925925925 0.0238486842105263 0.0576388888888889
1 0.2245065789473684 0.5965277777777778 0.0411184210526316 0.0560185185185185
1 0.4749177631578947 0.4569444444444444 0.0448190789473684 0.0150462962962963
1 0.5328947368421053 0.4972222222222222 0.0411184210526316 0.0699074074074074
1 0.5810032894736842 0.4981481481481482 0.0481085526315789 0.0678240740740741
1 0.6895559210526315 0.5046296296296297 0.0353618421052632 0.0604166666666667
1 0.3079769736842105 0.5918981481481481 0.0439967105263158 0.0578703703703704
1 0.7384868421052632 0.5032407407407408 0.0493421052631579 0.0655092592592593
1 0.1809210526315790 0.5965277777777778 0.0386513157894737 0.0560185185185185
1 0.9062500000000000 0.5083333333333333 0.0563322368421053 0.0587962962962963
1 0.0949835526315789 0.5930555555555556 0.0353618421052632 0.0601851851851852
1 0.1356907894736842 0.5935185185185186 0.0382401315789474 0.0562500000000000
1 0.4481907894736842 0.6780092592592593 0.0501644736842105 0.0539351851851852
1 0.4235197368421053 0.4555555555555555 0.0267269736842105 0.0122685185185185
1 0.7968750000000000 0.5085648148148149 0.0464638157894737 0.0527777777777778
1 0.3638980263157895 0.5974537037037037 0.0411184210526316 0.0578703703703704
1 0.8478618421052632 0.5118055555555555 0.0534539473684211 0.0574074074074074
1 0.4625822368421053 0.6011574074074074 0.0398848684210526 0.0539351851851852
1 0.4194078947368421 0.6030092592592593 0.0427631578947368 0.0518518518518519
1 0.3437500000000000 0.6793981481481481 0.0357730263157895 0.0479166666666667
1 0.3712993421052632 0.6743055555555556 0.0168585526315789 0.0518518518518519
1 0.2557565789473684 0.6736111111111112 0.0337171052631579 0.0615740740740741
1 0.2113486842105263 0.6726851851851852 0.0497532894736842 0.0627314814814815
1 0.1385690789473684 0.6689814814814815 0.0398848684210526 0.0537037037037037
1 0.0916940789473684 0.6675925925925926 0.0444078947368421 0.0608796296296296
1 0.2993421052631579 0.6738425925925926 0.0415296052631579 0.0537037037037037
1 0.8314144736842105 0.6129629629629629 0.0259046052631579 0.0578703703703704
1 0.7434210526315790 0.6067129629629630 0.0390625000000000 0.0594907407407407
1 0.7068256578947368 0.6064814814814815 0.0254934210526316 0.0615740740740741
1 0.6472039473684210 0.6152777777777778 0.0736019736842105 0.0375000000000000
1 0.6406250000000000 0.5710648148148149 0.0727796052631579 0.0412037037037037
1 0.5131578947368421 0.6018518518518519 0.0464638157894737 0.0539351851851852
1 0.8688322368421053 0.5930555555555556 0.0411184210526316 0.0430555555555556
