1 0.2589897260273973 0.4365384615384615 0.1605308219178082 0.0387019230769231
1 0.1104452054794521 0.4391826923076923 0.1297089041095890 0.0391826923076923
1 0.1331335616438356 0.5432692307692307 0.1442636986301370 0.0365384615384615
1 0.2619863013698630 0.3956730769230769 0.1579623287671233 0.0401442307692308
1 0.4122431506849315 0.3899038461538462 0.1404109589041096 0.0161057692307692
1 0.4122431506849315 0.4079326923076923 0.1404109589041096 0.0180288461538462
1 0.4366438356164384 0.4987980769230769 0.1318493150684932 0.0137019230769231
1 0.5761986301369864 0.4966346153846154 0.1374143835616438 0.0163461538461538
1 0.5783390410958904 0.5139423076923076 0.1374143835616438 0.0144230769230769
1 0.5804794520547946 0.5331730769230769 0.1416952054794521 0.0163461538461538
1 0.2902397260273973 0.5413461538461538 0.1622431506849315 0.0302884615384615
1 0.2821061643835616 0.5048076923076923 0.1588184931506849 0.0326923076923077
1 0.1301369863013699 0.5072115384615384 0.1382705479452055 0.0329326923076923
1 0.5543664383561644 0.3853365384615385 0.1412671232876712 0.0168269230769231
1 0.4130993150684932 0.4274038461538461 0.1369863013698630 0.0177884615384615
1 0.5830479452054794 0.5473557692307692 0.1416952054794521 0.0103365384615385
1 0.5552226027397260 0.4060096153846154 0.1386986301369863 0.0165865384615385
1 0.5543664383561644 0.4262019230769231 0.1374143835616438 0.0156250000000000
1 0.5543664383561644 0.4432692307692307 0.1374143835616438 0.0127403846153846
1 0.6977739726027398 0.3838942307692308 0.1451198630136986 0.0165865384615385
1 0.8420376712328768 0.3807692307692307 0.1412671232876712 0.0149038461538462
1 0.8407534246575342 0.4009615384615385 0.1386986301369863 0.0137019230769231
1 0.8373287671232876 0.4180288461538462 0.1408390410958904 0.0161057692307692
1 0.8394691780821918 0.4370192307692308 0.1446917808219178 0.0127403846153846
1 0.6973458904109590 0.4403846153846154 0.1395547945205479 0.0117788461538462
1 0.6973458904109590 0.4225961538461538 0.1395547945205479 0.0156250000000000
1 0.6960616438356164 0.4048076923076923 0.1416952054794521 0.0163461538461538
1 0.4118150684931507 0.4442307692307692 0.1438356164383562 0.0144230769230769
1 0.4430650684931507 0.5504807692307693 0.1408390410958904 0.0091346153846154
1 0.2773972602739726 0.8274038461538461 0.1545376712328767 0.0173076923076923
1 0.4370719178082192 0.5163461538461539 0.1425513698630137 0.0194711538461538
1 0.4220890410958904 0.6408653846153847 0.1339897260273973 0.0163461538461538
1 0.4238013698630137 0.6223557692307692 0.1331335616438356 0.0158653846153846
1 0.5556506849315068 0.6314903846153846 0.1348458904109589 0.0192307692307692
1 0.5573630136986302 0.6105769230769231 0.1339897260273973 0.0170673076923077
1 0.5590753424657534 0.5918269230769231 0.1369863013698630 0.0134615384615385
1 0.4203767123287671 0.6036057692307693 0.1301369863013699 0.0149038461538462
1 0.2872431506849315 0.6081730769230769 0.1348458904109589 0.0146634615384615
1 0.1369863013698630 0.6062500000000000 0.1519691780821918 0.0177884615384615
1 0.0380993150684932 0.6362980769230769 0.0368150684931507 0.0634615384615385
1 0.0145547945205479 0.7435096153846154 0.0269691780821918 0.0625000000000000
1 0.0436643835616438 0.7408653846153846 0.0269691780821918 0.0668269230769231
1 0.9524828767123288 0.3026442307692307 0.0958904109589041 0.0180288461538462
1 0.9524828767123288 0.2826923076923077 0.0963184931506849 0.0168269230769231
1 0.9511986301369864 0.2603365384615385 0.0980308219178082 0.0189903846153846
1 0.6725171232876712 0.3103365384615385 0.1468321917808219 0.0134615384615385
1 0.6725171232876712 0.2911057692307693 0.1425513698630137 0.0144230769230769
1 0.8193493150684932 0.3084134615384616 0.1442636986301370 0.0146634615384615
1 0.8176369863013698 0.2875000000000000 0.1408390410958904 0.0146634615384615
1 0.8197773972602740 0.2668269230769231 0.1489726027397260 0.0151442307692308
1 0.1091609589041096 0.3963942307692307 0.1438356164383562 0.0415865384615385
1 0.2876712328767123 0.6254807692307692 0.1352739726027397 0.0175480769230769
1 0.2893835616438356 0.6437500000000000 0.1344178082191781 0.0146634615384615
1 0.1404109589041096 0.6254807692307692 0.1583904109589041 0.0151442307692308
1 0.7196061643835616 0.5245192307692308 0.1365582191780822 0.0185096153846154
1 0.8600171232876712 0.5211538461538462 0.1378424657534247 0.0194711538461538
1 0.8617294520547946 0.4990384615384615 0.1374143835616438 0.0189903846153846
1 0.7191780821917808 0.5021634615384616 0.1352739726027397 0.0201923076923077
1 0.4426369863013699 0.5353365384615385 0.1399828767123288 0.0182692307692308
1 0.8600171232876712 0.7348557692307692 0.1288527397260274 0.0153846153846154
1 0.8334760273972602 0.6040865384615385 0.1369863013698630 0.0185096153846154
1 0.5907534246575342 0.7425480769230769 0.1357020547945205 0.0163461538461538
1 0.2243150684931507 0.0586538461538462 0.1528253424657534 0.0218750000000000
1 0.2260273972602740 0.0795673076923077 0.1515410958904110 0.0149038461538462
1 0.0740582191780822 0.0817307692307692 0.1481164383561644 0.0175480769230769
1 0.0753424657534247 0.0610576923076923 0.1468321917808219 0.0192307692307692
1 0.3925513698630137 0.0295673076923077 0.1532534246575342 0.0175480769230769
1 0.3929794520547945 0.0521634615384615 0.1588184931506849 0.0211538461538462
1 0.3946917808219178 0.0750000000000000 0.1536815068493151 0.0204326923076923
1 0.5479452054794520 0.0742788461538462 0.1502568493150685 0.0189903846153846
1 0.5470890410958904 0.0288461538461538 0.1523972602739726 0.0189903846153846
1 0.5500856164383562 0.0519230769230769 0.1541095890410959 0.0233173076923077
1 0.7063356164383562 0.0271634615384615 0.1523972602739726 0.0180288461538462
1 0.8574486301369864 0.0266826923076923 0.1502568493150685 0.0192307692307692
1 0.8604452054794520 0.0478365384615385 0.1515410958904110 0.0199519230769231
1 0.7041952054794520 0.0500000000000000 0.1536815068493151 0.0216346153846154
1 0.1322773972602740 0.7098557692307692 0.1532534246575342 0.0170673076923077
1 0.1404109589041096 0.6598557692307693 0.1583904109589041 0.0079326923076923
1 0.2915239726027397 0.6584134615384616 0.1297089041095890 0.0098557692307692
1 0.2221746575342466 0.0365384615384615 0.1481164383561644 0.0170673076923077
1 0.4242294520547945 0.6545673076923076 0.1378424657534247 0.0093750000000000
1 0.0719178082191781 0.0396634615384615 0.1438356164383562 0.0187500000000000
1 0.8467465753424658 0.8415865384615384 0.1284246575342466 0.0137019230769231
1 0.2705479452054795 0.8463942307692308 0.1532534246575342 0.0137019230769231
1 0.5800513698630136 0.8079326923076923 0.1267123287671233 0.0175480769230769
1 0.7136130136986302 0.8064903846153846 0.1331335616438356 0.0168269230769231
1 0.7166095890410958 0.8252403846153846 0.1305650684931507 0.0153846153846154
1 0.5804794520547946 0.8281250000000000 0.1365582191780822 0.0134615384615385
1 0.5796232876712328 0.8456730769230769 0.1301369863013699 0.0122596153846154
1 0.7144691780821918 0.8435096153846153 0.1305650684931507 0.0127403846153846
1 0.5761986301369864 0.8627403846153846 0.1331335616438356 0.0120192307692308
1 0.7097602739726028 0.8610576923076924 0.1292808219178082 0.0112980769230769
1 0.7123287671232876 0.8750000000000000 0.1301369863013699 0.0098557692307692
1 0.5770547945205480 0.8778846153846154 0.1348458904109589 0.0079326923076923
1 0.7264554794520548 0.7391826923076923 0.1322773972602740 0.0144230769230769
1 0.9580479452054794 0.8019230769230770 0.0847602739726027 0.0103365384615385
1 0.9597602739726028 0.8177884615384615 0.0839041095890411 0.0151442307692308
1 0.9567636986301370 0.8353365384615384 0.0873287671232877 0.0158653846153846
1 0.9563356164383562 0.8533653846153846 0.0864726027397260 0.0153846153846154
1 0.8441780821917808 0.8574519230769231 0.1279965753424658 0.0137019230769231
1 0.8484589041095890 0.8218750000000000 0.1279965753424658 0.0158653846153846
1 0.2744006849315068 0.8649038461538462 0.1566780821917808 0.0165865384615385
1 0.5582191780821918 0.6504807692307693 0.1357020547945205 0.0112980769230769
1 0.8326198630136986 0.6461538461538462 0.1357020547945205 0.0122596153846154
1 0.6926369863013698 0.1718750000000000 0.1476883561643836 0.0158653846153846
1 0.8441780821917808 0.1485576923076923 0.1455479452054795 0.0182692307692308
1 0.6956335616438356 0.1500000000000000 0.1489726027397260 0.0185096153846154
1 0.2350171232876712 0.1627403846153846 0.1780821917808219 0.0439903846153846
1 0.5458047945205480 0.1944711538461538 0.1476883561643836 0.0199519230769231
1 0.5449486301369864 0.1740384615384615 0.1523972602739726 0.0192307692307692
1 0.5436643835616438 0.1533653846153846 0.1523972602739726 0.0192307692307692
1 0.3946917808219178 0.1550480769230769 0.1459760273972603 0.0180288461538462
1 0.3968321917808219 0.1774038461538462 0.1464041095890411 0.0182692307692308
1 0.3976883561643836 0.1973557692307692 0.1459760273972603 0.0180288461538462
1 0.1408390410958904 0.6456730769230770 0.1549657534246575 0.0161057692307692
1 0.6977739726027398 0.5884615384615385 0.1309931506849315 0.0139423076923077
1 0.2358732876712329 0.2045673076923077 0.1712328767123288 0.0322115384615385
1 0.0753424657534247 0.2069711538461538 0.1468321917808219 0.0322115384615385
1 0.0736301369863014 0.1661057692307692 0.1442636986301370 0.0423076923076923
1 0.8600171232876712 0.0713942307692308 0.1511130136986301 0.0177884615384615
1 0.7054794520547946 0.0713942307692308 0.1464041095890411 0.0180288461538462
1 0.8437500000000000 0.1692307692307692 0.1451198630136986 0.0177884615384615
1 0.6960616438356164 0.6473557692307692 0.1369863013698630 0.0122596153846154
1 0.8433219178082192 0.1884615384615385 0.1442636986301370 0.0173076923076923
1 0.0774828767123288 0.2838942307692308 0.1545376712328767 0.0415865384615385
1 0.9511986301369864 0.6456730769230770 0.0980308219178082 0.0137019230769231
1 0.9541952054794520 0.6302884615384615 0.0950342465753425 0.0146634615384615
1 0.9524828767123288 0.6120192307692308 0.0958904109589041 0.0175480769230769
1 0.9524828767123288 0.5935096153846153 0.0963184931506849 0.0168269230769231
1 0.8321917808219178 0.6266826923076924 0.1391267123287671 0.0197115384615385
1 0.6939212328767124 0.6281250000000000 0.1327054794520548 0.0177884615384615
1 0.6939212328767124 0.6069711538461539 0.1327054794520548 0.0146634615384615
1 0.8364726027397260 0.5841346153846154 0.1386986301369863 0.0129807692307692
1 0.6708047945205480 0.2704326923076923 0.1434075342465753 0.0170673076923077
1 0.3968321917808219 0.2949519230769231 0.1395547945205479 0.0175480769230769
1 0.3951198630136986 0.3139423076923077 0.1365582191780822 0.0158653846153846
1 0.5295376712328768 0.3127403846153846 0.1357020547945205 0.0161057692307692
1 0.5325342465753424 0.2942307692307692 0.1322773972602740 0.0185096153846154
1 0.4015410958904110 0.2735576923076923 0.1322773972602740 0.0182692307692308
1 0.2422945205479452 0.3204326923076923 0.1703767123287671 0.0312500000000000
1 0.2401541095890411 0.2802884615384615 0.1665239726027397 0.0389423076923077
1 0.0783390410958904 0.3233173076923077 0.1532534246575342 0.0389423076923077
1 0.6930650684931506 0.1923076923076923 0.1481164383561644 0.0173076923076923
1 0.2756849315068493 0.8834134615384616 0.1553938356164384 0.0115384615384615
1 0.8476027397260274 0.8036057692307692 0.1305650684931507 0.0137019230769231
1 0.1168664383561644 0.8105769230769231 0.1549657534246575 0.0153846153846154
1 0.4310787671232877 0.8057692307692308 0.1562500000000000 0.0180288461538462
1 0.4323630136986301 0.8252403846153846 0.1498287671232877 0.0153846153846154
1 0.1142979452054795 0.8483173076923077 0.1545376712328767 0.0149038461538462
1 0.4289383561643836 0.8444711538461539 0.1562500000000000 0.0146634615384615
1 0.4285102739726027 0.8620192307692308 0.1553938356164384 0.0153846153846154
1 0.4297945205479452 0.8788461538461538 0.1532534246575342 0.0127403846153846
1 0.2880993150684932 0.7266826923076923 0.1536815068493151 0.0141826923076923
1 0.1348458904109589 0.7290865384615385 0.1523972602739726 0.0165865384615385
1 0.1172945205479452 0.8841346153846154 0.1519691780821918 0.0132211538461538
1 0.1164383561643836 0.8661057692307692 0.1545376712328767 0.0165865384615385
1 0.2735445205479452 0.8084134615384615 0.1549657534246575 0.0158653846153846
1 0.4417808219178082 0.7199519230769231 0.1468321917808219 0.0156250000000000
1 0.4469178082191781 0.7574519230769231 0.1523972602739726 0.0120192307692308
1 0.2902397260273973 0.7449519230769230 0.1532534246575342 0.0139423076923077
1 0.2902397260273973 0.7620192307692307 0.1536815068493151 0.0110576923076923
1 0.1335616438356164 0.7475961538461539 0.1545376712328767 0.0141826923076923
1 0.1348458904109589 0.7656250000000000 0.1528253424657534 0.0110576923076923
1 0.5869006849315068 0.7033653846153847 0.1352739726027397 0.0161057692307692
1 0.7251712328767124 0.7028846153846153 0.1378424657534247 0.0156250000000000
1 0.5873287671232876 0.7228365384615385 0.1331335616438356 0.0182692307692308
1 0.7251712328767124 0.7228365384615385 0.1335616438356164 0.0161057692307692
1 0.8600171232876712 0.7185096153846153 0.1284246575342466 0.0151442307692308
1 0.8595890410958904 0.7000000000000000 0.1237157534246575 0.0168269230769231
1 0.4464897260273973 0.7401442307692307 0.1519691780821918 0.0165865384615385
1 0.1194349315068493 0.8298076923076924 0.1601027397260274 0.0146634615384615
