1 0.4188034188034188 0.8634615384615385 0.0461538461538462 0.0526442307692308
1 0.4653846153846154 0.8620192307692308 0.0461538461538462 0.0497596153846154
1 0.5179487179487180 0.8639423076923077 0.0367521367521368 0.0492788461538462
1 0.5611111111111111 0.8516826923076923 0.0290598290598291 0.0725961538461539
1 0.6038461538461538 0.8562500000000000 0.0452991452991453 0.0646634615384615
1 0.6606837606837607 0.8685096153846154 0.0576923076923077 0.0401442307692308
1 0.8688034188034188 0.6920673076923077 0.0337606837606838 0.0151442307692308
1 0.6435897435897436 0.7834134615384616 0.0354700854700855 0.0067307692307692
1 0.9529914529914529 0.6889423076923077 0.0508547008547009 0.0257211538461538
1 0.2158119658119658 0.7663461538461539 0.0405982905982906 0.0588942307692308
1 0.2649572649572650 0.7656250000000000 0.0572649572649573 0.0168269230769231
1 0.3217948717948718 0.7627403846153846 0.0444444444444444 0.0088942307692308
1 0.2683760683760684 0.7846153846153846 0.0555555555555556 0.0199519230769231
1 0.3217948717948718 0.7759615384615385 0.0444444444444444 0.0125000000000000
1 0.3769230769230769 0.7668269230769231 0.0521367521367521 0.0120192307692308
1 0.3760683760683761 0.7783653846153846 0.0504273504273504 0.0093750000000000
1 0.3756410256410256 0.7887019230769231 0.0542735042735043 0.0120192307692308
1 0.4397435897435897 0.7435096153846154 0.0559829059829060 0.0103365384615385
1 0.4350427350427351 0.7550480769230770 0.0589743589743590 0.0103365384615385
1 0.4371794871794872 0.7665865384615385 0.0508547008547009 0.0103365384615385
1 0.4358974358974359 0.7762019230769230 0.0525641025641026 0.0072115384615385
1 0.4341880341880342 0.7882211538461539 0.0448717948717949 0.0103365384615385
1 0.4944444444444445 0.7862980769230770 0.0512820512820513 0.0098557692307692
1 0.4935897435897436 0.7757211538461538 0.0500000000000000 0.0103365384615385
1 0.4935897435897436 0.7649038461538461 0.0333333333333333 0.0091346153846154
1 0.5495726495726496 0.7531250000000000 0.0397435897435897 0.0096153846153846
1 0.5957264957264957 0.7509615384615385 0.0418803418803419 0.0072115384615385
1 0.5491452991452992 0.7610576923076923 0.0423076923076923 0.0074519230769231
1 0.5961538461538461 0.7605769230769230 0.0431623931623932 0.0062500000000000
1 0.5470085470085471 0.7706730769230770 0.0423076923076923 0.0091346153846154
1 0.5957264957264957 0.7685096153846154 0.0423076923076923 0.0067307692307692
1 0.5978632478632478 0.7766826923076923 0.0303418803418803 0.0062500000000000
1 0.5508547008547009 0.7870192307692307 0.0452991452991453 0.0062500000000000
1 0.5542735042735043 0.7781250000000000 0.0401709401709402 0.0055288461538462
1 0.5978632478632478 0.7846153846153846 0.0333333333333333 0.0060096153846154
1 0.6952991452991453 0.7663461538461539 0.0534188034188034 0.0086538461538462
1 0.3217948717948718 0.7884615384615384 0.0448717948717949 0.0098557692307692
1 0.1576923076923077 0.1814903846153846 0.0341880341880342 0.0451923076923077
1 0.9055555555555556 0.6930288461538462 0.0337606837606838 0.0129807692307692
1 0.9465811965811965 0.8512019230769231 0.0213675213675214 0.0564903846153846
1 0.9799145299145299 0.8543269230769230 0.0393162393162393 0.0550480769230769
1 0.9598290598290599 0.7781250000000000 0.0807692307692308 0.0512019230769231
1 0.8709401709401710 0.7564903846153846 0.0500000000000000 0.0764423076923077
1 0.8098290598290598 0.7586538461538461 0.0465811965811966 0.0860576923076923
1 0.7559829059829060 0.7841346153846154 0.0521367521367521 0.0117788461538462
1 0.7547008547008547 0.7721153846153846 0.0500000000000000 0.0105769230769231
1 0.7521367521367521 0.7608173076923077 0.0491452991452991 0.0129807692307692
1 0.7521367521367521 0.7456730769230769 0.0529914529914530 0.0132211538461538
1 0.7000000000000000 0.7850961538461538 0.0581196581196581 0.0074519230769231
1 0.6995726495726495 0.7771634615384615 0.0500000000000000 0.0074519230769231
1 0.2786324786324786 0.5956730769230769 0.0440170940170940 0.0312500000000000
1 0.9179487179487179 0.8591346153846153 0.0303418803418803 0.0475961538461538
1 0.2222222222222222 0.5776442307692308 0.0572649572649573 0.0701923076923077
1 0.9799145299145299 0.4966346153846154 0.0393162393162393 0.0271634615384615
1 0.9260683760683761 0.4646634615384616 0.0542735042735043 0.0250000000000000
1 0.9226495726495727 0.4954326923076923 0.0589743589743590 0.0322115384615385
1 0.8649572649572650 0.4951923076923077 0.0495726495726496 0.0293269230769231
1 0.8153846153846154 0.4975961538461539 0.0405982905982906 0.0298076923076923
1 0.7213675213675214 0.4887019230769231 0.0893162393162393 0.0175480769230769
1 0.6576923076923077 0.4701923076923077 0.0235042735042735 0.0531250000000000
1 0.6294871794871795 0.4723557692307692 0.0230769230769231 0.0552884615384615
1 0.5982905982905983 0.4574519230769231 0.0341880341880342 0.0822115384615385
1 0.5517094017094017 0.4658653846153846 0.0440170940170940 0.0615384615384615
1 0.7141025641025641 0.8531250000000000 0.0376068376068376 0.0687500000000000
1 0.4427350427350427 0.4701923076923077 0.0495726495726496 0.0569711538461538
1 0.9799145299145299 0.4658653846153846 0.0384615384615385 0.0223557692307692
1 0.8837606837606837 0.8586538461538461 0.0269230769230769 0.0483173076923077
1 0.8427350427350427 0.8603365384615385 0.0222222222222222 0.0201923076923077
1 0.8457264957264957 0.8800480769230770 0.0363247863247863 0.0127403846153846
1 0.8333333333333334 0.6735576923076924 0.0273504273504274 0.0610576923076923
1 0.7974358974358975 0.6860576923076923 0.0333333333333333 0.0237980769230769
1 0.7414529914529915 0.6980769230769230 0.0683760683760684 0.0394230769230769
1 0.6606837606837607 0.6456730769230770 0.0576923076923077 0.0322115384615385
1 0.6611111111111111 0.6882211538461539 0.0705128205128205 0.0341346153846154
1 0.5837606837606838 0.6790865384615384 0.0628205128205128 0.0661057692307692
1 0.5256410256410257 0.6762019230769231 0.0363247863247863 0.0728365384615385
1 0.4700854700854701 0.6786057692307692 0.0598290598290598 0.0713942307692308
1 0.4055555555555556 0.6923076923076923 0.0611111111111111 0.0519230769230769
1 0.3448717948717949 0.6901442307692308 0.0500000000000000 0.0552884615384615
1 0.2863247863247863 0.6930288461538462 0.0666666666666667 0.0536057692307692
1 0.2153846153846154 0.6961538461538461 0.0722222222222222 0.0569711538461538
1 0.9153846153846154 0.6120192307692308 0.0854700854700855 0.0197115384615385
1 0.8307692307692308 0.6129807692307693 0.0837606837606838 0.0189903846153846
1 0.7094017094017094 0.5896634615384615 0.0769230769230769 0.0317307692307692
1 0.6777777777777778 0.5579326923076923 0.0918803418803419 0.0146634615384615
1 0.4123931623931624 0.5557692307692308 0.1072649572649573 0.0189903846153846
1 0.4863247863247863 0.5925480769230769 0.0756410256410256 0.0295673076923077
1 0.3974358974358974 0.5944711538461539 0.0735042735042735 0.0336538461538462
1 0.3260683760683761 0.5961538461538461 0.0367521367521368 0.0295673076923077
1 0.3696581196581197 0.8634615384615385 0.0418803418803419 0.0526442307692308
1 0.3252136752136752 0.8596153846153847 0.0264957264957265 0.0579326923076923
1 0.2829059829059829 0.8644230769230770 0.0482905982905983 0.0502403846153846
1 0.2290598290598291 0.8649038461538462 0.0508547008547009 0.0564903846153846
1 0.8111111111111111 0.8516826923076923 0.0286324786324786 0.0098557692307692
1 0.8089743589743590 0.8661057692307692 0.0273504273504274 0.0129807692307692
1 0.8064102564102564 0.8822115384615384 0.0307692307692308 0.0105769230769231
1 0.3641025641025641 0.4848557692307692 0.0764957264957265 0.0276442307692308
1 0.2700854700854701 0.4867788461538461 0.0914529914529914 0.0310096153846154
1 0.4995726495726496 0.4689903846153846 0.0534188034188034 0.0550480769230769
1 0.9675213675213675 0.4105769230769231 0.0632478632478632 0.0348557692307692
1 0.4619658119658120 0.2918269230769231 0.0397435897435897 0.0471153846153846
1 0.2923076923076923 0.4490384615384616 0.0833333333333333 0.0283653846153846
1 0.3529914529914530 0.3028846153846154 0.0705128205128205 0.0247596153846154
1 0.3042735042735042 0.3007211538461538 0.0217948717948718 0.0302884615384615
1 0.2739316239316240 0.3002403846153846 0.0222222222222222 0.0278846153846154
1 0.2311965811965812 0.2985576923076923 0.0508547008547009 0.0329326923076923
1 0.1794871794871795 0.2978365384615385 0.0529914529914530 0.0324519230769231
1 0.9675213675213675 0.1740384615384615 0.0598290598290598 0.0533653846153846
1 0.9025641025641026 0.1706730769230769 0.0525641025641026 0.0593750000000000
1 0.8431623931623932 0.1718750000000000 0.0512820512820513 0.0576923076923077
1 0.7799145299145299 0.1552884615384615 0.0517094017094017 0.0930288461538462
1 0.7209401709401709 0.1557692307692308 0.0559829059829060 0.0891826923076923
1 0.6555555555555556 0.1569711538461538 0.0632478632478632 0.0875000000000000
1 0.5884615384615385 0.1824519230769231 0.0350427350427350 0.0295673076923077
1 0.5893162393162393 0.1326923076923077 0.0414529914529915 0.0463942307692308
1 0.5363247863247863 0.1786057692307692 0.0294871794871795 0.0411057692307692
1 0.5025641025641026 0.1807692307692308 0.0307692307692308 0.0423076923076923
1 0.4679487179487180 0.1786057692307692 0.0311965811965812 0.0454326923076923
1 0.3982905982905983 0.1860576923076923 0.0504273504273504 0.0336538461538462
1 0.5209401709401710 0.1274038461538461 0.0512820512820513 0.0463942307692308
1 0.4756410256410256 0.1269230769230769 0.0380341880341880 0.0463942307692308
1 0.4000000000000000 0.1115384615384615 0.0452991452991453 0.0814903846153846
1 0.3542735042735043 0.1836538461538462 0.0200854700854701 0.0370192307692308
1 0.3192307692307692 0.1848557692307692 0.0350427350427350 0.0475961538461538
1 0.2696581196581196 0.1795673076923077 0.0380341880341880 0.0447115384615385
1 0.2252136752136752 0.1810096153846154 0.0384615384615385 0.0461538461538462
1 0.1931623931623932 0.1800480769230769 0.0200854700854701 0.0389423076923077
1 0.5076923076923077 0.2824519230769231 0.0371794871794872 0.0656250000000000
1 0.5504273504273505 0.2930288461538462 0.0367521367521368 0.0447115384615385
1 0.4188034188034188 0.2932692307692308 0.0427350427350427 0.0466346153846154
1 0.5858974358974359 0.2860576923076923 0.0183760683760684 0.0103365384615385
1 0.9102564102564102 0.4144230769230769 0.0431623931623932 0.0334134615384615
1 0.8414529914529915 0.3915865384615385 0.0803418803418803 0.0653846153846154
1 0.7482905982905983 0.3810096153846154 0.0619658119658120 0.0329326923076923
1 0.6918803418803419 0.3706730769230769 0.0384615384615385 0.0540865384615385
1 0.6512820512820513 0.3723557692307692 0.0346153846153846 0.0567307692307692
1 0.6115384615384616 0.3718750000000000 0.0371794871794872 0.0516826923076923
1 0.5363247863247863 0.3814903846153846 0.0735042735042735 0.0312500000000000
1 0.4602564102564102 0.3831730769230769 0.0730769230769231 0.0314903846153846
1 0.4021367521367522 0.3725961538461539 0.0354700854700855 0.0526442307692308
1 0.5850427350427351 0.2737980769230769 0.0239316239316239 0.0117788461538462
1 0.3290598290598291 0.3733173076923077 0.0222222222222222 0.0536057692307692
1 0.2914529914529915 0.3735576923076923 0.0371794871794872 0.0521634615384615
1 0.2606837606837607 0.3730769230769231 0.0196581196581197 0.0519230769230769
1 0.3628205128205128 0.3745192307692308 0.0371794871794872 0.0540865384615385
1 0.1833333333333333 0.3694711538461539 0.0286324786324786 0.0612980769230769
1 0.5871794871794872 0.2973557692307692 0.0209401709401709 0.0084134615384615
1 0.6128205128205129 0.2954326923076923 0.0192307692307692 0.0098557692307692
1 0.6354700854700854 0.2961538461538462 0.0239316239316239 0.0110576923076923
1 0.2162393162393162 0.3701923076923077 0.0324786324786325 0.0591346153846154
1 0.6106837606837607 0.3088942307692308 0.0226495726495726 0.0079326923076923
1 0.6367521367521367 0.3079326923076923 0.0217948717948718 0.0081730769230769
1 0.5850427350427351 0.3069711538461539 0.0243589743589744 0.0100961538461538
1 0.6598290598290598 0.2930288461538462 0.0149572649572650 0.0098557692307692
1 0.6811965811965812 0.2927884615384616 0.0175213675213675 0.0129807692307692
1 0.6594017094017094 0.3062500000000000 0.0136752136752137 0.0115384615384615
1 0.6816239316239316 0.3062500000000000 0.0217948717948718 0.0112980769230769
1 0.7264957264957265 0.2887019230769231 0.0623931623931624 0.0507211538461538
1 0.6611111111111111 0.2810096153846154 0.0213675213675214 0.0112980769230769
