1 0.0580065359477124 0.0453431372549020 0.0400326797385621 0.0873161764705882
1 0.0196078431372549 0.0468750000000000 0.0355392156862745 0.0879289215686275
1 0.9517973856209150 0.8299632352941176 0.0972222222222222 0.0189950980392157
1 0.9399509803921569 0.9497549019607843 0.0996732026143791 0.1001838235294118
1 0.8129084967320261 0.8863357843137255 0.0784313725490196 0.0428921568627451
1 0.8235294117647058 0.9212622549019608 0.0825163398692810 0.0300245098039216
1 0.3590686274509804 0.7257965686274510 0.0612745098039216 0.0143995098039216
1 0.3537581699346405 0.7113970588235294 0.0633169934640523 0.0113357843137255
1 0.3541666666666667 0.7015931372549019 0.0600490196078431 0.0137867647058824
1 0.3508986928104575 0.6871936274509803 0.0702614379084967 0.0165441176470588
1 0.3504901960784313 0.6709558823529411 0.0694444444444444 0.0159313725490196
1 0.3545751633986928 0.6559436274509803 0.0780228758169935 0.0208333333333333
1 0.3541666666666667 0.6341911764705882 0.0678104575163399 0.0156250000000000
1 0.2834967320261438 0.7092524509803921 0.0625000000000000 0.0131740196078431
1 0.0604575163398693 0.7527573529411765 0.0825163398692810 0.0618872549019608
1 0.9550653594771242 0.7864583333333334 0.0829248366013072 0.0337009803921569
1 0.2193627450980392 0.6997549019607843 0.0575980392156863 0.0196078431372549
1 0.2222222222222222 0.6810661764705882 0.0551470588235294 0.0110294117647059
1 0.2173202614379085 0.6688112745098039 0.0616830065359477 0.0088848039215686
1 0.2214052287581699 0.6571691176470589 0.0653594771241830 0.0140931372549020
1 0.2222222222222222 0.6375612745098039 0.0669934640522876 0.0220588235294118
1 0.1609477124183007 0.6841299019607843 0.0465686274509804 0.0171568627450980
1 0.1605392156862745 0.6681985294117647 0.0543300653594771 0.0107230392156863
1 0.1531862745098039 0.6492034313725490 0.0567810457516340 0.0171568627450980
1 0.0910947712418301 0.6495098039215687 0.0678104575163399 0.0621936274509804
1 0.0453431372549020 0.6240808823529411 0.0269607843137255 0.0870098039215686
1 0.0155228758169935 0.6216299019607843 0.0273692810457516 0.0986519607843137
1 0.9636437908496732 0.6792279411764706 0.0702614379084967 0.0324754901960784
1 0.9640522875816994 0.6464460784313726 0.0714869281045752 0.0337009803921569
1 0.2826797385620915 0.6764705882352942 0.0608660130718954 0.0143995098039216
1 0.1421568627450980 0.7742034313725490 0.0637254901960784 0.0539215686274510
1 0.1968954248366013 0.8045343137254902 0.0763888888888889 0.0539215686274510
1 0.2720588235294117 0.8100490196078431 0.0445261437908497 0.1066176470588235
1 0.8406862745098039 0.8149509803921569 0.0874183006535948 0.0306372549019608
1 0.8533496732026143 0.7901348039215687 0.0955882352941176 0.0220588235294118
1 0.8541666666666666 0.7640931372549019 0.1017156862745098 0.0306372549019608
1 0.7369281045751634 0.7941176470588235 0.0796568627450980 0.0272671568627451
1 0.7479575163398693 0.7711397058823529 0.0882352941176471 0.0189950980392157
1 0.7512254901960784 0.7472426470588235 0.0866013071895425 0.0318627450980392
1 0.6470588235294118 0.7729779411764706 0.0780228758169935 0.0196078431372549
1 0.6507352941176471 0.7521446078431373 0.0759803921568627 0.0229779411764706
1 0.6503267973856209 0.7282475490196079 0.0841503267973856 0.0260416666666667
1 0.6621732026143791 0.7074142156862745 0.0866013071895425 0.0287990196078431
1 0.5665849673202614 0.7696078431372549 0.0608660130718954 0.0131740196078431
1 0.5690359477124183 0.7561274509803921 0.0694444444444444 0.0147058823529412
1 0.5690359477124183 0.7411151960784313 0.0653594771241830 0.0196078431372549
1 0.4971405228758170 0.7527573529411765 0.0661764705882353 0.0171568627450980
1 0.4946895424836601 0.7343750000000000 0.0612745098039216 0.0223651960784314
1 0.4219771241830065 0.7264093137254902 0.0600490196078431 0.0193014705882353
1 0.4362745098039216 0.6997549019607843 0.0498366013071895 0.0101102941176471
1 0.4370915032679739 0.6844362745098039 0.0686274509803922 0.0180759803921569
1 0.4415849673202614 0.6672794117647058 0.0649509803921569 0.0186887254901961
1 0.4379084967320261 0.6519607843137255 0.0661764705882353 0.0199142156862745
1 0.8075980392156863 0.9457720588235294 0.0849673202614379 0.0444240196078431
1 0.7132352941176471 0.9172794117647058 0.0612745098039216 0.1335784313725490
1 0.6200980392156863 0.8973651960784313 0.0490196078431373 0.1191789215686275
1 0.5490196078431373 0.8400735294117647 0.0759803921568627 0.0431985294117647
1 0.5318627450980392 0.8949142156862745 0.0886437908496732 0.0572916666666667
1 0.4714052287581699 0.8186274509803921 0.0486111111111111 0.0634191176470588
1 0.4440359477124183 0.8670343137254902 0.0657679738562092 0.0493259803921569
1 0.4399509803921569 0.9062500000000000 0.0784313725490196 0.0349264705882353
1 0.3709150326797386 0.8235294117647058 0.0424836601307190 0.1017156862745098
1 0.8941993464052288 0.6308210784313726 0.0669934640522876 0.1072303921568627
1 0.8202614379084967 0.6213235294117647 0.0506535947712418 0.1011029411764706
1 0.2883986928104575 0.6936274509803921 0.0559640522875817 0.0165441176470588
1 0.7095588235294118 0.5934436274509803 0.0584150326797386 0.1182598039215686
1 0.4101307189542484 0.2208946078431372 0.0575980392156863 0.1240808823529412
1 0.4689542483660131 0.2248774509803922 0.0567810457516340 0.1124387254901961
1 0.5257352941176471 0.2328431372549020 0.0506535947712418 0.1289828431372549
1 0.5984477124183006 0.2408088235294118 0.0951797385620915 0.1124387254901961
1 0.6670751633986928 0.2545955882352941 0.0412581699346405 0.1023284313725490
1 0.7160947712418301 0.2576593137254902 0.0551470588235294 0.0946691176470588
1 0.7651143790849673 0.2588848039215687 0.0379901960784314 0.0980392156862745
1 0.2512254901960784 0.2300857843137255 0.0919117647058824 0.1994485294117647
1 0.8210784313725490 0.2478553921568628 0.0739379084967320 0.1240808823529412
1 0.9407679738562091 0.2613357843137255 0.0669934640522876 0.1194852941176471
1 0.0788398692810457 0.3664215686274510 0.0514705882352941 0.0909926470588235
1 0.1311274509803922 0.3759191176470588 0.0510620915032680 0.0909926470588235
1 0.1858660130718954 0.3777573529411765 0.0543300653594771 0.0870098039215686
1 0.2806372549019608 0.3964460784313725 0.0482026143790850 0.1029411764705882
1 0.3227124183006536 0.3982843137254902 0.0392156862745098 0.0998774509803922
1 0.3651960784313725 0.4019607843137255 0.0433006535947712 0.1041666666666667
1 0.8852124183006536 0.2512254901960784 0.0449346405228758 0.1397058823529412
1 0.4113562091503268 0.4028799019607843 0.0518790849673203 0.1066176470588235
1 0.3496732026143791 0.2270220588235294 0.0637254901960784 0.0980392156862745
1 0.1723856209150327 0.2349877450980392 0.0273692810457516 0.0631127450980392
1 0.1000816993464052 0.0477941176470588 0.0473856209150327 0.0897671568627451
1 0.1511437908496732 0.0477941176470588 0.0526960784313725 0.0916053921568627
1 0.1924019607843137 0.0474877450980392 0.0285947712418301 0.0922181372549020
1 0.2348856209150327 0.0465686274509804 0.0498366013071895 0.0909926470588235
1 0.2851307189542484 0.0505514705882353 0.0535130718954248 0.0980392156862745
1 0.3337418300653595 0.0493259803921569 0.0363562091503268 0.0955882352941176
1 0.4244281045751634 0.0505514705882353 0.1458333333333333 0.0894607843137255
1 0.1956699346405229 0.2117034313725490 0.0183823529411765 0.1075367647058824
1 0.5347222222222222 0.0530024509803922 0.0739379084967320 0.1063112745098039
1 0.7303921568627451 0.0572916666666667 0.1339869281045752 0.1087622549019608
1 0.8570261437908496 0.0575980392156863 0.0861928104575163 0.1121323529411765
1 0.9522058823529411 0.0557598039215686 0.0980392156862745 0.1106004901960784
1 0.0261437908496732 0.1902573529411765 0.0486111111111111 0.1354166666666667
1 0.0625000000000000 0.2110906862745098 0.0191993464052288 0.0802696078431373
1 0.0890522875816993 0.2089460784313726 0.0424836601307190 0.1029411764705882
1 0.1319444444444444 0.2061887254901961 0.0433006535947712 0.1026348039215686
1 0.6164215686274510 0.0557598039215686 0.0882352941176471 0.1044730392156863
1 0.7659313725490197 0.5992647058823529 0.0486111111111111 0.1017156862745098
1 0.9473039215686274 0.8115808823529411 0.0935457516339869 0.0238970588235294
1 0.0706699346405229 0.4938725490196079 0.0567810457516340 0.0876225490196078
1 0.5915032679738562 0.4117647058823529 0.0306372549019608 0.1397058823529412
1 0.6433823529411765 0.4163602941176471 0.0661764705882353 0.1302083333333333
1 0.6981209150326797 0.4126838235294117 0.0355392156862745 0.1259191176470588
1 0.7365196078431373 0.4724264705882353 0.0269607843137255 0.0294117647058824
1 0.7990196078431373 0.4132965686274510 0.0339052287581699 0.1207107843137255
1 0.8496732026143791 0.4332107843137255 0.0882352941176471 0.1314338235294118
1 0.9138071895424836 0.4583333333333333 0.0477941176470588 0.1283700980392157
1 0.9750816993464052 0.4310661764705883 0.0339052287581699 0.1087622549019608
1 0.1323529411764706 0.5165441176470589 0.0482026143790850 0.0891544117647059
1 0.5273692810457516 0.4142156862745098 0.0751633986928105 0.1093750000000000
1 0.1785130718954248 0.5211397058823529 0.0433006535947712 0.0833333333333333
1 0.2569444444444444 0.5272671568627451 0.0302287581699346 0.1029411764705882
1 0.3014705882352941 0.5333946078431373 0.0604575163398693 0.1130514705882353
1 0.3529411764705883 0.5438112745098039 0.0363562091503268 0.0986519607843137
1 0.3978758169934640 0.5542279411764706 0.0461601307189543 0.0974264705882353
1 0.4428104575163399 0.5530024509803921 0.0379901960784314 0.1112132352941176
1 0.4926470588235294 0.5686274509803921 0.0359477124183007 0.1044730392156863
1 0.5314542483660131 0.5735294117647058 0.0371732026143791 0.0928308823529412
1 0.5718954248366013 0.5738357843137255 0.0330882352941176 0.1176470588235294
1 0.6119281045751634 0.5735294117647058 0.0502450980392157 0.1151960784313725
1 0.6527777777777778 0.5839460784313726 0.0212418300653595 0.1155024509803922
1 0.2165032679738562 0.5211397058823529 0.0433006535947712 0.1109068627450980
1 0.4620098039215687 0.4154411764705883 0.0465686274509804 0.1063112745098039
