1 0.5383597883597884 0.1316964285714286 0.0608465608465608 0.1376488095238095
1 0.6084656084656085 0.1331845238095238 0.0707671957671958 0.1316964285714286
1 0.8220899470899471 0.5803571428571429 0.0714285714285714 0.0488591269841270
1 0.6726190476190477 0.5873015873015873 0.0744047619047619 0.0498511904761905
1 0.5958994708994709 0.5890376984126984 0.0687830687830688 0.0488591269841270
1 0.5224867724867724 0.5935019841269841 0.0704365079365079 0.0486111111111111
1 0.4484126984126984 0.5942460317460317 0.0671296296296296 0.0476190476190476
1 0.3746693121693122 0.5972222222222222 0.0734126984126984 0.0478670634920635
1 0.3002645502645503 0.6001984126984127 0.0694444444444444 0.0471230158730159
1 0.2248677248677249 0.6026785714285714 0.0753968253968254 0.0458829365079365
1 0.1464947089947090 0.6031746031746031 0.0694444444444444 0.0448908730158730
1 0.0697751322751323 0.6071428571428571 0.0727513227513227 0.0458829365079365
1 0.9675925925925926 0.5250496031746031 0.0638227513227513 0.0510912698412698
1 0.8971560846560847 0.5250496031746031 0.0737433862433862 0.0466269841269841
1 0.8181216931216931 0.5285218253968254 0.0757275132275132 0.0496031746031746
1 0.7423941798941799 0.5324900793650794 0.0717592592592593 0.0533234126984127
1 0.6686507936507936 0.5339781746031746 0.0664682539682540 0.0518353174603175
1 0.5949074074074074 0.5374503968253969 0.0730820105820106 0.0500992063492064
1 0.5198412698412699 0.5394345238095238 0.0707671957671958 0.0525793650793651
1 0.4441137566137566 0.5441468253968254 0.0704365079365079 0.0481150793650794
1 0.3690476190476191 0.5466269841269841 0.0737433862433862 0.0488591269841270
1 0.2916666666666667 0.5486111111111112 0.0727513227513227 0.0508432539682540
1 0.1425264550264550 0.5510912698412699 0.0737433862433862 0.0510912698412698
1 0.9623015873015873 0.4352678571428572 0.0737433862433862 0.0456349206349206
1 0.8792989417989417 0.4360119047619048 0.0701058201058201 0.0483630952380952
1 0.8058862433862434 0.4360119047619048 0.0681216931216931 0.0473710317460317
1 0.7311507936507936 0.4399801587301587 0.0667989417989418 0.0468750000000000
1 0.6577380952380952 0.4437003968253968 0.0710978835978836 0.0473710317460317
1 0.7443783068783069 0.5845734126984127 0.0644841269841270 0.0451388888888889
1 0.4500661375661376 0.6458333333333334 0.0677910052910053 0.0466269841269841
1 0.8958333333333334 0.5746527777777778 0.0681216931216931 0.0481150793650794
1 0.9662698412698413 0.5763888888888888 0.0667989417989418 0.0461309523809524
1 0.1544312169312169 0.8087797619047619 0.0710978835978836 0.0468750000000000
1 0.8945105820105820 0.6267361111111112 0.0658068783068783 0.0476190476190476
1 0.9666005291005291 0.6247519841269841 0.0651455026455026 0.0451388888888889
1 0.0760582010582011 0.7621527777777778 0.0826719576719577 0.0486111111111111
1 0.1524470899470899 0.7601686507936508 0.0671296296296296 0.0463789682539683
1 0.2294973544973545 0.8067956349206349 0.0730820105820106 0.0468750000000000
1 0.0869708994708995 0.8601190476190477 0.0816798941798942 0.0421626984126984
1 0.1643518518518519 0.8568948412698413 0.0710978835978836 0.0446428571428571
1 0.2387566137566138 0.8546626984126984 0.0717592592592593 0.0448908730158730
1 0.3210978835978836 0.7770337301587301 0.0271164021164021 0.0436507936507936
1 0.3518518518518519 0.7785218253968254 0.0281084656084656 0.0381944444444444
1 0.8895502645502645 0.8182043650793651 0.0701058201058201 0.0456349206349206
1 0.5826719576719577 0.4434523809523809 0.0717592592592593 0.0510912698412698
1 0.9685846560846560 0.7313988095238095 0.0631613756613757 0.0463789682539683
1 0.9636243386243386 0.8244047619047619 0.0704365079365079 0.0453869047619048
1 0.8214285714285714 0.6299603174603174 0.0730820105820106 0.0456349206349206
1 0.1534391534391534 0.6537698412698413 0.0691137566137566 0.0478670634920635
1 0.2271825396825397 0.6507936507936508 0.0714285714285714 0.0436507936507936
1 0.3032407407407408 0.6490575396825397 0.0730820105820106 0.0466269841269841
1 0.3783068783068783 0.6478174603174603 0.0691137566137566 0.0468750000000000
1 0.7450396825396826 0.6336805555555556 0.0684523809523810 0.0471230158730159
1 0.6703042328042328 0.6374007936507936 0.0694444444444444 0.0453869047619048
1 0.5965608465608465 0.6401289682539683 0.0677910052910053 0.0496031746031746
1 0.5251322751322751 0.6443452380952381 0.0667989417989418 0.0481150793650794
1 0.0777116402116402 0.8112599206349206 0.0714285714285714 0.0471230158730159
1 0.0763888888888889 0.6562500000000000 0.0773809523809524 0.0463789682539683
1 0.9642857142857143 0.7767857142857143 0.0717592592592593 0.0434027777777778
1 0.5095899470899471 0.4454365079365080 0.0734126984126984 0.0468750000000000
1 0.2159391534391534 0.5500992063492064 0.0638227513227513 0.0510912698412698
1 0.3584656084656085 0.4494047619047619 0.0727513227513227 0.0483630952380952
1 0.3842592592592592 0.3169642857142857 0.0750661375661376 0.0550595238095238
1 0.3042328042328042 0.3187003968253968 0.0747354497354497 0.0567956349206349
1 0.2218915343915344 0.3204365079365080 0.0813492063492064 0.0533234126984127
1 0.1398809523809524 0.3221726190476191 0.0737433862433862 0.0520833333333333
1 0.0575396825396825 0.3224206349206349 0.0800264550264550 0.0530753968253968
1 0.9497354497354498 0.2467757936507937 0.0803571428571429 0.0548115079365079
1 0.4335317460317460 0.4484126984126984 0.0687830687830688 0.0500992063492064
1 0.7744708994708994 0.2517361111111111 0.0783730158730159 0.0560515873015873
1 0.6954365079365079 0.2537202380952381 0.0770502645502645 0.0572916666666667
1 0.6177248677248677 0.2547123015873016 0.0750661375661376 0.0565476190476190
1 0.5393518518518519 0.2562003968253968 0.0747354497354497 0.0530753968253968
1 0.4606481481481481 0.2584325396825397 0.0770502645502645 0.0553075396825397
1 0.4636243386243386 0.3157242063492063 0.0740740740740741 0.0560515873015873
1 0.3779761904761905 0.2594246031746032 0.0800264550264550 0.0533234126984127
1 0.2175925925925926 0.2626488095238095 0.0813492063492064 0.0553075396825397
1 0.1369047619047619 0.2641369047619048 0.0767195767195767 0.0567956349206349
1 0.0555555555555556 0.2643849206349206 0.0823412698412698 0.0565476190476190
1 0.9778439153439153 0.1257440476190476 0.0436507936507936 0.1356646825396825
1 0.9242724867724867 0.1282242063492063 0.0582010582010582 0.1369047619047619
1 0.8601190476190477 0.1250000000000000 0.0634920634920635 0.1388888888888889
1 0.7734788359788359 0.1438492063492063 0.0618386243386243 0.1014384920634921
1 0.7066798941798942 0.1525297619047619 0.0472883597883598 0.0830853174603175
1 0.6755952380952381 0.1009424603174603 0.0224867724867725 0.0148809523809524
1 0.8045634920634921 0.0672123015873016 0.0453042328042328 0.0280257936507937
1 0.7523148148148148 0.0724206349206349 0.0390211640211640 0.0310019841269841
1 0.6977513227513228 0.0744047619047619 0.0492724867724868 0.0376984126984127
1 0.2999338624338624 0.2609126984126984 0.0747354497354497 0.0550595238095238
1 0.5403439153439153 0.3139880952380952 0.0744047619047619 0.0572916666666667
1 0.8697089947089947 0.2477678571428572 0.0767195767195767 0.0560515873015873
1 0.6974206349206349 0.3112599206349206 0.0747354497354497 0.0528273809523810
1 0.5076058201058201 0.3903769841269841 0.0783730158730159 0.0567956349206349
1 0.4298941798941799 0.3940972222222222 0.0707671957671958 0.0528273809523810
1 0.3531746031746032 0.3955853174603174 0.0770502645502645 0.0471230158730159
1 0.2784391534391534 0.3965773809523809 0.0720899470899471 0.0491071428571429
1 0.1980820105820106 0.3985615079365080 0.0767195767195767 0.0505952380952381
1 0.1197089947089947 0.3998015873015873 0.0744047619047619 0.0535714285714286
1 0.7341269841269841 0.3849206349206349 0.0753968253968254 0.0570436507936508
1 0.6183862433862434 0.3120039682539683 0.0737433862433862 0.0518353174603175
1 0.9603174603174603 0.3814484126984127 0.0783730158730159 0.0510912698412698
1 0.0472883597883598 0.4543650793650794 0.0773809523809524 0.0510912698412698
1 0.1246693121693122 0.4543650793650794 0.0753968253968254 0.0508432539682540
1 0.2037037037037037 0.4508928571428572 0.0767195767195767 0.0486111111111111
1 0.2817460317460317 0.4494047619047619 0.0734126984126984 0.0481150793650794
1 0.5853174603174603 0.3888888888888889 0.0707671957671958 0.0533234126984127
1 0.6587301587301587 0.3893849206349206 0.0730820105820106 0.0523313492063492
1 0.2228835978835979 0.1366567460317460 0.0482804232804233 0.1202876984126984
1 0.7744708994708994 0.3087797619047619 0.0750661375661376 0.0567956349206349
1 0.8667328042328042 0.3050595238095238 0.0734126984126984 0.0533234126984127
1 0.0436507936507936 0.3993055555555556 0.0757275132275132 0.0545634920634921
1 0.9437830687830688 0.3053075396825397 0.0767195767195767 0.0528273809523810
1 0.0836640211640212 0.1631944444444444 0.0400132275132275 0.0741567460317460
1 0.1322751322751323 0.1550099206349206 0.0529100529100529 0.0835813492063492
1 0.1815476190476190 0.1557539682539683 0.0294312169312169 0.0830853174603175
1 0.4718915343915344 0.1304563492063492 0.0615079365079365 0.1371527777777778
1 0.2807539682539683 0.1302083333333333 0.0621693121693122 0.1319444444444444
1 0.3439153439153439 0.1297123015873016 0.0611772486772487 0.1369047619047619
1 0.4074074074074074 0.1287202380952381 0.0605158730158730 0.1356646825396825
