1 0.7487745098039216 0.2279411764705882 0.0788398692810457 0.0514705882352941
1 0.2324346405228758 0.1593137254901961 0.0657679738562092 0.0419730392156863
1 0.6609477124183006 0.2270220588235294 0.0743464052287582 0.0563725490196078
1 0.5780228758169934 0.2233455882352941 0.0796568627450980 0.0603553921568627
1 0.5767973856209150 0.1611519607843137 0.0853758169934641 0.0600490196078431
1 0.6654411764705882 0.1632965686274510 0.0837418300653595 0.0646446078431373
1 0.2291666666666667 0.2208946078431372 0.0669934640522876 0.0655637254901961
1 0.4857026143790850 0.2208946078431372 0.0866013071895425 0.0716911764705882
1 0.1474673202614379 0.2401960784313726 0.0866013071895425 0.0266544117647059
1 0.8766339869281046 0.0229779411764706 0.0939542483660131 0.0459558823529412
1 0.4763071895424836 0.1580882352941176 0.0735294117647059 0.0474877450980392
1 0.9616013071895425 0.0833333333333333 0.0723039215686275 0.0652573529411765
1 0.0212418300653595 0.1678921568627451 0.0428921568627451 0.0340073529411765
1 0.9632352941176471 0.0242034313725490 0.0714869281045752 0.0462622549019608
1 0.0138888888888889 0.2264093137254902 0.0281862745098039 0.0511642156862745
1 0.0543300653594771 0.2264093137254902 0.0433006535947712 0.0545343137254902
1 0.8762254901960784 0.0824142156862745 0.0812908496732026 0.0701593137254902
1 0.7998366013071896 0.0873161764705882 0.0543300653594771 0.0572916666666667
1 0.7263071895424836 0.0873161764705882 0.0784313725490196 0.0542279411764706
1 0.6360294117647058 0.0713848039215686 0.0857843137254902 0.0894607843137255
1 0.5469771241830066 0.0159313725490196 0.0825163398692810 0.0294117647058824
1 0.1388888888888889 0.2018995098039216 0.0939542483660131 0.0425857843137255
1 0.3104575163398693 0.1537990196078431 0.0747549019607843 0.0471813725490196
1 0.3104575163398693 0.2187500000000000 0.0829248366013072 0.0759803921568627
1 0.3970588235294117 0.2202818627450980 0.0808823529411765 0.0695465686274510
1 0.3962418300653595 0.1611519607843137 0.0792483660130719 0.0416666666666667
1 0.1323529411764706 0.1547181372549020 0.0931372549019608 0.0450367647058824
1 0.5469771241830066 0.0732230392156863 0.0784313725490196 0.0793504901960784
1 0.6168300653594772 0.6657475490196079 0.0678104575163399 0.0539215686274510
1 0.4595588235294117 0.0355392156862745 0.0751633986928105 0.0575980392156863
1 0.0682189542483660 0.8655024509803921 0.0551470588235294 0.0582107843137255
1 0.1450163398692811 0.8446691176470589 0.0375816993464052 0.0508578431372549
1 0.1907679738562091 0.8670343137254902 0.0473856209150327 0.0582107843137255
1 0.2495915032679739 0.8670343137254902 0.0506535947712418 0.0582107843137255
1 0.3080065359477124 0.8624387254901961 0.0490196078431373 0.0551470588235294
1 0.3590686274509804 0.8655024509803921 0.0498366013071895 0.0579044117647059
1 0.4146241830065360 0.8661151960784313 0.0510620915032680 0.0539215686274510
1 0.4844771241830065 0.8612132352941176 0.0518790849673203 0.0545343137254902
1 0.3966503267973856 0.7959558823529411 0.0433006535947712 0.0223651960784314
1 0.5314542483660131 0.8538602941176471 0.0314542483660131 0.0474877450980392
1 0.5220588235294118 0.8023897058823529 0.0490196078431373 0.0493259803921569
1 0.5747549019607843 0.8238357843137255 0.0367647058823529 0.0431985294117647
1 0.6417483660130719 0.8045343137254902 0.0608660130718954 0.0235906862745098
1 0.6560457516339869 0.8762254901960784 0.0772058823529412 0.0395220588235294
1 0.7287581699346405 0.8391544117647058 0.0469771241830065 0.1167279411764706
1 0.7802287581699346 0.8694852941176471 0.0477941176470588 0.0591299019607843
1 0.9003267973856209 0.7454044117647058 0.0841503267973856 0.0530024509803922
1 0.3758169934640523 0.0352328431372549 0.0792483660130719 0.0582107843137255
1 0.3790849673202614 0.0885416666666667 0.0780228758169935 0.0487132352941176
1 0.2920751633986928 0.0894607843137255 0.0829248366013072 0.0502450980392157
1 0.2924836601307190 0.0349264705882353 0.0796568627450980 0.0554534313725490
1 0.2209967320261438 0.0321691176470588 0.0547385620915033 0.0551470588235294
1 0.2201797385620915 0.0882352941176471 0.0575980392156863 0.0526960784313725
1 0.4587418300653595 0.0888480392156863 0.0735294117647059 0.0484068627450980
1 0.1507352941176471 0.0863970588235294 0.0780228758169935 0.0530024509803922
1 0.7475490196078431 0.1819852941176471 0.0763888888888889 0.0337009803921569
1 0.5318627450980392 0.7374387254901961 0.0890522875816993 0.0355392156862745
1 0.6127450980392157 0.7215073529411765 0.0678104575163399 0.0462622549019608
1 0.7066993464052288 0.7117034313725490 0.0841503267973856 0.0569852941176471
1 0.7904411764705882 0.7098651960784313 0.0763888888888889 0.0637254901960784
1 0.9260620915032680 0.6825980392156863 0.0825163398692810 0.0474877450980392
1 0.5347222222222222 0.6881127450980392 0.0829248366013072 0.0582107843137255
1 0.8333333333333334 0.2254901960784314 0.0772058823529412 0.0560661764705882
1 0.7377450980392157 0.3342524509803921 0.0645424836601307 0.0441176470588235
1 0.9799836601307189 0.2285539215686274 0.0396241830065359 0.0502450980392157
1 0.8901143790849673 0.8713235294117647 0.0433006535947712 0.0554534313725490
1 0.9415849673202614 0.8691789215686274 0.0482026143790850 0.0631127450980392
1 0.9844771241830066 0.8651960784313726 0.0318627450980392 0.0585171568627451
1 0.9628267973856209 0.7996323529411765 0.0498366013071895 0.0398284313725490
1 0.8664215686274510 0.1795343137254902 0.0575980392156863 0.0263480392156863
1 0.5245098039215687 0.5689338235294118 0.0788398692810457 0.0634191176470588
1 0.5277777777777778 0.4889705882352941 0.0812908496732026 0.0863970588235294
1 0.3656045751633987 0.4712009803921569 0.0706699346405229 0.0637254901960784
1 0.4460784313725490 0.4739583333333333 0.0686274509803922 0.0612745098039216
1 0.6164215686274510 0.4856004901960784 0.0751633986928105 0.0625000000000000
1 0.6932189542483660 0.4852941176470588 0.0694444444444444 0.0569852941176471
1 0.6123366013071896 0.5664828431372549 0.0833333333333333 0.0621936274509804
1 0.6960784313725490 0.5667892156862745 0.0669934640522876 0.0585171568627451
1 0.8374183006535948 0.8700980392156863 0.0522875816993464 0.0579044117647059
1 0.8231209150326797 0.4515931372549020 0.0808823529411765 0.0569852941176471
1 0.8280228758169934 0.5156250000000000 0.0866013071895425 0.0484068627450980
1 0.9240196078431373 0.5131740196078431 0.0906862745098039 0.0502450980392157
1 0.9154411764705882 0.2297794117647059 0.0780228758169935 0.0536151960784314
1 0.9191176470588235 0.5854779411764706 0.0890522875816993 0.0579044117647059
1 0.0445261437908497 0.6663602941176471 0.0727124183006536 0.0618872549019608
1 0.1160130718954248 0.6666666666666666 0.0649509803921569 0.0609681372549020
1 0.0277777777777778 0.7337622549019608 0.0559640522875817 0.0456495098039216
1 0.1017156862745098 0.7337622549019608 0.0772058823529412 0.0487132352941176
1 0.1907679738562091 0.7334558823529411 0.0841503267973856 0.0462622549019608
1 0.1977124183006536 0.6767769607843137 0.0821078431372549 0.0655637254901961
1 0.2826797385620915 0.6780024509803921 0.0841503267973856 0.0628063725490196
1 0.2736928104575164 0.7368259803921569 0.0747549019607843 0.0487132352941176
1 0.3672385620915033 0.7172181372549019 0.0857843137254902 0.0548406862745098
1 0.8937908496732027 0.4512867647058824 0.0506535947712418 0.0484068627450980
1 0.4415849673202614 0.5661764705882353 0.0759803921568627 0.0658700980392157
1 0.8259803921568627 0.5845588235294118 0.0947712418300654 0.0505514705882353
1 0.2671568627450980 0.5790441176470589 0.0776143790849673 0.0493259803921569
1 0.1004901960784314 0.4292279411764706 0.0502450980392157 0.0830269607843137
1 0.0498366013071895 0.4387254901960784 0.0383986928104575 0.0579044117647059
1 0.0142973856209150 0.4353553921568628 0.0245098039215686 0.0585171568627451
1 0.9419934640522876 0.3691789215686275 0.0776143790849673 0.0355392156862745
1 0.8508986928104575 0.3676470588235294 0.0874183006535948 0.0324754901960784
1 0.7483660130718954 0.3728553921568628 0.0780228758169935 0.0248161764705882
1 0.6544117647058824 0.3737745098039216 0.0776143790849673 0.0263480392156863
1 0.0175653594771242 0.8716299019607843 0.0355392156862745 0.0548406862745098
1 0.6662581699346405 0.3373161764705883 0.0649509803921569 0.0441176470588235
1 0.1572712418300654 0.4273897058823529 0.0457516339869281 0.0805759803921569
1 0.5898692810457516 0.3284313725490196 0.0702614379084967 0.0493259803921569
1 0.4906045751633987 0.3676470588235294 0.0682189542483660 0.0294117647058824
1 0.4109477124183006 0.3679534313725490 0.0800653594771242 0.0318627450980392
1 0.3337418300653595 0.3210784313725490 0.0763888888888889 0.0456495098039216
1 0.3206699346405229 0.3651960784313725 0.0870098039215686 0.0309436274509804
1 0.2295751633986928 0.3645833333333333 0.0841503267973856 0.0324754901960784
1 0.1221405228758170 0.3210784313725490 0.0526960784313725 0.0857843137254902
1 0.0649509803921569 0.3198529411764706 0.0482026143790850 0.0851715686274510
1 0.0167483660130719 0.3272058823529412 0.0334967320261438 0.0735294117647059
1 0.3607026143790850 0.5637254901960784 0.0739379084967320 0.0615808823529412
1 0.5731209150326797 0.3725490196078431 0.0776143790849673 0.0254289215686275
1 0.0347222222222222 0.5131740196078431 0.0531045751633987 0.0502450980392157
1 0.9750816993464052 0.7469362745098039 0.0498366013071895 0.0502450980392157
1 0.0236928104575163 0.5762867647058824 0.0392156862745098 0.0425857843137255
1 0.1895424836601307 0.5756740196078431 0.0612745098039216 0.0468750000000000
1 0.2879901960784313 0.5140931372549019 0.0702614379084967 0.0514705882352941
1 0.1405228758169935 0.5189950980392157 0.0894607843137255 0.0569852941176471
1 0.0972222222222222 0.5781250000000000 0.0927287581699346 0.0450367647058824
