1 0.7434640522875817 0.3170955882352941 0.0290032679738562 0.1001838235294118
1 0.7777777777777778 0.3152573529411765 0.0330882352941176 0.1029411764705882
1 0.6360294117647058 0.6148897058823529 0.0612745098039216 0.0419730392156863
1 0.7009803921568627 0.5533088235294118 0.0657679738562092 0.0450367647058824
1 0.6368464052287581 0.5625000000000000 0.0596405228758170 0.0450367647058824
1 0.5682189542483660 0.6256127450980392 0.0596405228758170 0.0450367647058824
1 0.4995915032679739 0.5799632352941176 0.0661764705882353 0.0496323529411765
1 0.5669934640522876 0.5729166666666666 0.0637254901960784 0.0447303921568627
1 0.7132352941176471 0.3198529411764706 0.0290032679738562 0.0986519607843137
1 0.4236111111111111 0.6507352941176471 0.0682189542483660 0.0425857843137255
1 0.3443627450980392 0.6611519607843137 0.0714869281045752 0.0422794117647059
1 0.4260620915032680 0.5900735294117647 0.0665849673202614 0.0474877450980392
1 0.3435457516339869 0.6011029411764706 0.0874183006535948 0.0536151960784314
1 0.2602124183006536 0.6718750000000000 0.0849673202614379 0.0471813725490196
1 0.5000000000000000 0.6357230392156863 0.0649509803921569 0.0422794117647059
1 0.6801470588235294 0.3213848039215687 0.0273692810457516 0.0968137254901961
1 0.5894607843137255 0.3256740196078431 0.0294117647058824 0.0989583333333333
1 0.6180555555555556 0.3244485294117647 0.0257352941176471 0.0986519607843137
1 0.0408496732026144 0.3471200980392157 0.0420751633986928 0.1274509803921569
1 0.0902777777777778 0.3446691176470588 0.0461601307189543 0.1225490196078431
1 0.1425653594771242 0.3412990196078431 0.0465686274509804 0.1253063725490196
1 0.1887254901960784 0.3397671568627451 0.0388071895424837 0.1246936274509804
1 0.2336601307189543 0.3382352941176471 0.0428921568627451 0.1280637254901961
1 0.2806372549019608 0.3351715686274510 0.0445261437908497 0.1204044117647059
1 0.6499183006535948 0.3213848039215687 0.0277777777777778 0.0995710784313725
1 0.3235294117647059 0.3327205882352941 0.0355392156862745 0.1194852941176471
1 0.4101307189542484 0.3327205882352941 0.0347222222222222 0.1127450980392157
1 0.4517973856209150 0.3305759803921569 0.0355392156862745 0.1130514705882353
1 0.4926470588235294 0.3278186274509804 0.0375816993464052 0.1124387254901961
1 0.5318627450980392 0.3262867647058824 0.0273692810457516 0.1118259803921569
1 0.5588235294117647 0.3272058823529412 0.0196078431372549 0.0995710784313725
1 0.2557189542483660 0.6106004901960784 0.0800653594771242 0.0474877450980392
1 0.3684640522875817 0.3321078431372549 0.0404411764705882 0.1158088235294118
1 0.1711601307189543 0.6887254901960784 0.0882352941176471 0.0499387254901961
1 0.0759803921568627 0.7061887254901961 0.0906862745098039 0.0548406862745098
1 0.9787581699346405 0.1240808823529412 0.0433006535947712 0.1544117647058824
1 0.3504901960784313 0.5153186274509803 0.0747549019607843 0.0514705882352941
1 0.3525326797385621 0.4503676470588235 0.0874183006535948 0.0615808823529412
1 0.2569444444444444 0.4604779411764706 0.0792483660130719 0.0588235294117647
1 0.2634803921568628 0.5245098039215687 0.0808823529411765 0.0536151960784314
1 0.1683006535947713 0.5346200980392157 0.0857843137254902 0.0533088235294118
1 0.0657679738562092 0.5447303921568627 0.1037581699346405 0.0575980392156863
1 0.1621732026143791 0.4678308823529412 0.0984477124183007 0.0618872549019608
1 0.0575980392156863 0.4767156862745098 0.0976307189542484 0.0615808823529412
1 0.9844771241830066 0.3039215686274510 0.0306372549019608 0.0986519607843137
1 0.9526143790849673 0.3051470588235294 0.0281862745098039 0.0989583333333333
1 0.9227941176470589 0.3075980392156863 0.0261437908496732 0.0971200980392157
1 0.8954248366013072 0.3088235294117647 0.0232843137254902 0.0992647058823529
1 0.8680555555555556 0.3115808823529412 0.0241013071895425 0.1026348039215686
1 0.8382352941176471 0.3106617647058824 0.0257352941176471 0.1029411764705882
1 0.8100490196078431 0.3146446078431372 0.0241013071895425 0.1041666666666667
1 0.4342320261437909 0.4469975490196079 0.0706699346405229 0.0548406862745098
1 0.1638071895424837 0.6231617647058824 0.0927287581699346 0.0542279411764706
1 0.5098039215686274 0.4396446078431372 0.0690359477124183 0.0536151960784314
1 0.5081699346405228 0.4981617647058824 0.0653594771241830 0.0493259803921569
1 0.0641339869281046 0.6393995098039216 0.0984477124183007 0.0566789215686275
1 0.9538398692810458 0.4509803921568628 0.0571895424836601 0.0398284313725490
1 0.8946078431372549 0.4589460784313725 0.0494281045751634 0.0444240196078431
1 0.8353758169934641 0.4650735294117647 0.0498366013071895 0.0447303921568627
1 0.7765522875816994 0.4724264705882353 0.0547385620915033 0.0413602941176471
1 0.7140522875816994 0.4776348039215687 0.0580065359477124 0.0401348039215686
1 0.6482843137254902 0.4837622549019608 0.0584150326797386 0.0456495098039216
1 0.5812908496732027 0.4920343137254902 0.0616830065359477 0.0487132352941176
1 0.9624183006535948 0.4019607843137255 0.0596405228758170 0.0471813725490196
1 0.8986928104575164 0.4059436274509804 0.0518790849673203 0.0459558823529412
1 0.8419117647058824 0.4120710784313725 0.0543300653594771 0.0465686274509804
1 0.7830882352941176 0.4175857843137255 0.0555555555555556 0.0484068627450980
1 0.7189542483660131 0.4246323529411765 0.0559640522875817 0.0493259803921569
1 0.6527777777777778 0.4298406862745098 0.0641339869281046 0.0505514705882353
1 0.5825163398692811 0.4353553921568628 0.0674019607843137 0.0523897058823529
1 0.4313725490196079 0.5079656862745098 0.0710784313725490 0.0502450980392157
1 0.9276960784313726 0.1240808823529412 0.0420751633986928 0.1547181372549020
1 0.7655228758169934 0.1188725490196078 0.0482026143790850 0.1709558823529412
1 0.8198529411764706 0.1185661764705882 0.0522875816993464 0.1688112745098039
1 0.6421568627450981 0.8425245098039216 0.0584150326797386 0.0382965686274510
1 0.6397058823529411 0.7950367647058824 0.0620915032679739 0.0401348039215686
1 0.6397058823529411 0.7432598039215687 0.0592320261437908 0.0352328431372549
1 0.9742647058823529 0.6216299019607843 0.0502450980392157 0.0395220588235294
1 0.8758169934640523 0.6476715686274510 0.0396241830065359 0.0361519607843137
1 0.8231209150326797 0.6611519607843137 0.0498366013071895 0.0404411764705882
1 0.7087418300653595 0.8275122549019608 0.0596405228758170 0.0358455882352941
1 0.7651143790849673 0.6718750000000000 0.0563725490196078 0.0435049019607843
1 0.6401143790849673 0.6942401960784313 0.0575980392156863 0.0450367647058824
1 0.5743464052287581 0.8560049019607843 0.0543300653594771 0.0425857843137255
1 0.5044934640522876 0.8704044117647058 0.0641339869281046 0.0438112745098039
1 0.5735294117647058 0.8060661764705882 0.0612745098039216 0.0410539215686275
1 0.5012254901960784 0.8192401960784313 0.0674019607843137 0.0401348039215686
1 0.5674019607843137 0.7576593137254902 0.0616830065359477 0.0379901960784314
1 0.7030228758169934 0.6822916666666666 0.0551470588235294 0.0438112745098039
1 0.7017973856209150 0.7310049019607843 0.0580065359477124 0.0379901960784314
1 0.7638888888888888 0.7181372549019608 0.0477941176470588 0.0376838235294118
1 0.7634803921568627 0.7659313725490197 0.0502450980392157 0.0346200980392157
1 0.1135620915032680 0.0995710784313725 0.0833333333333333 0.1924019607843137
1 0.0326797385620915 0.0980392156862745 0.0629084967320261 0.1936274509803922
1 0.9767156862745098 0.7552083333333334 0.0482026143790850 0.0312500000000000
1 0.9754901960784313 0.7107843137254902 0.0428921568627451 0.0269607843137255
1 0.9758986928104575 0.6694240196078431 0.0465686274509804 0.0315563725490196
1 0.9268790849673203 0.7689950980392157 0.0375816993464052 0.0379901960784314
1 0.9248366013071896 0.7236519607843137 0.0396241830065359 0.0346200980392157
1 0.9252450980392157 0.6789215686274510 0.0465686274509804 0.0343137254901961
1 0.8774509803921569 0.7827818627450981 0.0424836601307190 0.0340073529411765
1 0.8778594771241830 0.7377450980392157 0.0433006535947712 0.0333946078431373
1 0.8758169934640523 0.6927083333333334 0.0428921568627451 0.0370710784313725
1 0.8239379084967320 0.7984068627450981 0.0551470588235294 0.0327818627450980
1 0.8218954248366013 0.7539828431372549 0.0539215686274510 0.0306372549019608
1 0.8214869281045751 0.7064950980392157 0.0498366013071895 0.0327818627450980
1 0.7671568627450981 0.8128063725490197 0.0482026143790850 0.0318627450980392
1 0.4975490196078431 0.7677696078431373 0.0657679738562092 0.0401348039215686
1 0.8741830065359477 0.1204044117647059 0.0486111111111111 0.1700367647058824
1 0.5698529411764706 0.7049632352941176 0.0661764705882353 0.0477941176470588
1 0.4293300653594771 0.8878676470588235 0.0698529411764706 0.0392156862745098
1 0.8770424836601307 0.5281862745098039 0.0506535947712418 0.0431985294117647
1 0.8194444444444444 0.5867034313725490 0.0514705882352941 0.0358455882352941
1 0.8198529411764706 0.5386029411764706 0.0498366013071895 0.0431985294117647
1 0.7622549019607843 0.5958946078431373 0.0506535947712418 0.0382965686274510
1 0.7634803921568627 0.5450367647058824 0.0531045751633987 0.0416666666666667
1 0.7009803921568627 0.6053921568627451 0.0563725490196078 0.0389093137254902
1 0.9428104575163399 0.5226715686274510 0.0665849673202614 0.0428921568627451
1 0.2001633986928105 0.0977328431372549 0.0763888888888889 0.1933210784313726
1 0.3692810457516340 0.1050857843137255 0.0780228758169935 0.1969975490196078
1 0.4489379084967320 0.1063112745098039 0.0633169934640523 0.1875000000000000
1 0.5183823529411765 0.1106004901960784 0.0612745098039216 0.1847426470588235
1 0.5866013071895425 0.1130514705882353 0.0629084967320261 0.1737132352941176
1 0.6503267973856209 0.1127450980392157 0.0567810457516340 0.1731004901960784
1 0.7087418300653595 0.1142769607843137 0.0600490196078431 0.1758578431372549
1 0.2806372549019608 0.1017156862745098 0.0723039215686275 0.1969975490196078
1 0.8786764705882353 0.5778186274509803 0.0482026143790850 0.0413602941176471
1 0.9301470588235294 0.5707720588235294 0.0375816993464052 0.0407475490196078
1 0.0792483660130719 0.8452818627450981 0.0853758169934641 0.0511642156862745
1 0.4289215686274510 0.8357843137254902 0.0661764705882353 0.0410539215686275
1 0.4252450980392157 0.7821691176470589 0.0678104575163399 0.0395220588235294
1 0.4187091503267974 0.7273284313725490 0.0731209150326797 0.0487132352941176
1 0.3529411764705883 0.9037990196078431 0.0727124183006536 0.0392156862745098
1 0.3496732026143791 0.8514093137254902 0.0727124183006536 0.0398284313725490
1 0.3439542483660131 0.7977941176470589 0.0702614379084967 0.0428921568627451
1 0.2757352941176471 0.9240196078431373 0.0710784313725490 0.0431985294117647
1 0.2696078431372549 0.8682598039215687 0.0743464052287582 0.0416666666666667
1 0.2610294117647059 0.8131127450980392 0.0759803921568627 0.0435049019607843
1 0.2487745098039216 0.7542892156862745 0.0874183006535948 0.0481004901960784
1 0.1919934640522876 0.9424019607843137 0.0755718954248366 0.0428921568627451
1 0.1825980392156863 0.8878676470588235 0.0690359477124183 0.0441176470588235
1 0.1723856209150327 0.8311887254901961 0.0784313725490196 0.0453431372549020
1 0.0984477124183007 0.9653799019607843 0.0870098039215686 0.0477941176470588
1 0.0898692810457516 0.9080882352941176 0.0788398692810457 0.0410539215686275
1 0.4963235294117647 0.7159926470588235 0.0723039215686275 0.0444240196078431
1 0.7054738562091504 0.7803308823529411 0.0531045751633987 0.0401348039215686
