1 0.5065359477124183 0.4243259803921569 0.0359477124183007 0.0857843137254902
1 0.5494281045751634 0.4258578431372549 0.0420751633986928 0.0851715686274510
1 0.5894607843137255 0.4255514705882353 0.0326797385620915 0.0854779411764706
1 0.6307189542483660 0.4261642156862745 0.0363562091503268 0.0836397058823529
1 0.6797385620915033 0.8982843137254902 0.0665849673202614 0.0431985294117647
1 0.7606209150326797 0.8449754901960784 0.0698529411764706 0.0441176470588235
1 0.4640522875816994 0.4246323529411765 0.0392156862745098 0.0842524509803922
1 0.7536764705882353 0.8952205882352942 0.0661764705882353 0.0428921568627451
1 0.8484477124183006 0.7383578431372549 0.0674019607843137 0.0471813725490196
1 0.8419117647058824 0.7907475490196079 0.0661764705882353 0.0413602941176471
1 0.6862745098039216 0.8480392156862745 0.0669934640522876 0.0471813725490196
1 0.4150326797385621 0.4240196078431372 0.0379901960784314 0.0854779411764706
1 0.2344771241830065 0.4215686274509804 0.0367647058823529 0.0955882352941176
1 0.3272058823529412 0.4231004901960784 0.0379901960784314 0.0897671568627451
1 0.2810457516339869 0.4221813725490196 0.0420751633986928 0.0922181372549020
1 0.8349673202614379 0.8403799019607843 0.0604575163398693 0.0413602941176471
1 0.1825980392156863 0.4209558823529412 0.0449346405228758 0.0919117647058824
1 0.7091503267973857 0.4276960784313725 0.0408496732026144 0.0833333333333333
1 0.7532679738562091 0.4267769607843137 0.0408496732026144 0.0833333333333333
1 0.7691993464052288 0.7950367647058824 0.0690359477124183 0.0468750000000000
1 0.6944444444444444 0.7981004901960784 0.0682189542483660 0.0496323529411765
1 0.7761437908496732 0.7429534313725490 0.0710784313725490 0.0474877450980392
1 0.6964869281045751 0.7444852941176471 0.0723039215686275 0.0502450980392157
1 0.6205065359477124 0.7469362745098039 0.0759803921568627 0.0526960784313725
1 0.6699346405228758 0.4264705882352941 0.0347222222222222 0.0836397058823529
1 0.7916666666666666 0.4270833333333333 0.0298202614379085 0.0851715686274510
1 0.8300653594771242 0.4273897058823529 0.0383986928104575 0.0821078431372549
1 0.3700980392156863 0.4231004901960784 0.0379901960784314 0.0897671568627451
1 0.8259803921568627 0.8906250000000000 0.0620915032679739 0.0425857843137255
1 0.9742647058823529 0.7319240196078431 0.0514705882352941 0.0441176470588235
1 0.9031862745098039 0.8345588235294118 0.0608660130718954 0.0416666666666667
1 0.1891339869281046 0.7588848039215687 0.0821078431372549 0.0551470588235294
1 0.0972222222222222 0.7643995098039216 0.0910947712418301 0.0545343137254902
1 0.9468954248366013 0.6553308823529411 0.1078431372549020 0.0526960784313725
1 0.6025326797385621 0.3088235294117647 0.0400326797385621 0.0867034313725490
1 0.6462418300653595 0.3085171568627451 0.0392156862745098 0.0870098039215686
1 0.6862745098039216 0.3100490196078431 0.0351307189542484 0.0891544117647059
1 0.7299836601307189 0.3106617647058824 0.0465686274509804 0.0873161764705882
1 0.7741013071895425 0.3118872549019608 0.0343137254901961 0.0863970588235294
1 0.8169934640522876 0.3137254901960784 0.0400326797385621 0.0842524509803922
1 0.8525326797385621 0.3161764705882353 0.0281862745098039 0.0830269607843137
1 0.8880718954248366 0.3149509803921569 0.0343137254901961 0.0842524509803922
1 0.9244281045751634 0.3164828431372549 0.0314542483660131 0.0836397058823529
1 0.9579248366013072 0.3186274509803921 0.0265522875816993 0.0814950980392157
1 0.9889705882352942 0.3174019607843137 0.0236928104575163 0.0824142156862745
1 0.0355392156862745 0.4181985294117647 0.0396241830065359 0.0922181372549020
1 0.0870098039215686 0.4191176470588235 0.0461601307189543 0.0922181372549020
1 0.1380718954248366 0.4209558823529412 0.0363562091503268 0.0912990196078431
1 0.9481209150326797 0.5977328431372549 0.1025326797385621 0.0517769607843137
1 0.8566176470588235 0.5998774509803921 0.0718954248366013 0.0557598039215686
1 0.7777777777777778 0.6011029411764706 0.0743464052287582 0.0554534313725490
1 0.8484477124183006 0.6568627450980392 0.0714869281045752 0.0526960784313725
1 0.7736928104575164 0.6587009803921569 0.0739379084967320 0.0502450980392157
1 0.6940359477124183 0.6602328431372549 0.0788398692810457 0.0533088235294118
1 0.6968954248366013 0.6026348039215687 0.0772058823529412 0.0554534313725490
1 0.9677287581699346 0.8750000000000000 0.0645424836601307 0.0441176470588235
1 0.9709967320261438 0.8268995098039216 0.0575980392156863 0.0431985294117647
1 0.9742647058823529 0.7794117647058824 0.0514705882352941 0.0444240196078431
1 0.8688725490196079 0.4270833333333333 0.0318627450980392 0.0851715686274510
1 0.9113562091503268 0.7849264705882353 0.0612745098039216 0.0410539215686275
1 0.8958333333333334 0.8820465686274510 0.0661764705882353 0.0376838235294118
1 0.9056372549019608 0.4255514705882353 0.0375816993464052 0.0824142156862745
1 0.0939542483660131 0.5113357843137255 0.0445261437908497 0.0882352941176471
1 0.9820261437908496 0.4280024509803921 0.0347222222222222 0.0775122549019608
1 0.6147875816993464 0.6029411764705882 0.0767973856209150 0.0530024509803922
1 0.6127450980392157 0.7996323529411765 0.0763888888888889 0.0468750000000000
1 0.6094771241830066 0.8517156862745098 0.0739379084967320 0.0459558823529412
1 0.6062091503267973 0.9016544117647058 0.0710784313725490 0.0468750000000000
1 0.5253267973856209 0.9034926470588235 0.0780228758169935 0.0471813725490196
1 0.4468954248366013 0.9041053921568627 0.0767973856209150 0.0487132352941176
1 0.5281862745098039 0.8532475490196079 0.0755718954248366 0.0462622549019608
1 0.4481209150326798 0.8532475490196079 0.0755718954248366 0.0462622549019608
1 0.5388071895424836 0.8011642156862745 0.0653594771241830 0.0505514705882353
1 0.4513888888888889 0.8079044117647058 0.0780228758169935 0.0395220588235294
1 0.5412581699346405 0.7441789215686274 0.0698529411764706 0.0557598039215686
1 0.4558823529411765 0.7539828431372549 0.0927287581699346 0.0674019607843137
1 0.3672385620915033 0.7515318627450981 0.0841503267973856 0.0557598039215686
1 0.3656045751633987 0.8075980392156863 0.0788398692810457 0.0477941176470588
1 0.3643790849673202 0.8596813725490197 0.0804738562091503 0.0465686274509804
1 0.3623366013071895 0.9132965686274510 0.0763888888888889 0.0490196078431373
1 0.2818627450980392 0.9181985294117647 0.0751633986928105 0.0465686274509804
1 0.2781862745098039 0.8655024509803921 0.0759803921568627 0.0465686274509804
1 0.2781862745098039 0.8118872549019608 0.0845588235294118 0.0502450980392157
1 0.0241013071895425 0.7662377450980392 0.0486111111111111 0.0579044117647059
1 0.0265522875816993 0.8262867647058824 0.0531045751633987 0.0557598039215686
1 0.0310457516339869 0.8808210784313726 0.0625000000000000 0.0502450980392157
1 0.0306372549019608 0.9344362745098039 0.0616830065359477 0.0566789215686275
1 0.2001633986928105 0.9258578431372549 0.0804738562091503 0.0496323529411765
1 0.1948529411764706 0.8719362745098039 0.0816993464052288 0.0471813725490196
1 0.1899509803921569 0.8155637254901961 0.0792483660130719 0.0517769607843137
1 0.1098856209150327 0.9280024509803921 0.0837418300653595 0.0484068627450980
1 0.0996732026143791 0.8229166666666666 0.0837418300653595 0.0572916666666667
1 0.2781862745098039 0.7570465686274510 0.0886437908496732 0.0517769607843137
1 0.5355392156862745 0.6069240196078431 0.0784313725490196 0.0579044117647059
1 0.4517973856209150 0.6102941176470589 0.0825163398692810 0.0551470588235294
1 0.6127450980392157 0.6602328431372549 0.0731209150326797 0.0566789215686275
1 0.5343137254901961 0.6657475490196079 0.0763888888888889 0.0554534313725490
1 0.0449346405228758 0.5110294117647058 0.0420751633986928 0.0882352941176471
1 0.1450163398692811 0.5122549019607843 0.0416666666666667 0.0879289215686275
1 0.1924019607843137 0.5122549019607843 0.0371732026143791 0.0891544117647059
1 0.2397875816993464 0.5143995098039216 0.0392156862745098 0.0857843137254902
1 0.2818627450980392 0.5119485294117647 0.0396241830065359 0.0839460784313725
1 0.3308823529411765 0.5122549019607843 0.0371732026143791 0.0848651960784314
1 0.3770424836601307 0.5119485294117647 0.0457516339869281 0.0836397058823529
1 0.4219771241830065 0.5125612745098039 0.0314542483660131 0.0851715686274510
1 0.4611928104575164 0.5113357843137255 0.0375816993464052 0.0851715686274510
1 0.5053104575163399 0.5128676470588235 0.0375816993464052 0.0860906862745098
1 0.5473856209150327 0.5116421568627451 0.0420751633986928 0.0845588235294118
1 0.6278594771241830 0.5104166666666666 0.0388071895424837 0.0814950980392157
1 0.6650326797385621 0.5104166666666666 0.0285947712418301 0.0811887254901961
1 0.7005718954248366 0.5104166666666666 0.0400326797385621 0.0784313725490196
1 0.9436274509803921 0.4267769607843137 0.0339052287581699 0.0793504901960784
1 0.7446895424836601 0.5110294117647058 0.0363562091503268 0.0790441176470588
1 0.8227124183006536 0.5107230392156863 0.0359477124183007 0.0814950980392157
1 0.8611111111111112 0.5098039215686274 0.0371732026143791 0.0765931372549020
1 0.9007352941176471 0.5076593137254902 0.0322712418300654 0.0753676470588235
1 0.9415849673202614 0.5076593137254902 0.0375816993464052 0.0778186274509804
1 0.9791666666666666 0.5076593137254902 0.0326797385620915 0.0756740196078431
1 0.0825163398692810 0.6188725490196079 0.0976307189542484 0.0609681372549020
1 0.1834150326797385 0.6161151960784313 0.0947712418300654 0.0585171568627451
1 0.2728758169934640 0.6133578431372549 0.0849673202614379 0.0588235294117647
1 0.3635620915032680 0.6112132352941176 0.0870098039215686 0.0569852941176471
1 0.0857843137254902 0.6825980392156863 0.0959967320261438 0.0591299019607843
1 0.1813725490196078 0.6773897058823529 0.0906862745098039 0.0579044117647059
1 0.2761437908496732 0.6734068627450981 0.0878267973856209 0.0560661764705882
1 0.3631535947712418 0.6706495098039216 0.0821078431372549 0.0557598039215686
1 0.4505718954248366 0.6669730392156863 0.0800653594771242 0.0548406862745098
1 0.7855392156862745 0.5116421568627451 0.0339052287581699 0.0765931372549020
1 0.5890522875816994 0.5110294117647058 0.0330882352941176 0.0851715686274510
1 0.1062091503267974 0.8777573529411765 0.0841503267973856 0.0499387254901961
1 0.9705882352941176 0.1583946078431372 0.0351307189542484 0.1099877450980392
1 0.1687091503267974 0.2521446078431372 0.0371732026143791 0.0634191176470588
1 0.7148692810457516 0.0661764705882353 0.0326797385620915 0.0217524509803922
1 0.6760620915032680 0.0637254901960784 0.0310457516339869 0.0223651960784314
1 0.6388888888888888 0.0615808823529412 0.0290032679738562 0.0208333333333333
1 0.6013071895424836 0.0563725490196078 0.0334967320261438 0.0260416666666667
1 0.5526960784313726 0.0536151960784314 0.0404411764705882 0.0235906862745098
1 0.5555555555555556 0.3082107843137255 0.0416666666666667 0.0863970588235294
1 0.5142973856209150 0.3057598039215687 0.0322712418300654 0.0891544117647059
1 0.9264705882352942 0.1568627450980392 0.0392156862745098 0.1118259803921569
1 0.8864379084967320 0.1550245098039216 0.0355392156862745 0.1121323529411765
1 0.8455882352941176 0.1525735294117647 0.0375816993464052 0.1090686274509804
1 0.8055555555555556 0.1482843137254902 0.0334967320261438 0.1164215686274510
1 0.7602124183006536 0.1464460784313726 0.0433006535947712 0.1158088235294118
1 0.7136437908496732 0.1443014705882353 0.0306372549019608 0.1145833333333333
1 0.0796568627450980 0.2487745098039216 0.0355392156862745 0.0652573529411765
1 0.4718137254901961 0.3045343137254902 0.0388071895424837 0.0903799019607843
1 0.4325980392156863 0.3030024509803921 0.0330882352941176 0.0894607843137255
1 0.2181372549019608 0.3140318627450980 0.0400326797385621 0.0575980392156863
1 0.1703431372549020 0.3131127450980392 0.0404411764705882 0.0557598039215686
1 0.1270424836601307 0.3112745098039216 0.0375816993464052 0.0582107843137255
1 0.0808823529411765 0.3109681372549020 0.0379901960784314 0.0548406862745098
1 0.0326797385620915 0.3079044117647059 0.0420751633986928 0.0569852941176471
1 0.2144607843137255 0.2521446078431372 0.0449346405228758 0.0634191176470588
1 0.7888071895424836 0.0784313725490196 0.0236928104575163 0.0162377450980392
1 0.8210784313725490 0.0808823529411765 0.0208333333333333 0.0150122549019608
1 0.7540849673202614 0.0707720588235294 0.0347222222222222 0.0214460784313725
1 0.8913398692810458 0.0857843137254902 0.0253267973856209 0.0186887254901961
1 0.6711601307189542 0.1393995098039216 0.0412581699346405 0.1176470588235294
1 0.6233660130718954 0.1393995098039216 0.0424836601307190 0.1158088235294118
1 0.5755718954248366 0.1375612745098039 0.0347222222222222 0.1182598039215686
1 0.5383986928104575 0.1323529411764706 0.0359477124183007 0.1271446078431372
1 0.4914215686274510 0.1280637254901961 0.0420751633986928 0.1250000000000000
1 0.4452614379084967 0.1262254901960784 0.0416666666666667 0.1295955882352941
1 0.3986928104575164 0.1228553921568627 0.0408496732026144 0.1295955882352941
1 0.3537581699346405 0.1216299019607843 0.0465686274509804 0.1295955882352941
1 0.3043300653594771 0.1185661764705882 0.0486111111111111 0.1292892156862745
1 0.8562091503267973 0.0805759803921569 0.0232843137254902 0.0174632352941176
1 0.2005718954248366 0.1109068627450980 0.0449346405228758 0.1292892156862745
1 0.1523692810457516 0.1075367647058824 0.0412581699346405 0.1375612745098039
1 0.2512254901960784 0.1136642156862745 0.0498366013071895 0.1344975490196078
1 0.0477941176470588 0.1050857843137255 0.0555555555555556 0.1381740196078431
1 0.9297385620915033 0.0873161764705882 0.0294117647058824 0.0183823529411765
1 0.9697712418300654 0.0897671568627451 0.0257352941176471 0.0202205882352941
1 0.0330882352941176 0.2435661764705882 0.0428921568627451 0.0637254901960784
1 0.1025326797385621 0.1044730392156863 0.0494281045751634 0.1363357843137255
1 0.1233660130718954 0.2466299019607843 0.0428921568627451 0.0637254901960784
