1 0.1142769607843137 0.2990196078431372 0.0254289215686275 0.0988562091503268
1 0.0916053921568627 0.2957516339869281 0.0202205882352941 0.0951797385620915
1 0.3820465686274510 0.3378267973856209 0.0677083333333333 0.0915032679738562
1 0.1354166666666667 0.3010620915032680 0.0168504901960784 0.0927287581699346
1 0.9457720588235294 0.6535947712418301 0.0245098039215686 0.1540032679738562
1 0.9819240196078431 0.6621732026143791 0.0364583333333333 0.1568627450980392
1 0.1550245098039216 0.3125000000000000 0.0189950980392157 0.0812908496732026
1 0.3131127450980392 0.3378267973856209 0.0193014705882353 0.0792483660130719
1 0.1973039215686274 0.3182189542483660 0.0116421568627451 0.0800653594771242
1 0.5425857843137255 0.3656045751633987 0.0836397058823529 0.1225490196078431
1 0.2172181372549020 0.3104575163398693 0.0251225490196078 0.0980392156862745
1 0.2662377450980392 0.3210784313725490 0.0358455882352941 0.0812908496732026
1 0.3357843137254902 0.3357843137254902 0.0248161764705882 0.0808823529411765
1 0.8795955882352942 0.6397058823529411 0.0382965686274510 0.1507352941176471
1 0.1734068627450980 0.3104575163398693 0.0183823529411765 0.0857843137254902
1 0.8443627450980392 0.6356209150326797 0.0284926470588235 0.1609477124183007
1 0.2999387254901961 0.4440359477124183 0.0217524509803922 0.0886437908496732
1 0.7775735294117647 0.6294934640522876 0.0269607843137255 0.1446078431372549
1 0.2178308823529412 0.4252450980392157 0.0214460784313725 0.0796568627450980
1 0.6335784313725490 0.3672385620915033 0.0897671568627451 0.1250000000000000
1 0.2500000000000000 0.4370915032679739 0.0199142156862745 0.0959967320261438
1 0.2735906862745098 0.4399509803921569 0.0263480392156863 0.0898692810457516
1 0.3210784313725490 0.4481209150326798 0.0205269607843137 0.0968137254901961
1 0.3437500000000000 0.4546568627450980 0.0235906862745098 0.0837418300653595
1 0.8097426470588235 0.6254084967320261 0.0376838235294118 0.1478758169934641
1 0.3762254901960784 0.4575163398692810 0.0263480392156863 0.0669934640522876
1 0.5110294117647058 0.5539215686274510 0.0257352941176471 0.1082516339869281
1 0.5373774509803921 0.5608660130718954 0.0260416666666667 0.1196895424836601
1 0.5646446078431373 0.5714869281045751 0.0257352941176471 0.1107026143790850
1 0.5903799019607843 0.5796568627450981 0.0238970588235294 0.1307189542483660
1 0.6191789215686274 0.5890522875816994 0.0315563725490196 0.1172385620915033
1 0.7423406862745098 0.6135620915032680 0.0413602941176471 0.1307189542483660
1 0.4846813725490196 0.5539215686274510 0.0272671568627451 0.1086601307189543
1 0.7236519607843137 0.3872549019607843 0.0425857843137255 0.1413398692810457
1 0.6905637254901961 0.1768790849673203 0.0291053921568627 0.1458333333333333
1 0.7944240196078431 0.3917483660130719 0.0343137254901961 0.1515522875816993
1 0.3734681372549020 0.1768790849673203 0.0174632352941176 0.1188725490196078
1 0.3939950980392157 0.1793300653594771 0.0251225490196078 0.1217320261437908
1 0.4237132352941176 0.1838235294117647 0.0327818627450980 0.1225490196078431
1 0.4607843137254902 0.1846405228758170 0.0266544117647059 0.1147875816993464
1 0.4911151960784313 0.1793300653594771 0.0260416666666667 0.1200980392156863
1 0.5186887254901961 0.1801470588235294 0.0291053921568627 0.1196895424836601
1 0.3532475490196079 0.1809640522875817 0.0211397058823529 0.1086601307189543
1 0.5438112745098039 0.1809640522875817 0.0202205882352941 0.1205065359477124
1 0.6308210784313726 0.1776960784313726 0.0275735294117647 0.1315359477124183
1 0.6605392156862745 0.1748366013071895 0.0309436274509804 0.1397058823529412
1 0.7224264705882353 0.1785130718954248 0.0312500000000000 0.1470588235294118
1 0.7582720588235294 0.1789215686274510 0.0343137254901961 0.1417483660130719
1 0.8348651960784313 0.1654411764705882 0.1182598039215686 0.1703431372549020
1 0.1994485294117647 0.4215686274509804 0.0143995098039216 0.0853758169934641
1 0.5716911764705882 0.1785130718954248 0.0275735294117647 0.1294934640522876
1 0.7616421568627451 0.3868464052287582 0.0324754901960784 0.1446078431372549
1 0.3213848039215687 0.2013888888888889 0.0272671568627451 0.0800653594771242
1 0.2558210784313725 0.1932189542483660 0.0254289215686275 0.0800653594771242
1 0.8296568627450981 0.3848039215686275 0.0364583333333333 0.1638071895424837
1 0.8658088235294118 0.3925653594771242 0.0343137254901961 0.1732026143790850
1 0.9034926470588235 0.3933823529411765 0.0413602941176471 0.1711601307189543
1 0.9405637254901961 0.3974673202614379 0.0324754901960784 0.1785130718954248
1 0.9770220588235294 0.4007352941176471 0.0413602941176471 0.1723856209150327
1 0.0879289215686275 0.1813725490196078 0.0202205882352941 0.1049836601307190
1 0.2910539215686275 0.1989379084967320 0.0349264705882353 0.0825163398692810
1 0.1096813725490196 0.1797385620915033 0.0177696078431373 0.1049836601307190
1 0.1406250000000000 0.1772875816993464 0.0186887254901961 0.1033496732026144
1 0.1608455882352941 0.1789215686274510 0.0220588235294118 0.1062091503267974
1 0.1871936274509804 0.1952614379084967 0.0177696078431373 0.0714869281045752
1 0.2031250000000000 0.1948529411764706 0.0168504901960784 0.0714869281045752
1 0.2193627450980392 0.1915849673202615 0.0156250000000000 0.0800653594771242
1 0.2352941176470588 0.1932189542483660 0.0159313725490196 0.0816993464052288
1 0.1250000000000000 0.1801470588235294 0.0131740196078431 0.1086601307189543
1 0.1841299019607843 0.4195261437908497 0.0165441176470588 0.0812908496732026
1 0.6001838235294118 0.1793300653594771 0.0284926470588235 0.1331699346405229
1 0.2601102941176471 0.7790032679738562 0.0150122549019608 0.0878267973856209
1 0.3232230392156863 0.6776960784313726 0.0220588235294118 0.1008986928104575
1 0.3446691176470588 0.6846405228758170 0.0217524509803922 0.1078431372549020
1 0.1081495098039216 0.7038398692810458 0.0107230392156863 0.0718954248366013
1 0.1213235294117647 0.7046568627450981 0.0128676470588235 0.0706699346405229
1 0.1323529411764706 0.7107843137254902 0.0107230392156863 0.0825163398692810
1 0.1577818627450980 0.7263071895424836 0.0352328431372549 0.0919117647058824
1 0.1825980392156863 0.7463235294117647 0.0168504901960784 0.0837418300653595
1 0.2003676470588235 0.7479575163398693 0.0183823529411765 0.0816993464052288
1 0.3030024509803921 0.6715686274509803 0.0162377450980392 0.0853758169934641
1 0.2224264705882353 0.7524509803921569 0.0238970588235294 0.0923202614379085
1 0.2037377450980392 0.5367647058823529 0.0159313725490196 0.0837418300653595
1 0.2775735294117647 0.7896241830065359 0.0162377450980392 0.0923202614379085
1 0.2938112745098039 0.7924836601307189 0.0143995098039216 0.0886437908496732
1 0.3060661764705883 0.7961601307189542 0.0101102941176471 0.0959967320261438
1 0.3210784313725490 0.8088235294117647 0.0202205882352941 0.0759803921568627
1 0.3419117647058824 0.8202614379084967 0.0186887254901961 0.1025326797385621
1 0.3639705882352941 0.8206699346405228 0.0168504901960784 0.1380718954248366
1 0.3844975490196079 0.8231209150326797 0.0238970588235294 0.1343954248366013
1 0.2429534313725490 0.7728758169934641 0.0168504901960784 0.0767973856209150
1 0.4381127450980392 0.8439542483660131 0.0272671568627451 0.1200980392156863
1 0.2876838235294117 0.6670751633986928 0.0165441176470588 0.0927287581699346
1 0.2496936274509804 0.6540032679738562 0.0107230392156863 0.0919117647058824
1 0.2515318627450980 0.5494281045751634 0.0171568627450980 0.0947712418300654
1 0.2686887254901961 0.5502450980392157 0.0165441176470588 0.0943627450980392
1 0.2867647058823529 0.5522875816993464 0.0189950980392157 0.0984477124183007
1 0.3085171568627451 0.5596405228758170 0.0235906862745098 0.0845588235294118
1 0.3449754901960784 0.5718954248366013 0.0211397058823529 0.0927287581699346
1 0.4733455882352941 0.6658496732026143 0.0330882352941176 0.0739379084967320
1 0.5088848039215687 0.6932189542483660 0.0346200980392157 0.1090686274509804
1 0.5560661764705882 0.7091503267973857 0.0257352941176471 0.0841503267973856
1 0.2671568627450980 0.6589052287581699 0.0214460784313725 0.0821078431372549
1 0.5848651960784313 0.7030228758169934 0.0321691176470588 0.0931372549019608
1 0.6819852941176471 0.7769607843137255 0.0389093137254902 0.1458333333333333
1 0.7218137254901961 0.7814542483660131 0.0364583333333333 0.1376633986928105
1 0.7631740196078431 0.8043300653594772 0.0392156862745098 0.1535947712418301
1 0.8128063725490197 0.8075980392156863 0.0245098039215686 0.1200980392156863
1 0.8431372549019608 0.8035130718954249 0.0263480392156863 0.1102941176470588
1 0.1997549019607843 0.6331699346405228 0.0147058823529412 0.0812908496732026
1 0.2159926470588235 0.6368464052287581 0.0183823529411765 0.0870098039215686
1 0.2343750000000000 0.6450163398692811 0.0168504901960784 0.0866013071895425
1 0.6446078431372549 0.7075163398692811 0.0266544117647059 0.0575980392156863
1 0.4837622549019608 0.8717320261437909 0.0242034313725490 0.1597222222222222
1 0.5168504901960784 0.8803104575163399 0.0395220588235294 0.1454248366013072
1 0.5566789215686274 0.8696895424836601 0.0346200980392157 0.1270424836601307
1 0.1099877450980392 0.5984477124183006 0.0091911764705882 0.0747549019607843
1 0.1029411764705882 0.5008169934640523 0.0186887254901961 0.0796568627450980
1 0.1179534313725490 0.5024509803921569 0.0110294117647059 0.0825163398692810
1 0.1305147058823529 0.5073529411764706 0.0147058823529412 0.0759803921568627
1 0.1427696078431372 0.5114379084967320 0.0119485294117647 0.0833333333333333
1 0.1602328431372549 0.5147058823529411 0.0208333333333333 0.0747549019607843
1 0.1758578431372549 0.5220588235294118 0.0107230392156863 0.0878267973856209
1 0.2356004901960784 0.5412581699346405 0.0150122549019608 0.0796568627450980
1 0.1859681372549020 0.6254084967320261 0.0119485294117647 0.0959967320261438
1 0.1718750000000000 0.6164215686274510 0.0174632352941176 0.0767973856209150
1 0.1568627450980392 0.6139705882352942 0.0110294117647059 0.0796568627450980
1 0.1452205882352941 0.6090686274509803 0.0122549019607843 0.0682189542483660
1 0.1338848039215686 0.6029411764705882 0.0113357843137255 0.0804738562091503
1 0.1210171568627451 0.6000816993464052 0.0122549019607843 0.0706699346405229
1 0.1884191176470588 0.5269607843137255 0.0128676470588235 0.0800653594771242
1 0.1553308823529412 0.4129901960784313 0.0156250000000000 0.0780228758169935
1 0.6072303921568627 0.9313725490196079 0.0364583333333333 0.1343954248366013
1 0.6461397058823529 0.9424019607843137 0.0367647058823529 0.1135620915032680
1 0.6835171568627451 0.9436274509803921 0.0364583333333333 0.0992647058823529
1 0.7147671568627451 0.9428104575163399 0.0263480392156863 0.1078431372549020
1 0.1697303921568628 0.4191176470588235 0.0134803921568627 0.0841503267973856
1 0.8734681372549019 0.8120915032679739 0.0309436274509804 0.1078431372549020
1 0.2205882352941176 0.5400326797385621 0.0159313725490196 0.0841503267973856
1 0.9491421568627451 0.8263888888888888 0.0300245098039216 0.0955882352941176
1 0.1400122549019608 0.4125816993464052 0.0150122549019608 0.0804738562091503
1 0.1262254901960784 0.4097222222222222 0.0107230392156863 0.0861928104575163
1 0.1155024509803922 0.4064542483660131 0.0110294117647059 0.0812908496732026
1 0.1029411764705882 0.4056372549019608 0.0140931372549020 0.0821078431372549
1 0.9813112745098039 0.8329248366013072 0.0330882352941176 0.0821078431372549
1 0.9108455882352942 0.8500816993464052 0.0361519607843137 0.1491013071895425
