1 0.7661458333333333 0.0949218750000000 0.0739583333333333 0.0496093750000000
1 0.7994791666666666 0.1945312500000000 0.0989583333333333 0.0371093750000000
1 0.7125000000000000 0.2300781250000000 0.0661458333333333 0.0316406250000000
1 0.7119791666666667 0.1996093750000000 0.0692708333333333 0.0296875000000000
1 0.6270833333333333 0.2296875000000000 0.0906250000000000 0.0328125000000000
1 0.6265625000000000 0.1941406250000000 0.0901041666666667 0.0386718750000000
1 0.5432291666666667 0.2324218750000000 0.0765625000000000 0.0257812500000000
1 0.5432291666666667 0.2042968750000000 0.0729166666666667 0.0277343750000000
1 0.4567708333333333 0.2253906250000000 0.0979166666666667 0.0386718750000000
1 0.4557291666666667 0.1871093750000000 0.0963541666666667 0.0386718750000000
1 0.3630208333333333 0.2292968750000000 0.0697916666666667 0.0296875000000000
1 0.3708333333333333 0.2046875000000000 0.0640625000000000 0.0187500000000000
1 0.1989583333333333 0.2253906250000000 0.0937500000000000 0.0339843750000000
1 0.2098958333333333 0.1953125000000000 0.0880208333333333 0.0261718750000000
1 0.1083333333333333 0.1941406250000000 0.0869791666666667 0.0289062500000000
1 0.8442708333333333 0.0886718750000000 0.0682291666666667 0.0695312500000000
1 0.0989583333333333 0.2250000000000000 0.0958333333333333 0.0339843750000000
1 0.9770833333333333 0.0804687500000000 0.0463541666666667 0.0875000000000000
1 0.0385416666666667 0.0921875000000000 0.0770833333333333 0.0500000000000000
1 0.1229166666666667 0.0867187500000000 0.0895833333333333 0.0613281250000000
1 0.2088541666666667 0.0714843750000000 0.0791666666666667 0.0308593750000000
1 0.2109375000000000 0.1019531250000000 0.0828125000000000 0.0289062500000000
1 0.2963541666666666 0.0781250000000000 0.0796875000000000 0.0214843750000000
1 0.2947916666666667 0.1027343750000000 0.0786458333333333 0.0281250000000000
1 0.3791666666666667 0.0964843750000000 0.0807291666666667 0.0449218750000000
1 0.9161458333333333 0.0843750000000000 0.0744791666666667 0.0796875000000000
1 0.4645833333333333 0.0773437500000000 0.0828125000000000 0.0203125000000000
1 0.4651041666666667 0.1031250000000000 0.0864583333333333 0.0289062500000000
1 0.5541666666666667 0.0929687500000000 0.0828125000000000 0.0472656250000000
1 0.6385416666666667 0.0941406250000000 0.0786458333333333 0.0515625000000000
1 0.7015625000000000 0.0976562500000000 0.0411458333333333 0.0449218750000000
1 0.0281250000000000 0.2105468750000000 0.0442708333333333 0.0566406250000000
1 0.3796875000000000 0.0628906250000000 0.0817708333333333 0.0226562500000000
1 0.6822916666666666 0.9308593750000000 0.0802083333333333 0.0347656250000000
1 0.7010416666666667 0.5441406250000000 0.0718750000000000 0.0238281250000000
1 0.8322916666666667 0.6707031250000000 0.0750000000000000 0.0347656250000000
1 0.7479166666666667 0.7046875000000000 0.0859375000000000 0.0449218750000000
1 0.7359375000000000 0.6601562500000000 0.0750000000000000 0.0253906250000000
1 0.6671875000000000 0.7125000000000000 0.0677083333333333 0.0300781250000000
1 0.6640625000000000 0.6800781250000000 0.0692708333333333 0.0289062500000000
1 0.5973958333333333 0.7097656250000000 0.0630208333333333 0.0363281250000000
1 0.5880208333333333 0.6636718750000000 0.0546875000000000 0.0324218750000000
1 0.5322916666666667 0.7054687500000000 0.0635416666666667 0.0414062500000000
1 0.8375000000000000 0.7125000000000000 0.0859375000000000 0.0324218750000000
1 0.5312500000000000 0.6722656250000000 0.0588541666666667 0.0234375000000000
1 0.4552083333333333 0.6796875000000000 0.0765625000000000 0.0281250000000000
1 0.3635416666666667 0.7058593750000000 0.1000000000000000 0.0398437500000000
1 0.2692708333333333 0.7132812500000000 0.0723958333333333 0.0281250000000000
1 0.2781250000000000 0.6753906250000000 0.0640625000000000 0.0250000000000000
1 0.0968750000000000 0.6890625000000000 0.0692708333333333 0.0285156250000000
1 0.2041666666666667 0.6617187500000000 0.0796875000000000 0.0191406250000000
1 0.1828125000000000 0.7101562500000000 0.0968750000000000 0.0417968750000000
1 0.0979166666666667 0.7175781250000000 0.0739583333333333 0.0273437500000000
1 0.4567708333333333 0.7113281250000000 0.0796875000000000 0.0300781250000000
1 0.8015625000000000 0.2292968750000000 0.0937500000000000 0.0320312500000000
1 0.9145833333333333 0.6839843750000000 0.0651041666666667 0.0277343750000000
1 0.9750000000000000 0.7156250000000000 0.0510416666666667 0.0312500000000000
1 0.7067708333333333 0.5726562500000000 0.0651041666666667 0.0257812500000000
1 0.7119791666666667 0.6039062500000000 0.0718750000000000 0.0285156250000000
1 0.7817708333333333 0.5503906250000000 0.0739583333333333 0.0292968750000000
1 0.7843750000000000 0.5777343750000000 0.0723958333333333 0.0253906250000000
1 0.7833333333333333 0.6050781250000000 0.0671875000000000 0.0281250000000000
1 0.8526041666666667 0.5734375000000000 0.0588541666666667 0.0273437500000000
1 0.8572916666666667 0.6035156250000000 0.0645833333333333 0.0273437500000000
1 0.6375000000000000 0.6039062500000000 0.0734375000000000 0.0261718750000000
1 0.9161458333333333 0.7148437500000000 0.0609375000000000 0.0292968750000000
1 0.6348958333333333 0.5718750000000000 0.0630208333333333 0.0246093750000000
1 0.5640625000000000 0.6007812500000000 0.0651041666666667 0.0316406250000000
1 0.5630208333333333 0.5718750000000000 0.0645833333333333 0.0246093750000000
1 0.0281250000000000 0.7035156250000000 0.0567708333333333 0.0550781250000000
1 0.6822916666666666 0.8960937500000000 0.0796875000000000 0.0343750000000000
1 0.9286458333333333 0.5570312500000000 0.0901041666666667 0.0398437500000000
1 0.0947916666666667 0.8128906250000000 0.1031250000000000 0.0531250000000000
1 0.0213541666666667 0.8039062500000000 0.0432291666666667 0.0726562500000000
1 0.9734375000000000 0.6816406250000000 0.0515625000000000 0.0250000000000000
1 0.6244791666666667 0.5398437500000000 0.0656250000000000 0.0222656250000000
1 0.8937500000000000 0.1941406250000000 0.0838541666666667 0.0359375000000000
1 0.9322916666666666 0.5976562500000000 0.0822916666666667 0.0359375000000000
1 0.9729166666666667 0.1953125000000000 0.0531250000000000 0.0335937500000000
1 0.8182291666666667 0.8062500000000000 0.0380208333333333 0.0617187500000000
1 0.8661458333333333 0.7972656250000000 0.0531250000000000 0.0765625000000000
1 0.9213541666666667 0.7984375000000000 0.0520833333333333 0.0796875000000000
1 0.9744791666666667 0.8046875000000000 0.0500000000000000 0.0671875000000000
1 0.0718750000000000 0.8871093750000000 0.0989583333333333 0.0234375000000000
1 0.0729166666666667 0.9265625000000000 0.0979166666666667 0.0457031250000000
1 0.1536458333333333 0.9339843750000000 0.0651041666666667 0.0332031250000000
1 0.1583333333333333 0.8960937500000000 0.0604166666666667 0.0394531250000000
1 0.7760416666666666 0.8062500000000000 0.0401041666666667 0.0613281250000000
1 0.2416666666666667 0.8960937500000000 0.0895833333333333 0.0410156250000000
1 0.3447916666666667 0.9261718750000000 0.0916666666666667 0.0492187500000000
1 0.4447916666666666 0.9292968750000000 0.0677083333333333 0.0429687500000000
1 0.5281250000000000 0.9234375000000000 0.0692708333333333 0.0488281250000000
1 0.5984375000000000 0.9246093750000000 0.0723958333333333 0.0476562500000000
1 0.9562500000000000 0.9335937500000000 0.0682291666666667 0.0234375000000000
1 0.9541666666666667 0.8984375000000000 0.0734375000000000 0.0460937500000000
1 0.8885416666666667 0.9222656250000000 0.0635416666666667 0.0511718750000000
1 0.8229166666666666 0.9222656250000000 0.0604166666666667 0.0523437500000000
1 0.2421875000000000 0.9332031250000000 0.0880208333333333 0.0316406250000000
1 0.7098958333333333 0.8132812500000000 0.0895833333333333 0.0500000000000000
1 0.6187500000000000 0.8125000000000000 0.0869791666666667 0.0492187500000000
1 0.5453125000000000 0.8000000000000000 0.0453125000000000 0.0785156250000000
1 0.2651041666666666 0.7792968750000000 0.0885416666666667 0.0292968750000000
1 0.8942708333333333 0.2292968750000000 0.0906250000000000 0.0343750000000000
1 0.2609375000000000 0.8164062500000000 0.0937500000000000 0.0437500000000000
1 0.1828125000000000 0.8203125000000000 0.0645833333333333 0.0335937500000000
1 0.4843750000000000 0.5589843750000000 0.0859375000000000 0.0406250000000000
1 0.4817708333333333 0.5996093750000000 0.0906250000000000 0.0406250000000000
1 0.4114583333333333 0.5832031250000000 0.0458333333333333 0.0656250000000000
1 0.3421875000000000 0.6003906250000000 0.0864583333333333 0.0281250000000000
1 0.3385416666666667 0.5695312500000000 0.0843750000000000 0.0316406250000000
1 0.2588541666666667 0.5746093750000000 0.0765625000000000 0.0300781250000000
1 0.2598958333333333 0.6039062500000000 0.0750000000000000 0.0269531250000000
1 0.1213541666666667 0.5687500000000000 0.0635416666666667 0.0972656250000000
1 0.0432291666666667 0.5992187500000000 0.0864583333333333 0.0378906250000000
1 0.0437500000000000 0.5593750000000000 0.0875000000000000 0.0378906250000000
1 0.9671875000000000 0.4718750000000000 0.0651041666666667 0.0312500000000000
1 0.9677083333333333 0.4394531250000000 0.0645833333333333 0.0324218750000000
1 0.3515625000000000 0.8132812500000000 0.0760416666666667 0.0511718750000000
1 0.4239583333333333 0.8050781250000000 0.0682291666666667 0.0687500000000000
1 0.4906250000000000 0.8054687500000000 0.0640625000000000 0.0667968750000000
1 0.7588541666666667 0.9289062500000000 0.0661458333333333 0.0375000000000000
1 0.7541666666666667 0.8859375000000000 0.0619791666666667 0.0257812500000000
1 0.1895833333333333 0.6019531250000000 0.0630208333333333 0.0312500000000000
1 0.8609375000000000 0.4386718750000000 0.0661458333333333 0.0308593750000000
1 0.8994791666666667 0.3167968750000000 0.0927083333333333 0.0347656250000000
1 0.8067708333333333 0.3527343750000000 0.0854166666666667 0.0289062500000000
1 0.7927083333333333 0.3226562500000000 0.0828125000000000 0.0265625000000000
1 0.0317708333333333 0.3230468750000000 0.0546875000000000 0.0781250000000000
1 0.0927083333333333 0.3250000000000000 0.0661458333333333 0.0261718750000000
1 0.7171875000000000 0.3507812500000000 0.0822916666666667 0.0355468750000000
1 0.7119791666666667 0.3167968750000000 0.0755208333333333 0.0269531250000000
1 0.6098958333333333 0.3492187500000000 0.1291666666666667 0.0371093750000000
1 0.9000000000000000 0.3523437500000000 0.0927083333333333 0.0335937500000000
1 0.6088541666666667 0.3066406250000000 0.1276041666666667 0.0453125000000000
1 0.4958333333333333 0.3132812500000000 0.0895833333333333 0.0371093750000000
1 0.4052083333333333 0.3503906250000000 0.0880208333333333 0.0320312500000000
1 0.3109375000000000 0.3476562500000000 0.0984375000000000 0.0386718750000000
1 0.3223958333333333 0.3132812500000000 0.0880208333333333 0.0300781250000000
1 0.2177083333333333 0.3195312500000000 0.0817708333333333 0.0269531250000000
1 0.2125000000000000 0.3488281250000000 0.0869791666666667 0.0289062500000000
1 0.1500000000000000 0.3359375000000000 0.0406250000000000 0.0535156250000000
1 0.8921875000000000 0.4722656250000000 0.0833333333333333 0.0335937500000000
1 0.4968750000000000 0.3507812500000000 0.0885416666666667 0.0351562500000000
1 0.9739583333333334 0.3214843750000000 0.0526041666666667 0.0316406250000000
1 0.0947916666666667 0.3507812500000000 0.0651041666666667 0.0250000000000000
1 0.0401041666666667 0.4394531250000000 0.0802083333333333 0.0320312500000000
1 0.7927083333333333 0.4414062500000000 0.0713541666666667 0.0261718750000000
1 0.8083333333333333 0.4722656250000000 0.0796875000000000 0.0285156250000000
1 0.7296875000000000 0.4714843750000000 0.0750000000000000 0.0320312500000000
1 0.7239583333333334 0.4371093750000000 0.0656250000000000 0.0339843750000000
1 0.6385416666666667 0.4667968750000000 0.1031250000000000 0.0390625000000000
1 0.6369791666666667 0.4269531250000000 0.0973958333333333 0.0386718750000000
1 0.5395833333333333 0.4710937500000000 0.0921875000000000 0.0335937500000000
1 0.5395833333333333 0.4367187500000000 0.0875000000000000 0.0343750000000000
1 0.9744791666666667 0.3531250000000000 0.0505208333333333 0.0296875000000000
1 0.3609375000000000 0.4683593750000000 0.0890625000000000 0.0308593750000000
1 0.4546875000000000 0.4359375000000000 0.0781250000000000 0.0332031250000000
1 0.3692708333333333 0.4371093750000000 0.0776041666666667 0.0304687500000000
1 0.2640625000000000 0.4703125000000000 0.0869791666666667 0.0300781250000000
1 0.4500000000000000 0.4699218750000000 0.0875000000000000 0.0347656250000000
1 0.1187500000000000 0.4464843750000000 0.0614583333333333 0.0250000000000000
1 0.0390625000000000 0.4714843750000000 0.0781250000000000 0.0296875000000000
1 0.1135416666666667 0.4726562500000000 0.0640625000000000 0.0269531250000000
1 0.1895833333333333 0.4425781250000000 0.0781250000000000 0.0289062500000000
1 0.2703125000000000 0.4406250000000000 0.0807291666666667 0.0296875000000000
1 0.9713541666666666 0.2300781250000000 0.0567708333333333 0.0359375000000000
1 0.1864583333333333 0.4722656250000000 0.0687500000000000 0.0261718750000000
