1 0.3020833333333333 0.1218750000000000 0.0348958333333333 0.0984375000000000
1 0.8531250000000000 0.6914062500000000 0.0286458333333333 0.0777343750000000
1 0.8911458333333333 0.6792968750000000 0.0312500000000000 0.0757812500000000
1 0.9453125000000000 0.6652343750000000 0.0307291666666667 0.0703125000000000
1 0.9781250000000000 0.6578125000000000 0.0250000000000000 0.0671875000000000
1 0.5625000000000000 0.5753906250000000 0.0328125000000000 0.0843750000000000
1 0.7515625000000000 0.5148437500000000 0.0354166666666667 0.0355468750000000
1 0.6791666666666667 0.5582031250000000 0.0291666666666667 0.0871093750000000
1 0.7088541666666667 0.5578125000000000 0.0260416666666667 0.0699218750000000
1 0.7505208333333333 0.5671875000000000 0.0276041666666667 0.0355468750000000
1 0.8177083333333334 0.6968750000000000 0.0333333333333333 0.0757812500000000
1 0.7807291666666667 0.5656250000000000 0.0151041666666667 0.0308593750000000
1 0.6000000000000000 0.5699218750000000 0.0348958333333333 0.0902343750000000
1 0.7817708333333333 0.7089843750000000 0.0270833333333333 0.0722656250000000
1 0.8744791666666667 0.4191406250000000 0.0171875000000000 0.0558593750000000
1 0.7026041666666667 0.7242187500000000 0.0385416666666667 0.0941406250000000
1 0.0244791666666667 0.9007812500000000 0.0218750000000000 0.0980468750000000
1 0.8432291666666667 0.4187500000000000 0.0307291666666667 0.0597656250000000
1 0.8041666666666667 0.5433593750000000 0.0208333333333333 0.0695312500000000
1 0.8979166666666667 0.4148437500000000 0.0250000000000000 0.0617187500000000
1 0.9333333333333333 0.4042968750000000 0.0234375000000000 0.0675781250000000
1 0.9520833333333333 0.5242187500000000 0.0130208333333333 0.0554687500000000
1 0.9718750000000000 0.5253906250000000 0.0177083333333333 0.0417968750000000
1 0.9916666666666667 0.5304687500000000 0.0171875000000000 0.0191406250000000
1 0.9598958333333333 0.3910156250000000 0.0192708333333333 0.0855468750000000
1 0.9843750000000000 0.3949218750000000 0.0192708333333333 0.0667968750000000
1 0.2583333333333334 0.2957031250000000 0.0484375000000000 0.1218750000000000
1 0.7427083333333333 0.7195312500000000 0.0333333333333333 0.0828125000000000
1 0.8390625000000000 0.5402343750000000 0.0218750000000000 0.0675781250000000
1 0.9052083333333333 0.4859375000000000 0.0291666666666667 0.0121093750000000
1 0.9005208333333333 0.5515625000000000 0.0286458333333333 0.0167968750000000
1 0.1067708333333333 0.9042968750000000 0.0286458333333333 0.0500000000000000
1 0.1604166666666667 0.8863281250000000 0.0375000000000000 0.0425781250000000
1 0.0260416666666667 0.7656250000000000 0.0468750000000000 0.0402343750000000
1 0.1041666666666667 0.7382812500000000 0.0750000000000000 0.0546875000000000
1 0.0109375000000000 0.5921875000000000 0.0218750000000000 0.0906250000000000
1 0.0458333333333333 0.5757812500000000 0.0401041666666667 0.1199218750000000
1 0.0838541666666667 0.5878906250000000 0.0260416666666667 0.0769531250000000
1 0.1213541666666667 0.5929687500000000 0.0333333333333333 0.0640625000000000
1 0.0953125000000000 0.4300781250000000 0.0442708333333333 0.1023437500000000
1 0.0416666666666667 0.4277343750000000 0.0447916666666667 0.1250000000000000
1 0.0348958333333333 0.2667968750000000 0.0531250000000000 0.1453125000000000
1 0.0864583333333333 0.2699218750000000 0.0401041666666667 0.1289062500000000
1 0.0526041666666667 0.0750000000000000 0.0614583333333333 0.1398437500000000
1 0.3489583333333333 0.1082031250000000 0.0442708333333333 0.1246093750000000
1 0.8098958333333334 0.4179687500000000 0.0208333333333333 0.0746093750000000
1 0.7687500000000000 0.4175781250000000 0.0286458333333333 0.0734375000000000
1 0.7385416666666667 0.4316406250000000 0.0203125000000000 0.0687500000000000
1 0.7104166666666667 0.4304687500000000 0.0260416666666667 0.0765625000000000
1 0.6781250000000000 0.4257812500000000 0.0244791666666667 0.0976562500000000
1 0.6390625000000000 0.4265625000000000 0.0338541666666667 0.0972656250000000
1 0.6046875000000000 0.4328125000000000 0.0187500000000000 0.0917968750000000
1 0.5744791666666667 0.4386718750000000 0.0296875000000000 0.0933593750000000
1 0.5416666666666666 0.4523437500000000 0.0265625000000000 0.0796875000000000
1 0.9296875000000000 0.5460937500000000 0.0208333333333333 0.0132812500000000
1 0.2005208333333333 0.2933593750000000 0.0442708333333333 0.1250000000000000
1 0.9062500000000000 0.5000000000000000 0.0338541666666667 0.0097656250000000
1 0.9026041666666667 0.5328125000000000 0.0291666666666667 0.0121093750000000
1 0.8677083333333333 0.5250000000000000 0.0270833333333333 0.0859375000000000
1 0.1411458333333333 0.2964843750000000 0.0567708333333333 0.1234375000000000
1 0.0578125000000000 0.8890625000000000 0.0265625000000000 0.0992187500000000
1 0.4328125000000000 0.2839843750000000 0.0489583333333333 0.1269531250000000
1 0.7479166666666667 0.1578125000000000 0.0250000000000000 0.0464843750000000
1 0.7125000000000000 0.1484375000000000 0.0364583333333333 0.0679687500000000
1 0.6671875000000000 0.1460937500000000 0.0489583333333333 0.0738281250000000
1 0.9822916666666667 0.2761718750000000 0.0333333333333333 0.0746093750000000
1 0.9171875000000000 0.2886718750000000 0.0286458333333333 0.0605468750000000
1 0.3760416666666667 0.2933593750000000 0.0552083333333333 0.1113281250000000
1 0.7828125000000000 0.2941406250000000 0.0598958333333333 0.0636718750000000
1 0.7265625000000000 0.2957031250000000 0.0343750000000000 0.0605468750000000
1 0.6901041666666666 0.2992187500000000 0.0343750000000000 0.0675781250000000
1 0.6598958333333333 0.3042968750000000 0.0213541666666667 0.0632812500000000
1 0.6302083333333334 0.2878906250000000 0.0291666666666667 0.0953125000000000
1 0.5973958333333333 0.2906250000000000 0.0296875000000000 0.0972656250000000
1 0.5588541666666667 0.2878906250000000 0.0338541666666667 0.0953125000000000
1 0.2578125000000000 0.1046875000000000 0.0369791666666667 0.1300781250000000
1 0.2161458333333333 0.1160156250000000 0.0401041666666667 0.1019531250000000
1 0.7802083333333333 0.1375000000000000 0.0296875000000000 0.0871093750000000
1 0.1640625000000000 0.0980468750000000 0.0369791666666667 0.1351562500000000
1 0.8067708333333333 0.1445312500000000 0.0177083333333333 0.0726562500000000
1 0.9135416666666667 0.1445312500000000 0.0427083333333333 0.0765625000000000
1 0.3942708333333333 0.1218750000000000 0.0427083333333333 0.1046875000000000
1 0.4390625000000000 0.1363281250000000 0.0312500000000000 0.0746093750000000
1 0.4833333333333333 0.1316406250000000 0.0375000000000000 0.0878906250000000
1 0.5213541666666667 0.1332031250000000 0.0328125000000000 0.0804687500000000
1 0.5020833333333333 0.4402343750000000 0.0380208333333333 0.1140625000000000
1 0.4432291666666667 0.4437500000000000 0.0453125000000000 0.1046875000000000
1 0.3958333333333333 0.4523437500000000 0.0380208333333333 0.1144531250000000
1 0.3536458333333333 0.4593750000000000 0.0380208333333333 0.1019531250000000
1 0.2911458333333333 0.4593750000000000 0.0630208333333333 0.1140625000000000
1 0.2229166666666667 0.4625000000000000 0.0651041666666667 0.1285156250000000
1 0.1640625000000000 0.4753906250000000 0.0531250000000000 0.1195312500000000
1 0.5578125000000000 0.1382812500000000 0.0260416666666667 0.0765625000000000
1 0.5932291666666667 0.1371093750000000 0.0375000000000000 0.0757812500000000
1 0.6281250000000000 0.1398437500000000 0.0218750000000000 0.0761718750000000
1 0.9640625000000000 0.1539062500000000 0.0458333333333333 0.0664062500000000
1 0.8526041666666667 0.1484375000000000 0.0630208333333333 0.0617187500000000
1 0.1140625000000000 0.1121093750000000 0.0427083333333333 0.1058593750000000
1 0.8687500000000000 0.2832031250000000 0.0406250000000000 0.0660156250000000
1 0.5203125000000000 0.5851562500000000 0.0442708333333333 0.0878906250000000
1 0.6218750000000000 0.7441406250000000 0.0317708333333333 0.0972656250000000
1 0.5869791666666667 0.7527343750000000 0.0307291666666667 0.0964843750000000
1 0.5447916666666667 0.7628906250000000 0.0406250000000000 0.1000000000000000
1 0.4927083333333334 0.7750000000000000 0.0479166666666667 0.1054687500000000
1 0.2651041666666666 0.8335937500000000 0.0442708333333333 0.1179687500000000
1 0.2145833333333333 0.8535156250000000 0.0515625000000000 0.1031250000000000
1 0.1765625000000000 0.6386718750000000 0.0427083333333333 0.1089843750000000
1 0.2281250000000000 0.6296875000000000 0.0479166666666667 0.0992187500000000
1 0.5270833333333333 0.2933593750000000 0.0250000000000000 0.0949218750000000
1 0.2828125000000000 0.6230468750000000 0.0463541666666667 0.1101562500000000
1 0.4276041666666667 0.5960937500000000 0.0437500000000000 0.0972656250000000
1 0.4723958333333333 0.5910156250000000 0.0375000000000000 0.0972656250000000
1 0.4385416666666667 0.7910156250000000 0.0411458333333333 0.1093750000000000
1 0.3838541666666667 0.7980468750000000 0.0515625000000000 0.1136718750000000
1 0.3250000000000000 0.8167968750000000 0.0447916666666667 0.1281250000000000
1 0.4864583333333333 0.2996093750000000 0.0442708333333333 0.0906250000000000
1 0.3802083333333333 0.6031250000000000 0.0442708333333333 0.1058593750000000
1 0.6593750000000000 0.7324218750000000 0.0354166666666667 0.0941406250000000
