1 0.2140625000000000 0.8804687500000000 0.0656250000000000 0.0683593750000000
1 0.2885416666666666 0.8765625000000000 0.0703125000000000 0.0597656250000000
1 0.1265625000000000 0.9750000000000000 0.0781250000000000 0.0492187500000000
1 0.2093750000000000 0.9695312500000000 0.0760416666666667 0.0582031250000000
1 0.2942708333333333 0.9699218750000000 0.0713541666666667 0.0585937500000000
1 0.3588541666666666 0.5855468750000000 0.0494791666666667 0.0875000000000000
1 0.3015625000000000 0.5832031250000000 0.0567708333333333 0.0839843750000000
1 0.2453125000000000 0.5820312500000000 0.0520833333333333 0.0863281250000000
1 0.1822916666666667 0.5867187500000000 0.0588541666666667 0.0808593750000000
1 0.1130208333333333 0.5820312500000000 0.0588541666666667 0.0863281250000000
1 0.0494791666666667 0.5851562500000000 0.0598958333333333 0.0828125000000000
1 0.9755208333333333 0.5210937500000000 0.0489583333333333 0.0929687500000000
1 0.9192708333333334 0.5156250000000000 0.0526041666666667 0.0859375000000000
1 0.8677083333333333 0.4988281250000000 0.0453125000000000 0.0800781250000000
1 0.8052083333333333 0.4945312500000000 0.0390625000000000 0.0824218750000000
1 0.7515625000000000 0.4964843750000000 0.0489583333333333 0.0746093750000000
1 0.6984375000000000 0.4960937500000000 0.0489583333333333 0.0753906250000000
1 0.3494791666666667 0.2664062500000000 0.0401041666666667 0.0847656250000000
1 0.0625000000000000 0.2519531250000000 0.0463541666666667 0.0886718750000000
1 0.4692708333333334 0.9589843750000000 0.0161458333333333 0.0417968750000000
1 0.4234375000000000 0.9562500000000000 0.0234375000000000 0.0472656250000000
1 0.4932291666666667 0.8382812500000000 0.0411458333333333 0.0492187500000000
1 0.5390625000000000 0.8375000000000000 0.0473958333333333 0.0433593750000000
1 0.3593750000000000 0.8902343750000000 0.0500000000000000 0.0480468750000000
1 0.4062500000000000 0.8906250000000000 0.0421875000000000 0.0480468750000000
1 0.9468750000000000 0.2886718750000000 0.0213541666666667 0.1296875000000000
1 0.4947916666666667 0.8902343750000000 0.0437500000000000 0.0457031250000000
1 0.5411458333333333 0.8910156250000000 0.0468750000000000 0.0468750000000000
1 0.3510416666666666 0.9511718750000000 0.0260416666666667 0.0550781250000000
1 0.4484375000000000 0.9539062500000000 0.0203125000000000 0.0500000000000000
1 0.3765625000000000 0.9562500000000000 0.0218750000000000 0.0535156250000000
1 0.0255208333333333 0.7929687500000000 0.0380208333333333 0.0726562500000000
1 0.0619791666666667 0.7949218750000000 0.0281250000000000 0.0695312500000000
1 0.0229166666666667 0.8843750000000000 0.0369791666666667 0.0703125000000000
1 0.0619791666666667 0.8800781250000000 0.0359375000000000 0.0691406250000000
1 0.1312500000000000 0.8878906250000000 0.0781250000000000 0.0750000000000000
1 0.4947916666666667 0.9554687500000000 0.0239583333333333 0.0523437500000000
1 0.4239583333333333 0.2652343750000000 0.0375000000000000 0.0875000000000000
1 0.3854166666666667 0.2648437500000000 0.0328125000000000 0.0843750000000000
1 0.4005208333333333 0.9562500000000000 0.0203125000000000 0.0503906250000000
1 0.1067708333333333 0.2562500000000000 0.0385416666666667 0.0902343750000000
1 0.0296875000000000 0.2671875000000000 0.0166666666666667 0.0824218750000000
1 0.1843750000000000 0.2585937500000000 0.0401041666666667 0.0832031250000000
1 0.9848958333333333 0.4316406250000000 0.0312500000000000 0.0699218750000000
1 0.9489583333333333 0.4097656250000000 0.0328125000000000 0.0847656250000000
1 0.8156250000000000 0.3964843750000000 0.0354166666666667 0.0839843750000000
1 0.7484375000000000 0.3894531250000000 0.0369791666666667 0.0765625000000000
1 0.7010416666666667 0.3804687500000000 0.0546875000000000 0.0796875000000000
1 0.6437500000000000 0.3839843750000000 0.0515625000000000 0.0738281250000000
1 0.5875000000000000 0.3824218750000000 0.0572916666666667 0.0781250000000000
1 0.5322916666666667 0.3808593750000000 0.0494791666666667 0.0800781250000000
1 0.4786458333333333 0.3812500000000000 0.0541666666666667 0.0824218750000000
1 0.4234375000000000 0.3847656250000000 0.0494791666666667 0.0773437500000000
1 0.3687500000000000 0.3832031250000000 0.0453125000000000 0.0789062500000000
1 0.3161458333333333 0.3882812500000000 0.0557291666666667 0.0742187500000000
1 0.2401041666666667 0.3851562500000000 0.0619791666666667 0.0750000000000000
1 0.1880208333333333 0.3796875000000000 0.0432291666666667 0.0847656250000000
1 0.1307291666666667 0.3796875000000000 0.0666666666666667 0.0820312500000000
1 0.0671875000000000 0.3761718750000000 0.0458333333333333 0.0882812500000000
1 0.0203125000000000 0.3753906250000000 0.0406250000000000 0.0882812500000000
1 0.0234375000000000 0.4832031250000000 0.0411458333333333 0.0839843750000000
1 0.0671875000000000 0.4804687500000000 0.0421875000000000 0.0871093750000000
1 0.1208333333333333 0.4859375000000000 0.0604166666666667 0.0824218750000000
1 0.1854166666666667 0.4855468750000000 0.0546875000000000 0.0820312500000000
1 0.2302083333333333 0.2605468750000000 0.0416666666666667 0.0863281250000000
1 0.2661458333333334 0.2582031250000000 0.0281250000000000 0.0863281250000000
1 0.3026041666666667 0.2585937500000000 0.0390625000000000 0.0902343750000000
1 0.6453125000000000 0.4960937500000000 0.0546875000000000 0.0781250000000000
1 0.5921875000000000 0.4972656250000000 0.0468750000000000 0.0753906250000000
1 0.5385416666666667 0.4851562500000000 0.0557291666666667 0.0851562500000000
1 0.4713541666666667 0.4847656250000000 0.0567708333333333 0.0890625000000000
1 0.4161458333333333 0.4820312500000000 0.0510416666666667 0.0867187500000000
1 0.4520833333333333 0.8406250000000000 0.0406250000000000 0.0425781250000000
1 0.4661458333333333 0.2582031250000000 0.0385416666666667 0.0863281250000000
1 0.5385416666666667 0.2613281250000000 0.0328125000000000 0.0980468750000000
1 0.8078125000000000 0.2921875000000000 0.0760416666666667 0.1128906250000000
1 0.8661458333333333 0.2960937500000000 0.0250000000000000 0.1207031250000000
1 0.9088541666666666 0.2960937500000000 0.0541666666666667 0.1171875000000000
1 0.9807291666666667 0.2746093750000000 0.0401041666666667 0.1128906250000000
1 0.3609375000000000 0.4800781250000000 0.0489583333333333 0.0855468750000000
1 0.2984375000000000 0.4835937500000000 0.0536458333333333 0.0808593750000000
1 0.2427083333333333 0.4863281250000000 0.0572916666666667 0.0773437500000000
1 0.5026041666666666 0.2707031250000000 0.0296875000000000 0.0812500000000000
1 0.2203125000000000 0.7660156250000000 0.0619791666666667 0.0699218750000000
1 0.4520833333333333 0.8933593750000000 0.0411458333333333 0.0460937500000000
1 0.4083333333333333 0.8406250000000000 0.0390625000000000 0.0441406250000000
1 0.6968750000000000 0.9007812500000000 0.0229166666666667 0.0578125000000000
1 0.6703125000000000 0.9015625000000000 0.0255208333333333 0.0531250000000000
1 0.6432291666666666 0.9019531250000000 0.0244791666666667 0.0554687500000000
1 0.6135416666666667 0.9035156250000000 0.0270833333333333 0.0539062500000000
1 0.5854166666666667 0.9062500000000000 0.0270833333333333 0.0515625000000000
1 0.7859375000000000 0.8109375000000000 0.0291666666666667 0.0593750000000000
1 0.7562500000000000 0.8109375000000000 0.0260416666666667 0.0613281250000000
1 0.7307291666666667 0.8121093750000000 0.0239583333333333 0.0597656250000000
1 0.7010416666666667 0.8128906250000000 0.0276041666666667 0.0601562500000000
1 0.7276041666666667 0.8968750000000000 0.0286458333333333 0.0601562500000000
1 0.6718750000000000 0.8152343750000000 0.0286458333333333 0.0554687500000000
1 0.6140625000000000 0.8183593750000000 0.0286458333333333 0.0570312500000000
1 0.5833333333333334 0.8199218750000000 0.0265625000000000 0.0539062500000000
1 0.7843750000000000 0.7367187500000000 0.0234375000000000 0.0492187500000000
1 0.7296875000000000 0.7347656250000000 0.0328125000000000 0.0480468750000000
1 0.7010416666666667 0.7343750000000000 0.0244791666666667 0.0500000000000000
1 0.6739583333333333 0.7367187500000000 0.0260416666666667 0.0515625000000000
1 0.4187500000000000 0.7125000000000000 0.0567708333333333 0.0554687500000000
1 0.4786458333333333 0.7117187500000000 0.0515625000000000 0.0519531250000000
1 0.5348958333333333 0.7105468750000000 0.0583333333333333 0.0546875000000000
1 0.6421875000000000 0.8136718750000000 0.0223958333333333 0.0605468750000000
1 0.7572916666666667 0.8972656250000000 0.0255208333333333 0.0593750000000000
1 0.7869791666666667 0.8992187500000000 0.0317708333333333 0.0574218750000000
1 0.5786458333333333 0.9765625000000000 0.0234375000000000 0.0441406250000000
1 0.6104166666666667 0.6652343750000000 0.0276041666666667 0.0500000000000000
1 0.6416666666666667 0.6632812500000000 0.0348958333333333 0.0554687500000000
1 0.6723958333333333 0.9742187500000000 0.0333333333333333 0.0464843750000000
1 0.7005208333333334 0.9761718750000000 0.0197916666666667 0.0460937500000000
1 0.7229166666666667 0.9753906250000000 0.0218750000000000 0.0441406250000000
1 0.7484375000000000 0.9761718750000000 0.0276041666666667 0.0464843750000000
1 0.7786458333333334 0.9757812500000000 0.0286458333333333 0.0433593750000000
1 0.5822916666666667 0.6648437500000000 0.0244791666666667 0.0445312500000000
1 0.8750000000000000 0.7914062500000000 0.0494791666666667 0.0824218750000000
1 0.8218750000000000 0.6878906250000000 0.0463541666666667 0.1042968750000000
1 0.0468750000000000 0.6695312500000000 0.0515625000000000 0.0464843750000000
1 0.0427083333333333 0.7179687500000000 0.0463541666666667 0.0417968750000000
1 0.1109375000000000 0.6781250000000000 0.0437500000000000 0.0679687500000000
1 0.1531250000000000 0.6730468750000000 0.0322916666666667 0.0660156250000000
1 0.1885416666666667 0.6816406250000000 0.0348958333333333 0.0734375000000000
1 0.2265625000000000 0.6839843750000000 0.0411458333333333 0.0707031250000000
1 0.2687500000000000 0.6832031250000000 0.0364583333333333 0.0750000000000000
1 0.3109375000000000 0.6757812500000000 0.0354166666666667 0.0636718750000000
1 0.3598958333333334 0.7125000000000000 0.0578125000000000 0.0554687500000000
1 0.6401041666666667 0.9710937500000000 0.0281250000000000 0.0527343750000000
1 0.6062500000000000 0.9773437500000000 0.0265625000000000 0.0437500000000000
1 0.3640625000000000 0.7683593750000000 0.0557291666666667 0.0531250000000000
1 0.1520833333333333 0.7691406250000000 0.0640625000000000 0.0675781250000000
1 0.4218750000000000 0.7679687500000000 0.0567708333333333 0.0511718750000000
1 0.6718750000000000 0.6597656250000000 0.0192708333333333 0.0488281250000000
1 0.1062500000000000 0.7671875000000000 0.0151041666666667 0.0476562500000000
1 0.4223958333333334 0.5878906250000000 0.0635416666666667 0.0828125000000000
1 0.4822916666666667 0.5878906250000000 0.0567708333333333 0.0859375000000000
1 0.5817708333333333 0.5984375000000000 0.0260416666666667 0.0468750000000000
1 0.4791666666666667 0.7687500000000000 0.0520833333333333 0.0515625000000000
1 0.6104166666666667 0.5953125000000000 0.0276041666666667 0.0449218750000000
1 0.9895833333333334 0.6460937500000000 0.0177083333333333 0.1113281250000000
1 0.6390625000000000 0.5960937500000000 0.0265625000000000 0.0398437500000000
1 0.6932291666666667 0.5917968750000000 0.0250000000000000 0.0441406250000000
1 0.7244791666666667 0.5929687500000000 0.0317708333333333 0.0402343750000000
1 0.7536458333333333 0.5917968750000000 0.0213541666666667 0.0496093750000000
1 0.9463541666666667 0.6542968750000000 0.0562500000000000 0.0945312500000000
1 0.8854166666666666 0.5917968750000000 0.0531250000000000 0.0894531250000000
1 0.5380208333333333 0.7675781250000000 0.0651041666666667 0.0523437500000000
1 0.6666666666666666 0.5929687500000000 0.0281250000000000 0.0425781250000000
1 0.9333333333333333 0.7636718750000000 0.0442708333333333 0.1054687500000000
1 0.9848958333333333 0.7621093750000000 0.0312500000000000 0.1101562500000000
1 0.9463541666666667 0.8953125000000000 0.0671875000000000 0.1320312500000000
1 0.6984375000000000 0.6601562500000000 0.0291666666666667 0.0539062500000000
1 0.7276041666666667 0.6585937500000000 0.0213541666666667 0.0539062500000000
1 0.7557291666666667 0.6621093750000000 0.0255208333333333 0.0527343750000000
1 0.7854166666666667 0.6656250000000000 0.0317708333333333 0.0507812500000000
1 0.6187500000000000 0.7394531250000000 0.0213541666666667 0.0515625000000000
1 0.6453125000000000 0.7367187500000000 0.0286458333333333 0.0496093750000000
1 0.5203125000000000 0.9578125000000000 0.0218750000000000 0.0492187500000000
1 0.5432291666666667 0.9566406250000000 0.0255208333333333 0.0519531250000000
1 0.0864583333333333 0.7695312500000000 0.0151041666666667 0.0441406250000000
1 0.8744791666666667 0.6917968750000000 0.0359375000000000 0.0781250000000000
1 0.8239583333333333 0.8113281250000000 0.0395833333333333 0.0921875000000000
1 0.3604166666666667 0.8417968750000000 0.0526041666666667 0.0449218750000000
1 0.8197916666666667 0.9171875000000000 0.0307291666666667 0.1109375000000000
1 0.8802083333333334 0.9187500000000000 0.0473958333333333 0.0996093750000000
1 0.9916666666666667 0.9019531250000000 0.0177083333333333 0.1367187500000000
1 0.8145833333333333 0.5953125000000000 0.0338541666666667 0.0734375000000000
1 0.7817708333333333 0.5886718750000000 0.0244791666666667 0.0546875000000000
