1 0.8537581699346405 0.5465686274509803 0.0363562091503268 0.0661764705882353
1 0.8982843137254902 0.5306372549019608 0.0498366013071895 0.0986519607843137
1 0.9460784313725490 0.5450367647058824 0.0498366013071895 0.0762867647058824
1 0.9869281045751634 0.5376838235294118 0.0269607843137255 0.1017156862745098
1 0.1670751633986928 0.3498774509803921 0.0383986928104575 0.0839460784313725
1 0.2136437908496732 0.3590686274509804 0.0555555555555556 0.0674019607843137
1 0.2736928104575164 0.3655024509803921 0.0629084967320261 0.0805759803921569
1 0.3349673202614379 0.3679534313725490 0.0608660130718954 0.0756740196078431
1 0.3974673202614379 0.3713235294117647 0.0637254901960784 0.0808823529411765
1 0.8022875816993464 0.5186887254901961 0.0669934640522876 0.0943627450980392
1 0.4611928104575164 0.3437500000000000 0.0461601307189543 0.0499387254901961
1 0.4571078431372549 0.3900122549019608 0.0559640522875817 0.0428921568627451
1 0.7459150326797386 0.5321691176470589 0.0469771241830065 0.0674019607843137
1 0.4530228758169935 0.5064338235294118 0.0649509803921569 0.0572916666666667
1 0.6303104575163399 0.5349264705882353 0.0629084967320261 0.0386029411764706
1 0.6327614379084967 0.4941789215686275 0.0584150326797386 0.0441176470588235
1 0.5706699346405228 0.5263480392156863 0.0625000000000000 0.0361519607843137
1 0.5702614379084967 0.4895833333333333 0.0637254901960784 0.0370710784313725
1 0.5486111111111112 0.4540441176470588 0.0580065359477124 0.0287990196078431
1 0.4681372549019608 0.4509803921568628 0.0539215686274510 0.0318627450980392
1 0.4117647058823529 0.4479166666666667 0.0571895424836601 0.0389093137254902
1 0.3566176470588235 0.4442401960784313 0.0494281045751634 0.0401348039215686
1 0.5110294117647058 0.5147058823529411 0.0502450980392157 0.0744485294117647
1 0.3950163398692810 0.5021446078431373 0.0502450980392157 0.0661764705882353
1 0.3337418300653595 0.4975490196078431 0.0727124183006536 0.0582107843137255
1 0.4121732026143791 0.3030024509803921 0.0522875816993464 0.0575980392156863
1 0.2745098039215687 0.4935661764705883 0.0445261437908497 0.0670955882352941
1 0.6899509803921569 0.5364583333333334 0.0510620915032680 0.0520833333333333
1 0.3386437908496732 0.3002450980392157 0.0686274509803922 0.0499387254901961
1 0.2667483660130719 0.1381740196078431 0.0661764705882353 0.1587009803921569
1 0.5130718954248366 0.3930759803921569 0.0506535947712418 0.0459558823529412
1 0.4959150326797386 0.1329656862745098 0.0755718954248366 0.1636029411764706
1 0.4301470588235294 0.1320465686274510 0.0567810457516340 0.1623774509803922
1 0.3799019607843137 0.1363357843137255 0.0437091503267974 0.1531862745098039
1 0.3280228758169935 0.1387867647058824 0.0584150326797386 0.1571691176470588
1 0.2222222222222222 0.4898897058823529 0.0612745098039216 0.0582107843137255
1 0.2034313725490196 0.1354166666666667 0.0588235294117647 0.1553308823529412
1 0.0968137254901961 0.1360294117647059 0.0428921568627451 0.1568627450980392
1 0.0498366013071895 0.1372549019607843 0.0510620915032680 0.1550245098039216
1 0.5629084967320261 0.1666666666666667 0.0486111111111111 0.1060049019607843
1 0.6180555555555556 0.1663602941176471 0.0612745098039216 0.1084558823529412
1 0.6776960784313726 0.1632965686274510 0.0616830065359477 0.1093750000000000
1 0.7557189542483660 0.1871936274509804 0.0923202614379085 0.0698529411764706
1 0.9726307189542484 0.1954656862745098 0.0531045751633987 0.0628063725490196
1 0.8688725490196079 0.1617647058823529 0.1303104575163399 0.1216299019607843
1 0.0367647058823529 0.2947303921568628 0.0714869281045752 0.1197916666666667
1 0.1156045751633987 0.3471200980392157 0.0674019607843137 0.0802696078431373
1 0.1654411764705882 0.2720588235294117 0.1045751633986928 0.0481004901960784
1 0.9632352941176471 0.3223039215686275 0.0755718954248366 0.1228553921568627
1 0.9554738562091504 0.4157475490196079 0.0686274509803922 0.0542279411764706
1 0.8978758169934641 0.4087009803921569 0.0461601307189543 0.0670955882352941
1 0.8206699346405228 0.2815563725490196 0.1180555555555556 0.0278799019607843
1 0.8174019607843137 0.3072916666666667 0.1200980392156863 0.0269607843137255
1 0.8145424836601307 0.3777573529411765 0.1237745098039216 0.1075367647058824
1 0.7079248366013072 0.4059436274509804 0.0665849673202614 0.0419730392156863
1 0.7087418300653595 0.3599877450980392 0.0657679738562092 0.0523897058823529
1 0.6343954248366013 0.3979779411764706 0.0714869281045752 0.0431985294117647
1 0.6364379084967320 0.3550857843137255 0.0723039215686275 0.0422794117647059
1 0.5686274509803921 0.3982843137254902 0.0637254901960784 0.0419730392156863
1 0.5702614379084967 0.3529411764705883 0.0616830065359477 0.0487132352941176
1 0.5118464052287581 0.3458946078431372 0.0551470588235294 0.0481004901960784
1 0.1662581699346405 0.4837622549019608 0.0510620915032680 0.0713848039215686
1 0.6491013071895425 0.7567401960784313 0.0849673202614379 0.0811887254901961
1 0.1196895424836601 0.4806985294117647 0.0416666666666667 0.0582107843137255
1 0.0171568627450980 0.6418504901960784 0.0326797385620915 0.0781250000000000
1 0.0469771241830065 0.6473651960784313 0.0191993464052288 0.0499387254901961
1 0.0812908496732026 0.6577818627450981 0.0522875816993464 0.0818014705882353
1 0.9852941176470589 0.9335171568627451 0.0298202614379085 0.0652573529411765
1 0.9489379084967320 0.9227941176470589 0.0433006535947712 0.0827205882352941
1 0.8999183006535948 0.9136029411764706 0.0535130718954248 0.0637254901960784
1 0.8578431372549019 0.9050245098039216 0.0330882352941176 0.0824142156862745
1 0.8165849673202614 0.8946078431372549 0.0494281045751634 0.0670955882352941
1 0.7732843137254902 0.8890931372549019 0.0375816993464052 0.0784313725490196
1 0.7291666666666666 0.8869485294117647 0.0486111111111111 0.0756740196078431
1 0.6887254901960784 0.8872549019607843 0.0343137254901961 0.0772058823529412
1 0.6474673202614379 0.9004289215686274 0.0453431372549020 0.0382965686274510
1 0.6519607843137255 0.8590686274509803 0.0359477124183007 0.0425857843137255
1 0.6196895424836601 0.8474264705882353 0.0224673202614379 0.0398284313725490
1 0.6164215686274510 0.8860294117647058 0.0290032679738562 0.0382965686274510
1 0.5882352941176471 0.8799019607843137 0.0281862745098039 0.0514705882352941
1 0.5539215686274510 0.8768382352941176 0.0400326797385621 0.0459558823529412
1 0.5179738562091504 0.8691789215686274 0.0351307189542484 0.0609681372549020
1 0.4599673202614379 0.8468137254901961 0.0784313725490196 0.0818014705882353
1 0.3897058823529412 0.8342524509803921 0.0686274509803922 0.0885416666666667
1 0.2875816993464052 0.8238357843137255 0.1021241830065359 0.0870098039215686
1 0.0383986928104575 0.7585784313725490 0.0339052287581699 0.1026348039215686
1 0.0714869281045752 0.7720588235294118 0.0388071895424837 0.0989583333333333
1 0.1094771241830065 0.7806372549019608 0.0363562091503268 0.1164215686274510
1 0.1352124183006536 0.8180147058823529 0.0216503267973856 0.0505514705882353
1 0.1568627450980392 0.8223039215686274 0.0208333333333333 0.0585171568627451
1 0.1764705882352941 0.8238357843137255 0.0167483660130719 0.0539215686274510
1 0.1952614379084967 0.8293504901960784 0.0224673202614379 0.0637254901960784
1 0.2189542483660131 0.8293504901960784 0.0232843137254902 0.0625000000000000
1 0.1572712418300654 0.6951593137254902 0.0416666666666667 0.0585171568627451
1 0.0420751633986928 0.4163602941176471 0.0612745098039216 0.0977328431372549
1 0.2066993464052287 0.7077205882352942 0.0600490196078431 0.0689338235294118
1 0.3439542483660131 0.7199754901960784 0.0698529411764706 0.0909926470588235
1 0.0665849673202614 0.5422794117647058 0.0494281045751634 0.0726102941176471
1 0.0224673202614379 0.5291053921568627 0.0424836601307190 0.0876225490196078
1 0.1221405228758170 0.6106004901960784 0.0249183006535948 0.0517769607843137
1 0.1560457516339869 0.6167279411764706 0.0416666666666667 0.0410539215686275
1 0.1911764705882353 0.6213235294117647 0.0269607843137255 0.0520833333333333
1 0.2209967320261438 0.6280637254901961 0.0334967320261438 0.0373774509803922
1 0.2683823529411765 0.5670955882352942 0.0812908496732026 0.0321691176470588
1 0.2659313725490196 0.5949754901960784 0.0772058823529412 0.0245098039215686
1 0.2724673202614379 0.6323529411764706 0.0751633986928105 0.0526960784313725
1 0.3443627450980392 0.6363357843137255 0.0649509803921569 0.0637254901960784
1 0.4174836601307190 0.6403186274509803 0.0759803921568627 0.0575980392156863
1 0.4926470588235294 0.6473651960784313 0.0735294117647059 0.0716911764705882
1 0.5653594771241830 0.6553308823529411 0.0731209150326797 0.0554534313725490
1 0.6409313725490197 0.6648284313725490 0.0759803921568627 0.0756740196078431
1 0.7287581699346405 0.6731004901960784 0.1004901960784314 0.0600490196078431
1 0.7924836601307189 0.5986519607843137 0.1319444444444444 0.0263480392156863
1 0.8329248366013072 0.6179534313725490 0.1160130718954248 0.0131740196078431
1 0.8329248366013072 0.6767769607843137 0.1160130718954248 0.1044730392156863
1 0.9227941176470589 0.6985294117647058 0.0633169934640523 0.0609681372549020
1 0.9775326797385621 0.6847426470588235 0.0457516339869281 0.1032475490196078
1 0.9828431372549019 0.8109681372549019 0.0359477124183007 0.0750612745098039
1 0.9387254901960784 0.8039215686274510 0.0490196078431373 0.0848651960784314
1 0.8562091503267973 0.7846200980392157 0.0294117647058824 0.0811887254901961
1 0.8125000000000000 0.7821691176470589 0.0433006535947712 0.0719975490196078
1 0.7610294117647058 0.7849264705882353 0.0510620915032680 0.0643382352941176
1 0.7136437908496732 0.7662377450980392 0.0437091503267974 0.1004901960784314
1 0.5686274509803921 0.7500000000000000 0.0755718954248366 0.0962009803921569
1 0.4914215686274510 0.7386642156862745 0.0800653594771242 0.0738357843137255
1 0.4142156862745098 0.7297794117647058 0.0743464052287582 0.0909926470588235
1 0.2732843137254902 0.7107843137254902 0.0678104575163399 0.0851715686274510
1 0.1470588235294118 0.1354166666666667 0.0563725490196078 0.1559436274509804
