1 0.4148116438356164 0.5783653846153847 0.0201198630136986 0.0149038461538462
1 0.5025684931506850 0.5766826923076923 0.0231164383561644 0.0117788461538462
1 0.2983732876712329 0.5790865384615385 0.0222602739726027 0.0129807692307692
1 0.3202054794520548 0.5790865384615385 0.0201198630136986 0.0129807692307692
1 0.4824486301369863 0.5771634615384615 0.0171232876712329 0.0132211538461538
1 0.3446061643835616 0.5788461538461539 0.0231164383561644 0.0134615384615385
1 0.0393835616438356 0.3745192307692308 0.0620719178082192 0.0264423076923077
1 0.0603595890410959 0.4350961538461539 0.0342465753424658 0.0413461538461538
1 0.3908390410958904 0.5786057692307692 0.0235445205479452 0.0137019230769231
1 0.0265410958904110 0.4375000000000000 0.0333904109589041 0.0360576923076923
1 0.4601883561643836 0.5783653846153847 0.0244006849315068 0.0117788461538462
1 0.4392123287671233 0.5786057692307692 0.0222602739726027 0.0137019230769231
1 0.5483732876712328 0.5612980769230769 0.0226883561643836 0.0144230769230769
1 0.3677226027397260 0.5788461538461539 0.0231164383561644 0.0125000000000000
1 0.5265410958904110 0.5627403846153847 0.0192636986301370 0.0149038461538462
1 0.3441780821917808 0.5634615384615385 0.0226883561643836 0.0151442307692308
1 0.4820205479452055 0.5629807692307692 0.0231164383561644 0.0151442307692308
1 0.2114726027397260 0.6170673076923077 0.0325342465753425 0.0310096153846154
1 0.3223458904109589 0.5651442307692308 0.0231164383561644 0.0151442307692308
1 0.2988013698630137 0.5641826923076924 0.0231164383561644 0.0153846153846154
1 0.2542808219178082 0.5716346153846154 0.0547945205479452 0.0305288461538462
1 0.2119006849315068 0.5728365384615385 0.0278253424657534 0.0326923076923077
1 0.0907534246575342 0.6901442307692308 0.0325342465753425 0.0528846153846154
1 0.0757705479452055 0.6281250000000000 0.0308219178082192 0.0500000000000000
1 0.5256849315068494 0.5754807692307692 0.0231164383561644 0.0098557692307692
1 0.0419520547945205 0.6274038461538461 0.0338184931506849 0.0485576923076923
1 0.2148972602739726 0.6875000000000000 0.0338184931506849 0.0463942307692308
1 0.3677226027397260 0.5653846153846154 0.0226883561643836 0.0151442307692308
1 0.3934075342465753 0.5641826923076924 0.0226883561643836 0.0153846153846154
1 0.4148116438356164 0.5637019230769231 0.0226883561643836 0.0153846153846154
1 0.4375000000000000 0.5627403846153847 0.0222602739726027 0.0146634615384615
1 0.4593321917808219 0.5644230769230769 0.0231164383561644 0.0153846153846154
1 0.5038527397260274 0.5625000000000000 0.0192636986301370 0.0149038461538462
1 0.5492294520547946 0.5764423076923076 0.0244006849315068 0.0139423076923077
1 0.3330479452054795 0.6975961538461538 0.0231164383561644 0.0093750000000000
1 0.6057363013698630 0.5668269230769231 0.0282534246575342 0.0338942307692308
1 0.3107876712328767 0.6983173076923077 0.0171232876712329 0.0088942307692308
1 0.3339041095890411 0.6882211538461539 0.0214041095890411 0.0088942307692308
1 0.3137842465753425 0.6887019230769231 0.0188356164383562 0.0096153846153846
1 0.3356164383561644 0.6795673076923077 0.0222602739726027 0.0093750000000000
1 0.3129280821917808 0.6793269230769231 0.0222602739726027 0.0100961538461538
1 0.3364726027397260 0.6694711538461539 0.0205479452054795 0.0069711538461538
1 0.3107876712328767 0.7069711538461538 0.0184075342465753 0.0076923076923077
1 0.3381849315068493 0.6610576923076923 0.0214041095890411 0.0091346153846154
1 0.3129280821917808 0.6689903846153846 0.0226883561643836 0.0093750000000000
1 0.3154965753424658 0.6593750000000000 0.0222602739726027 0.0093750000000000
1 0.3146404109589041 0.6512019230769230 0.0209760273972603 0.0086538461538462
1 0.6982020547945206 0.5721153846153846 0.0466609589041096 0.0153846153846154
1 0.6455479452054794 0.5656250000000000 0.0505136986301370 0.0348557692307692
1 0.2859589041095890 0.6800480769230769 0.0316780821917808 0.0437500000000000
1 0.0556506849315068 0.6899038461538461 0.0368150684931507 0.0512019230769231
1 0.3317636986301370 0.7064903846153846 0.0209760273972603 0.0093750000000000
1 0.3801369863013699 0.6915865384615385 0.0654965753424658 0.0382211538461538
1 0.4336472602739726 0.6819711538461538 0.0342465753424658 0.0641826923076923
1 0.8398972602739726 0.6759615384615385 0.0432363013698630 0.0512019230769231
1 0.7902397260273972 0.6716346153846153 0.0522260273972603 0.0598557692307692
1 0.7358732876712328 0.6723557692307692 0.0415239726027397 0.0615384615384615
1 0.6917808219178082 0.6728365384615385 0.0453767123287671 0.0622596153846154
1 0.8702910958904110 0.5757211538461539 0.0291095890410959 0.0096153846153846
1 0.8381849315068494 0.5757211538461539 0.0363869863013699 0.0096153846153846
1 0.8026541095890410 0.5723557692307693 0.0316780821917808 0.0161057692307692
1 0.7696917808219178 0.5733173076923077 0.0342465753424658 0.0144230769230769
1 0.7358732876712328 0.5721153846153846 0.0303938356164384 0.0137019230769231
1 0.6519691780821918 0.6793269230769231 0.0329623287671233 0.0507211538461538
1 0.6220034246575342 0.6786057692307692 0.0316780821917808 0.0509615384615385
1 0.5706335616438356 0.6879807692307692 0.0265410958904110 0.0370192307692308
1 0.5500856164383562 0.6954326923076923 0.0145547945205479 0.0254807692307692
1 0.5158390410958904 0.6846153846153846 0.0496575342465753 0.0468750000000000
1 0.4678938356164384 0.6798076923076923 0.0286815068493151 0.0596153846153846
1 0.5753424657534246 0.5675480769230770 0.0312500000000000 0.0350961538461538
1 0.0710616438356164 0.5641826923076924 0.0338184931506849 0.0478365384615385
1 0.4092465753424658 0.8269230769230769 0.0428082191780822 0.0149038461538462
1 0.8206335616438356 0.6125000000000000 0.0676369863013699 0.0312500000000000
1 0.4075342465753425 0.7963942307692308 0.0458047945205479 0.0120192307692308
1 0.4537671232876712 0.7935096153846154 0.0462328767123288 0.0161057692307692
1 0.4041095890410959 0.8103365384615384 0.0445205479452055 0.0146634615384615
1 0.4529109589041096 0.8096153846153846 0.0500856164383562 0.0161057692307692
1 0.6202910958904110 0.5002403846153847 0.0517979452054795 0.0329326923076923
1 0.8553082191780822 0.4478365384615385 0.0505136986301370 0.0377403846153846
1 0.7358732876712328 0.5112980769230769 0.0475171232876712 0.0165865384615385
1 0.6699486301369864 0.5149038461538461 0.0419520547945205 0.0137019230769231
1 0.0359589041095890 0.5641826923076924 0.0338184931506849 0.0449519230769231
1 0.3035102739726027 0.8305288461538461 0.0496575342465753 0.0127403846153846
1 0.4743150684931507 0.6137019230769231 0.0389554794520548 0.0310096153846154
1 0.4918664383561644 0.8093750000000000 0.0244006849315068 0.0415865384615385
1 0.5171232876712328 0.8153846153846154 0.0171232876712329 0.0276442307692308
1 0.5359589041095890 0.8144230769230769 0.0209760273972603 0.0274038461538462
1 0.5586472602739726 0.8139423076923077 0.0231164383561644 0.0281250000000000
1 0.5877568493150684 0.8062500000000000 0.0333904109589041 0.0435096153846154
1 0.6168664383561644 0.8158653846153846 0.0214041095890411 0.0286057692307692
1 0.6404109589041096 0.8141826923076924 0.0231164383561644 0.0324519230769231
1 0.8720034246575342 0.6129807692307693 0.0325342465753425 0.0322115384615385
1 0.4053938356164384 0.6112980769230769 0.0201198630136986 0.0223557692307692
1 0.4524828767123288 0.8262019230769231 0.0440924657534247 0.0153846153846154
1 0.3052226027397260 0.8170673076923077 0.0552226027397260 0.0149038461538462
1 0.8321917808219178 0.7536057692307693 0.0505136986301370 0.0201923076923077
1 0.7791095890410958 0.7586538461538461 0.0505136986301370 0.0139423076923077
1 0.8775684931506850 0.6759615384615385 0.0316780821917808 0.0519230769230769
1 0.2979452054794521 0.7507211538461539 0.0445205479452055 0.0435096153846154
1 0.3347602739726027 0.7538461538461538 0.0321061643835616 0.0375000000000000
1 0.3660102739726027 0.7548076923076923 0.0261130136986301 0.0387019230769231
1 0.4208047945205479 0.7629807692307692 0.0380993150684932 0.0225961538461538
1 0.4507705479452055 0.7562500000000000 0.0201198630136986 0.0317307692307692
1 0.0316780821917808 0.5103365384615385 0.0449486301369863 0.0242788461538462
1 0.2581335616438356 0.5052884615384615 0.0453767123287671 0.0367788461538462
1 0.3005136986301370 0.5040865384615385 0.0376712328767123 0.0367788461538462
1 0.3351883561643836 0.5043269230769231 0.0329623287671233 0.0348557692307692
1 0.3681506849315068 0.5024038461538461 0.0312500000000000 0.0370192307692308
1 0.4006849315068493 0.5012019230769231 0.0316780821917808 0.0346153846153846
1 0.5774828767123288 0.4990384615384615 0.0321061643835616 0.0350961538461538
1 0.4734589041095890 0.7555288461538462 0.0222602739726027 0.0338942307692308
1 0.5154109589041096 0.7596153846153846 0.0488013698630137 0.0257211538461538
1 0.5599315068493150 0.7572115384615384 0.0402397260273973 0.0307692307692308
1 0.5629280821917808 0.7326923076923076 0.0445205479452055 0.0180288461538462
1 0.6078767123287672 0.7466346153846154 0.0389554794520548 0.0221153846153846
1 0.6053082191780822 0.7641826923076923 0.0466609589041096 0.0120192307692308
1 0.6913527397260274 0.7451923076923077 0.0560787671232877 0.0454326923076923
1 0.7786815068493150 0.7406250000000000 0.0466609589041096 0.0201923076923077
1 0.3848458904109589 0.6117788461538461 0.0201198630136986 0.0223557692307692
1 0.3471746575342466 0.6161057692307692 0.0556506849315068 0.0331730769230769
1 0.4370719178082192 0.6156250000000000 0.0351027397260274 0.0281250000000000
1 0.2517123287671233 0.6870192307692308 0.0368150684931507 0.0500000000000000
1 0.7465753424657534 0.6122596153846154 0.0629280821917808 0.0310096153846154
1 0.6857876712328768 0.6125000000000000 0.0445205479452055 0.0379807692307692
1 0.6318493150684932 0.6125000000000000 0.0466609589041096 0.0360576923076923
1 0.5881849315068494 0.6120192307692308 0.0385273972602740 0.0370192307692308
1 0.5483732876712328 0.6086538461538461 0.0222602739726027 0.0206730769230769
1 0.5136986301369864 0.6141826923076923 0.0393835616438356 0.0319711538461538
1 0.2397260273972603 0.6163461538461539 0.0244006849315068 0.0312500000000000
1 0.2619863013698630 0.6168269230769231 0.0188356164383562 0.0302884615384615
1 0.2945205479452055 0.6165865384615384 0.0466609589041096 0.0331730769230769
