1 0.8476307189542484 0.3174019607843137 0.0142973856209150 0.0088848039215686
1 0.9918300653594772 0.5582107843137255 0.0163398692810458 0.0551470588235294
1 0.4456699346405229 0.7297794117647058 0.0510620915032680 0.0713848039215686
1 0.3856209150326798 0.7429534313725490 0.0584150326797386 0.0716911764705882
1 0.5976307189542484 0.7552083333333334 0.0457516339869281 0.0585171568627451
1 0.5498366013071896 0.7683823529411765 0.0445261437908497 0.0612745098039216
1 0.5000000000000000 0.7830882352941176 0.0494281045751634 0.0649509803921569
1 0.4460784313725490 0.8008578431372549 0.0518790849673203 0.0646446078431373
1 0.3888888888888889 0.8183210784313726 0.0555555555555556 0.0677083333333333
1 0.3235294117647059 0.8367034313725490 0.0641339869281046 0.0704656862745098
1 0.6090686274509803 0.5465686274509803 0.0490196078431373 0.0612745098039216
1 0.5604575163398693 0.5517769607843137 0.0449346405228758 0.0658700980392157
1 0.5069444444444444 0.5588235294117647 0.0543300653594771 0.0689338235294118
1 0.6094771241830066 0.6099877450980392 0.0477941176470588 0.0634191176470588
1 0.5616830065359477 0.6188725490196079 0.0416666666666667 0.0655637254901961
1 0.5106209150326797 0.6286764705882353 0.0535130718954248 0.0646446078431373
1 0.3214869281045752 0.5845588235294118 0.0686274509803922 0.0778186274509804
1 0.5008169934640523 0.7147671568627451 0.0510620915032680 0.0643382352941176
1 0.3231209150326798 0.6648284313725490 0.0723039215686275 0.0729166666666667
1 0.5510620915032680 0.7028186274509803 0.0433006535947712 0.0637254901960784
1 0.6470588235294118 0.7117034313725490 0.0290032679738562 0.0885416666666667
1 0.8713235294117647 0.2098651960784314 0.0249183006535948 0.0882352941176471
1 0.8427287581699346 0.2061887254901961 0.0318627450980392 0.0894607843137255
1 0.8153594771241830 0.2031250000000000 0.0196078431372549 0.0919117647058824
1 0.7928921568627451 0.2015931372549020 0.0204248366013072 0.0958946078431373
1 0.7655228758169934 0.1966911764705882 0.0314542483660131 0.1007965686274510
1 0.7308006535947712 0.1945465686274510 0.0322712418300654 0.1069240196078431
1 0.6944444444444444 0.1547181372549020 0.0359477124183007 0.1096813725490196
1 0.6605392156862745 0.1507352941176471 0.0302287581699346 0.1148897058823529
1 0.6919934640522876 0.2763480392156863 0.0253267973856209 0.1090686274509804
1 0.6695261437908496 0.2775735294117647 0.0171568627450980 0.1056985294117647
1 0.6866830065359477 0.3872549019607843 0.0404411764705882 0.1038602941176471
1 0.6834150326797386 0.4960171568627451 0.0257352941176471 0.1011029411764706
1 0.6605392156862745 0.5036764705882353 0.0167483660130719 0.0925245098039216
1 0.6548202614379085 0.6063112745098039 0.0155228758169935 0.0888480392156863
1 0.6732026143790850 0.7025122549019608 0.0196078431372549 0.0848651960784314
1 0.6004901960784313 0.6927083333333334 0.0518790849673203 0.0609681372549020
1 0.8978758169934641 0.2129289215686274 0.0257352941176471 0.0839460784313725
1 0.6127450980392157 0.4056372549019608 0.0486111111111111 0.0680147058823529
1 0.5098039215686274 0.4093137254901961 0.0543300653594771 0.0738357843137255
1 0.5061274509803921 0.0729166666666667 0.0498366013071895 0.0781250000000000
1 0.4481209150326798 0.0579044117647059 0.0612745098039216 0.0824142156862745
1 0.3790849673202614 0.0487132352941176 0.0649509803921569 0.0873161764705882
1 0.3063725490196079 0.0419730392156863 0.0755718954248366 0.0842524509803922
1 0.6192810457516340 0.1672794117647059 0.0469771241830065 0.0756740196078431
1 0.5665849673202614 0.1605392156862745 0.0494281045751634 0.0775122549019608
1 0.5081699346405228 0.1550245098039216 0.0510620915032680 0.0787377450980392
1 0.4513888888888889 0.1473651960784314 0.0588235294117647 0.0891544117647059
1 0.3815359477124183 0.1387867647058824 0.0686274509803922 0.0848651960784314
1 0.3088235294117647 0.1317401960784314 0.0743464052287582 0.0876225490196078
1 0.2062908496732026 0.3851102941176471 0.0498366013071895 0.1525735294117647
1 0.1491013071895425 0.3884803921568628 0.0608660130718954 0.1596200980392157
1 0.2087418300653595 0.1881127450980392 0.0241013071895425 0.1473651960784314
1 0.1687091503267974 0.1792279411764706 0.0518790849673203 0.1611519607843137
1 0.1119281045751634 0.1767769607843137 0.0575980392156863 0.1605392156862745
1 0.5653594771241830 0.0805759803921569 0.0494281045751634 0.0802696078431373
1 0.5633169934640523 0.4074754901960784 0.0449346405228758 0.0716911764705882
1 0.6180555555555556 0.0888480392156863 0.0498366013071895 0.0735294117647059
1 0.3811274509803921 0.3170955882352941 0.0629084967320261 0.0802696078431373
1 0.6111111111111112 0.4733455882352941 0.0510620915032680 0.0655637254901961
1 0.5616830065359477 0.4785539215686275 0.0453431372549020 0.0658700980392157
1 0.5098039215686274 0.4840686274509804 0.0539215686274510 0.0683210784313725
1 0.4456699346405229 0.4895833333333333 0.0592320261437908 0.0723039215686275
1 0.3272058823529412 0.4954044117647059 0.0657679738562092 0.0805759803921569
1 0.6151960784313726 0.2463235294117647 0.0473856209150327 0.0698529411764706
1 0.5641339869281046 0.2441789215686274 0.0522875816993464 0.0765931372549020
1 0.5085784313725490 0.2386642156862745 0.0551470588235294 0.0805759803921569
1 0.4489379084967320 0.2368259803921569 0.0571895424836601 0.0790441176470588
1 0.3827614379084967 0.2306985294117647 0.0694444444444444 0.0833333333333333
1 0.3075980392156863 0.2270220588235294 0.0686274509803922 0.0848651960784314
1 0.6123366013071896 0.3192401960784313 0.0535130718954248 0.0719975490196078
1 0.5608660130718954 0.3195465686274510 0.0461601307189543 0.0723039215686275
1 0.5089869281045751 0.3189338235294117 0.0526960784313725 0.0772058823529412
1 0.4481209150326798 0.3174019607843137 0.0637254901960784 0.0808823529411765
1 0.3125000000000000 0.3161764705882353 0.0702614379084967 0.0870098039215686
1 0.9264705882352942 0.2156862745098039 0.0269607843137255 0.0833333333333333
1 0.9513888888888888 0.2190563725490196 0.0175653594771242 0.0814950980392157
1 0.9726307189542484 0.2218137254901961 0.0204248366013072 0.0768995098039216
1 0.7291666666666666 0.6666666666666666 0.0322712418300654 0.0340073529411765
1 0.8312908496732027 0.6789215686274510 0.0261437908496732 0.0266544117647059
1 0.8014705882352942 0.6847426470588235 0.0285947712418301 0.0346200980392157
1 0.7671568627450981 0.6917892156862745 0.0343137254901961 0.0358455882352941
1 0.7312091503267973 0.7031250000000000 0.0326797385620915 0.0327818627450980
1 0.6891339869281046 0.6176470588235294 0.0473856209150327 0.0719975490196078
1 0.6977124183006536 0.6930147058823529 0.0281862745098039 0.0719975490196078
1 0.9893790849673203 0.4883578431372549 0.0200163398692810 0.0321691176470588
1 0.9889705882352942 0.4558823529411765 0.0220588235294118 0.0309436274509804
1 0.9632352941176471 0.4580269607843137 0.0269607843137255 0.0306372549019608
1 0.9358660130718954 0.4610906862745098 0.0232843137254902 0.0324754901960784
1 0.9125816993464052 0.4613970588235294 0.0187908496732026 0.0315563725490196
1 0.8876633986928104 0.4662990196078431 0.0298202614379085 0.0303308823529412
1 0.9644607843137255 0.4914215686274510 0.0269607843137255 0.0321691176470588
1 0.9342320261437909 0.4950980392156863 0.0290032679738562 0.0327818627450980
1 0.7651143790849673 0.6571691176470589 0.0330882352941176 0.0303308823529412
1 0.9064542483660131 0.4990808823529412 0.0241013071895425 0.0318627450980392
1 0.7977941176470589 0.6504289215686274 0.0302287581699346 0.0312500000000000
1 0.7299836601307189 0.6283700980392157 0.0334967320261438 0.0364583333333333
1 0.9620098039215687 0.5655637254901961 0.0363562091503268 0.0591299019607843
1 0.9632352941176471 0.6265318627450981 0.0355392156862745 0.0579044117647059
1 0.9272875816993464 0.5563725490196079 0.0265522875816993 0.0300245098039216
1 0.9289215686274510 0.5900735294117647 0.0273692810457516 0.0315563725490196
1 0.9301470588235294 0.6216299019607843 0.0228758169934641 0.0291053921568627
1 0.9289215686274510 0.6537990196078431 0.0241013071895425 0.0318627450980392
1 0.8848039215686274 0.5842524509803921 0.0575980392156863 0.0628063725490196
1 0.8852124183006536 0.6485906862745098 0.0584150326797386 0.0615808823529412
1 0.8378267973856209 0.5729166666666666 0.0310457516339869 0.0315563725490196
1 0.8014705882352942 0.5808823529411765 0.0347222222222222 0.0346200980392157
1 0.7651143790849673 0.5863970588235294 0.0330882352941176 0.0349264705882353
1 0.7312091503267973 0.5916053921568627 0.0330882352941176 0.0327818627450980
1 0.8390522875816994 0.6099877450980392 0.0334967320261438 0.0333946078431373
1 0.8010620915032680 0.6142769607843137 0.0314542483660131 0.0312500000000000
1 0.7655228758169934 0.6222426470588235 0.0310457516339869 0.0346200980392157
1 0.8374183006535948 0.6461397058823529 0.0306372549019608 0.0291053921568627
1 0.8819444444444444 0.5033700980392157 0.0232843137254902 0.0324754901960784
1 0.8521241830065359 0.5079656862745098 0.0310457516339869 0.0352328431372549
1 0.8161764705882353 0.5137867647058824 0.0314542483660131 0.0364583333333333
1 0.9844771241830066 0.3376225490196079 0.0102124183006536 0.0088848039215686
1 0.9705882352941176 0.3376225490196079 0.0110294117647059 0.0085784313725490
1 0.9534313725490197 0.3379289215686275 0.0102124183006536 0.0073529411764706
1 0.9869281045751634 0.3223039215686275 0.0122549019607843 0.0079656862745098
1 0.9709967320261438 0.3219975490196079 0.0114379084967320 0.0073529411764706
1 0.9554738562091504 0.3235294117647059 0.0118464052287582 0.0079656862745098
1 0.8464052287581699 0.3327205882352941 0.0118464052287582 0.0073529411764706
1 0.8223039215686274 0.3363970588235294 0.0138888888888889 0.0079656862745098
1 0.7977941176470589 0.3336397058823529 0.0130718954248366 0.0094975490196078
1 0.8129084967320261 0.3177083333333333 0.0126633986928105 0.0091911764705882
1 0.7916666666666666 0.3158700980392157 0.0151143790849673 0.0101102941176471
1 0.7696078431372549 0.3134191176470588 0.0106209150326797 0.0091911764705882
1 0.7745098039215687 0.3314950980392157 0.0122549019607843 0.0091911764705882
1 0.7169117647058824 0.3339460784313725 0.0134803921568627 0.0101102941176471
1 0.9918300653594772 0.2242647058823529 0.0142973856209150 0.0732230392156863
1 0.7160947712418301 0.3762254901960784 0.0142973856209150 0.0643382352941176
1 0.7332516339869281 0.3746936274509804 0.0175653594771242 0.0655637254901961
1 0.7557189542483660 0.3734681372549020 0.0200163398692810 0.0631127450980392
1 0.7773692810457516 0.3722426470588235 0.0183823529411765 0.0606617647058824
1 0.7839052287581699 0.4776348039215687 0.0334967320261438 0.0361519607843137
1 0.7479575163398693 0.4813112745098039 0.0351307189542484 0.0349264705882353
1 0.7132352941176471 0.4862132352941176 0.0310457516339869 0.0404411764705882
1 0.7802287581699346 0.5171568627450981 0.0347222222222222 0.0361519607843137
1 0.7459150326797386 0.5226715686274510 0.0290032679738562 0.0367647058823529
1 0.7136437908496732 0.5269607843137255 0.0322712418300654 0.0395220588235294
1 0.9897875816993464 0.3700980392156863 0.0208333333333333 0.0505514705882353
1 0.9910130718954249 0.6176470588235294 0.0171568627450980 0.0569852941176471
1 0.9616013071895425 0.3713235294117647 0.0159313725490196 0.0530024509803922
1 0.9293300653594772 0.3707107843137255 0.0216503267973856 0.0560661764705882
1 0.9089052287581699 0.3725490196078431 0.0118464052287582 0.0594362745098039
1 0.8941993464052288 0.3731617647058824 0.0130718954248366 0.0609681372549020
1 0.8566176470588235 0.3734681372549020 0.0204248366013072 0.0591299019607843
1 0.8762254901960784 0.3731617647058824 0.0175653594771242 0.0582107843137255
1 0.8312908496732027 0.3734681372549020 0.0204248366013072 0.0588235294117647
1 0.8006535947712419 0.3740808823529412 0.0245098039215686 0.0600490196078431
1 0.9481209150326797 0.3707107843137255 0.0114379084967320 0.0539215686274510
