1 0.9571078431372549 0.6219362745098039 0.0633169934640523 0.1060049019607843
1 0.8925653594771242 0.6213235294117647 0.0678104575163399 0.1060049019607843
1 0.0502450980392157 0.7337622549019608 0.0592320261437908 0.0983455882352941
1 0.7708333333333334 0.6268382352941176 0.0453431372549020 0.0857843137254902
1 0.7242647058823529 0.6308210784313726 0.0453431372549020 0.0906862745098039
1 0.6748366013071896 0.6188725490196079 0.0518790849673203 0.1155024509803922
1 0.1045751633986928 0.7322303921568627 0.0490196078431373 0.1014093137254902
1 0.6180555555555556 0.6216299019607843 0.0629084967320261 0.1139705882352941
1 0.8255718954248366 0.6228553921568627 0.0653594771241830 0.1075367647058824
1 0.6045751633986928 0.1605392156862745 0.0486111111111111 0.0768995098039216
1 0.4803921568627451 0.1963848039215686 0.0559640522875817 0.1060049019607843
1 0.4219771241830065 0.1982230392156863 0.0608660130718954 0.1017156862745098
1 0.3623366013071895 0.1985294117647059 0.0567810457516340 0.1017156862745098
1 0.3051470588235294 0.1973039215686274 0.0575980392156863 0.1026348039215686
1 0.2504084967320261 0.1982230392156863 0.0535130718954248 0.1020220588235294
1 0.1670751633986928 0.7389705882352942 0.0404411764705882 0.0683210784313725
1 0.1964869281045752 0.1982230392156863 0.0543300653594771 0.1017156862745098
1 0.1437908496732026 0.1988357843137255 0.0477941176470588 0.1032475490196078
1 0.0886437908496732 0.1899509803921569 0.0592320261437908 0.1207107843137255
1 0.5559640522875817 0.1590073529411765 0.0473856209150327 0.0784313725490196
1 0.2107843137254902 0.7285539215686274 0.0477941176470588 0.0894607843137255
1 0.8194444444444444 0.7500000000000000 0.0531045751633987 0.0971200980392157
1 0.2855392156862745 0.7380514705882353 0.0465686274509804 0.1035539215686275
1 0.9808006535947712 0.8740808823529411 0.0404411764705882 0.0863970588235294
1 0.9276960784313726 0.8719362745098039 0.0645424836601307 0.0894607843137255
1 0.8607026143790850 0.8725490196078431 0.0669934640522876 0.0906862745098039
1 0.7528594771241830 0.8734681372549019 0.0453431372549020 0.0781250000000000
1 0.6597222222222222 0.8728553921568627 0.0433006535947712 0.0888480392156863
1 0.6082516339869281 0.8762254901960784 0.0592320261437908 0.0958946078431373
1 0.5416666666666666 0.8759191176470589 0.0604575163398693 0.0974264705882353
1 0.4787581699346405 0.8633578431372549 0.0559640522875817 0.1050857843137255
1 0.4178921568627451 0.8624387254901961 0.0653594771241830 0.1063112745098039
1 0.3558006535947713 0.8639705882352942 0.0596405228758170 0.1087622549019608
1 0.2953431372549020 0.8645833333333334 0.0600490196078431 0.1078431372549020
1 0.2340686274509804 0.8639705882352942 0.0620915032679739 0.1087622549019608
1 0.1703431372549020 0.8655024509803921 0.0657679738562092 0.1072303921568627
1 0.1082516339869281 0.8651960784313726 0.0535130718954248 0.1112132352941176
1 0.0506535947712418 0.8664215686274510 0.0600490196078431 0.1075367647058824
1 0.9489379084967320 0.7527573529411765 0.0657679738562092 0.1035539215686275
1 0.8807189542483660 0.7527573529411765 0.0706699346405229 0.1029411764705882
1 0.7741013071895425 0.7521446078431373 0.0392156862745098 0.0946691176470588
1 0.7275326797385621 0.7552083333333334 0.0518790849673203 0.1007965686274510
1 0.6727941176470589 0.7570465686274510 0.0477941176470588 0.1017156862745098
1 0.6151960784313726 0.7549019607843137 0.0543300653594771 0.1066176470588235
1 0.5596405228758170 0.7558210784313726 0.0584150326797386 0.1066176470588235
1 0.4746732026143791 0.7359068627450981 0.0825163398692810 0.1133578431372549
1 0.3999183006535948 0.7362132352941176 0.0645424836601307 0.1127450980392157
1 0.3382352941176471 0.7346813725490197 0.0575980392156863 0.1001838235294118
1 0.2471405228758170 0.7322303921568627 0.0277777777777778 0.0836397058823529
1 0.7058823529411765 0.8750000000000000 0.0498366013071895 0.0845588235294118
1 0.8010620915032680 0.8740808823529411 0.0518790849673203 0.0857843137254902
1 0.2663398692810457 0.6093750000000000 0.0629084967320261 0.0937500000000000
1 0.0919117647058824 0.6026348039215687 0.0559640522875817 0.1207107843137255
1 0.0322712418300654 0.6032475490196079 0.0612745098039216 0.1179534313725490
1 0.9742647058823529 0.4938725490196079 0.0490196078431373 0.0839460784313725
1 0.9146241830065359 0.4923406862745098 0.0702614379084967 0.0851715686274510
1 0.8419117647058824 0.4938725490196079 0.0457516339869281 0.0857843137254902
1 0.8026960784313726 0.4950980392156863 0.0318627450980392 0.0839460784313725
1 0.7569444444444444 0.4923406862745098 0.0555555555555556 0.0900735294117647
1 0.7017973856209150 0.4923406862745098 0.0543300653594771 0.0894607843137255
1 0.6458333333333334 0.4926470588235294 0.0575980392156863 0.0882352941176471
1 0.5915032679738562 0.4929534313725490 0.0482026143790850 0.0882352941176471
1 0.9595588235294118 0.2791053921568628 0.0330882352941176 0.0784313725490196
1 0.4665032679738562 0.4659926470588235 0.0890522875816993 0.0992647058823529
1 0.3868464052287582 0.4617034313725490 0.0702614379084967 0.1078431372549020
1 0.3161764705882353 0.4669117647058824 0.0571895424836601 0.1023284313725490
1 0.2565359477124183 0.4678308823529412 0.0592320261437908 0.0986519607843137
1 0.2038398692810457 0.4699754901960784 0.0469771241830065 0.1007965686274510
1 0.1560457516339869 0.4696691176470588 0.0498366013071895 0.1001838235294118
1 0.1523692810457516 0.6007965686274510 0.0649509803921569 0.1179534313725490
1 0.1004901960784314 0.4650735294117647 0.0539215686274510 0.1084558823529412
1 0.2099673202614379 0.6118259803921569 0.0494281045751634 0.0955882352941176
1 0.3860294117647059 0.6011029411764706 0.0723039215686275 0.1136642156862745
1 0.9260620915032680 0.2781862745098039 0.0330882352941176 0.0762867647058824
1 0.8921568627450981 0.2760416666666667 0.0351307189542484 0.0799632352941176
1 0.1462418300653595 0.0545343137254902 0.0690359477124183 0.1020220588235294
1 0.2165032679738562 0.0542279411764706 0.0653594771241830 0.1011029411764706
1 0.2822712418300654 0.0530024509803922 0.0629084967320261 0.1020220588235294
1 0.3488562091503268 0.0542279411764706 0.0645424836601307 0.1035539215686275
1 0.4150326797385621 0.0530024509803922 0.0698529411764706 0.1047794117647059
1 0.4832516339869281 0.0526960784313725 0.0649509803921569 0.1029411764705882
1 0.5649509803921569 0.0560661764705882 0.0874183006535948 0.0986519607843137
1 0.6392973856209150 0.0640318627450980 0.0510620915032680 0.0827205882352941
1 0.6911764705882353 0.0640318627450980 0.0522875816993464 0.0827205882352941
1 0.7426470588235294 0.0634191176470588 0.0498366013071895 0.0814950980392157
1 0.8006535947712419 0.0634191176470588 0.0477941176470588 0.0814950980392157
1 0.8496732026143791 0.0652573529411765 0.0404411764705882 0.0781250000000000
1 0.8905228758169934 0.0649509803921569 0.0420751633986928 0.0784313725490196
1 0.5620915032679739 0.6213235294117647 0.0465686274509804 0.1109068627450980
1 0.4648692810457516 0.6047794117647058 0.0857843137254902 0.1069240196078431
1 0.3239379084967320 0.6007965686274510 0.0531045751633987 0.1127450980392157
1 0.0441176470588235 0.4623161764705883 0.0567810457516340 0.1139705882352941
1 0.5437091503267973 0.4926470588235294 0.0453431372549020 0.0885416666666667
1 0.9187091503267973 0.3826593137254902 0.0502450980392157 0.0906862745098039
1 0.8529411764705882 0.2668504901960784 0.0404411764705882 0.0897671568627451
1 0.8125000000000000 0.2674632352941176 0.0392156862745098 0.0888480392156863
1 0.7401960784313726 0.2686887254901961 0.0833333333333333 0.0916053921568627
1 0.9685457516339869 0.3838848039215687 0.0473856209150327 0.0916053921568627
1 0.6691176470588235 0.2677696078431372 0.0465686274509804 0.0900735294117647
1 0.6184640522875817 0.2686887254901961 0.0543300653594771 0.0891544117647059
1 0.5559640522875817 0.2708333333333333 0.0473856209150327 0.0857843137254902
1 0.9901960784313726 0.1602328431372549 0.0204248366013072 0.0738357843137255
1 0.9628267973856209 0.1608455882352941 0.0330882352941176 0.0738357843137255
1 0.9260620915032680 0.1608455882352941 0.0392156862745098 0.0723039215686275
1 0.8892973856209150 0.1626838235294118 0.0359477124183007 0.0753676470588235
1 0.8533496732026143 0.1614583333333333 0.0343137254901961 0.0787377450980392
1 0.7924836601307189 0.1608455882352941 0.0477941176470588 0.0772058823529412
1 0.7303921568627451 0.1605392156862745 0.0477941176470588 0.0772058823529412
1 0.6817810457516340 0.1608455882352941 0.0469771241830065 0.0772058823529412
1 0.0191993464052288 0.0542279411764706 0.0383986928104575 0.1063112745098039
1 0.0735294117647059 0.0530024509803922 0.0665849673202614 0.1044730392156863
1 0.0290032679738562 0.1896446078431372 0.0567810457516340 0.1204044117647059
1 0.7847222222222222 0.3823529411764706 0.0343137254901961 0.0885416666666667
1 0.8729575163398693 0.3829656862745098 0.0420751633986928 0.0919117647058824
1 0.8272058823529411 0.3814338235294117 0.0490196078431373 0.0906862745098039
1 0.7267156862745098 0.3820465686274510 0.0849673202614379 0.0888480392156863
1 0.6548202614379085 0.3826593137254902 0.0563725490196078 0.0891544117647059
1 0.5984477124183006 0.3835784313725490 0.0522875816993464 0.0909926470588235
1 0.5477941176470589 0.3820465686274510 0.0465686274509804 0.0925245098039216
1 0.4869281045751634 0.3345588235294117 0.0563725490196078 0.1044730392156863
1 0.4268790849673202 0.3345588235294117 0.0625000000000000 0.1004901960784314
1 0.3651960784313725 0.3357843137254902 0.0620915032679739 0.1023284313725490
1 0.3075980392156863 0.3342524509803921 0.0522875816993464 0.0958946078431373
1 0.0306372549019608 0.3311887254901961 0.0588235294117647 0.1133578431372549
1 0.1948529411764706 0.3333333333333333 0.0543300653594771 0.0965073529411765
1 0.1421568627450980 0.3342524509803921 0.0510620915032680 0.0962009803921569
1 0.0906862745098039 0.3226102941176471 0.0535130718954248 0.1179534313725490
1 0.9330065359477124 0.0640318627450980 0.0400326797385621 0.0781250000000000
1 0.9746732026143791 0.0634191176470588 0.0433006535947712 0.0796568627450980
1 0.2520424836601307 0.3342524509803921 0.0596405228758170 0.0958946078431373
