1 0.2683593750000000 0.3447916666666667 0.0640625000000000 0.0578125000000000
1 0.2691406250000000 0.4593750000000000 0.0621093750000000 0.0489583333333333
1 0.3125000000000000 0.3895833333333333 0.0187500000000000 0.0671875000000000
1 0.3125000000000000 0.3197916666666666 0.0226562500000000 0.0713541666666667
1 0.3332031250000000 0.3208333333333334 0.0183593750000000 0.0692708333333333
1 0.2691406250000000 0.4046875000000000 0.0640625000000000 0.0541666666666667
1 0.0230468750000000 0.1265625000000000 0.0250000000000000 0.0755208333333333
1 0.3128906250000000 0.4557291666666667 0.0195312500000000 0.0619791666666667
1 0.3328125000000000 0.4552083333333333 0.0191406250000000 0.0609375000000000
1 0.3757812500000000 0.3411458333333333 0.0613281250000000 0.1031250000000000
1 0.3742187500000000 0.4406250000000000 0.0597656250000000 0.0927083333333333
1 0.4363281250000000 0.3437500000000000 0.0578125000000000 0.1010416666666667
1 0.2656250000000000 0.2838541666666667 0.0628906250000000 0.0578125000000000
1 0.4976562500000000 0.3447916666666667 0.0578125000000000 0.1005208333333333
1 0.4367187500000000 0.4411458333333333 0.0566406250000000 0.0921875000000000
1 0.4968750000000000 0.4416666666666667 0.0562500000000000 0.0895833333333333
1 0.3332031250000000 0.3901041666666666 0.0183593750000000 0.0661458333333333
1 0.2050781250000000 0.4578125000000000 0.0640625000000000 0.0515625000000000
1 0.3605468750000000 0.5843750000000000 0.0648437500000000 0.0822916666666667
1 0.2035156250000000 0.3432291666666666 0.0625000000000000 0.0593750000000000
1 0.6031250000000000 0.5890625000000000 0.0488281250000000 0.1098958333333333
1 0.5328125000000000 0.6312500000000000 0.0898437500000000 0.1020833333333333
1 0.4414062500000000 0.6359375000000000 0.0894531250000000 0.1046875000000000
1 0.3601562500000000 0.6640625000000000 0.0660156250000000 0.0760416666666667
1 0.8406250000000000 0.1630208333333333 0.0230468750000000 0.0593750000000000
1 0.8210937500000000 0.1614583333333333 0.0160156250000000 0.0609375000000000
1 0.8019531250000000 0.1635416666666667 0.0199218750000000 0.0630208333333333
1 0.7214843750000000 0.2135416666666667 0.0699218750000000 0.0723958333333333
1 0.6375000000000000 0.2041666666666667 0.0488281250000000 0.0864583333333333
1 0.5808593750000000 0.2005208333333333 0.0617187500000000 0.0979166666666667
1 0.2039062500000000 0.4031250000000000 0.0632812500000000 0.0562500000000000
1 0.4324218750000000 0.1958333333333333 0.0652343750000000 0.0979166666666667
1 0.3671875000000000 0.2109375000000000 0.0214843750000000 0.0682291666666667
1 0.3441406250000000 0.2109375000000000 0.0226562500000000 0.0723958333333333
1 0.3222656250000000 0.2109375000000000 0.0187500000000000 0.0718750000000000
1 0.3019531250000000 0.2020833333333333 0.0191406250000000 0.0750000000000000
1 0.2808593750000000 0.2036458333333333 0.0222656250000000 0.0729166666666667
1 0.2574218750000000 0.1994791666666667 0.0199218750000000 0.0729166666666667
1 0.2351562500000000 0.1984375000000000 0.0191406250000000 0.0755208333333333
1 0.8511718750000000 0.2255208333333333 0.0187500000000000 0.0604166666666667
1 0.8933593750000000 0.2093750000000000 0.0613281250000000 0.0911458333333333
1 0.1320312500000000 0.4229166666666667 0.0785156250000000 0.1239583333333333
1 0.3886718750000000 0.2109375000000000 0.0183593750000000 0.0656250000000000
1 0.5589843750000000 0.3500000000000000 0.0605468750000000 0.0572916666666667
1 0.9734375000000000 0.4187500000000000 0.0539062500000000 0.0447916666666667
1 0.1957031250000000 0.1546875000000000 0.0589843750000000 0.0494791666666667
1 0.6195312500000000 0.4072916666666667 0.0589843750000000 0.0531250000000000
1 0.5570312500000000 0.4062500000000000 0.0582031250000000 0.0557291666666667
1 0.8589843750000000 0.3572916666666667 0.0574218750000000 0.0510416666666667
1 0.8644531250000000 0.3020833333333333 0.0601562500000000 0.0541666666666667
1 0.7992187500000000 0.3557291666666667 0.0585937500000000 0.0541666666666667
1 0.7390625000000000 0.3567708333333333 0.0589843750000000 0.0552083333333333
1 0.8035156250000000 0.3000000000000000 0.0558593750000000 0.0541666666666667
1 0.7425781250000000 0.2984375000000000 0.0605468750000000 0.0567708333333333
1 0.6804687500000000 0.3520833333333334 0.0566406250000000 0.0526041666666667
1 0.6812500000000000 0.2979166666666667 0.0578125000000000 0.0572916666666667
1 0.6199218750000000 0.3520833333333334 0.0582031250000000 0.0546875000000000
1 0.8101562500000000 0.2255208333333333 0.0187500000000000 0.0583333333333333
1 0.6574218750000000 0.5890625000000000 0.0636718750000000 0.1052083333333333
1 0.1878906250000000 0.2098958333333333 0.0679687500000000 0.0546875000000000
1 0.1406250000000000 0.1958333333333333 0.0226562500000000 0.0734375000000000
1 0.1171875000000000 0.1963541666666667 0.0207031250000000 0.0739583333333333
1 0.0808593750000000 0.1854166666666667 0.0453125000000000 0.0958333333333333
1 0.0468750000000000 0.2000000000000000 0.0156250000000000 0.0666666666666667
1 0.0253906250000000 0.1973958333333333 0.0242187500000000 0.0661458333333333
1 0.6792968750000000 0.4093750000000000 0.0554687500000000 0.0567708333333333
1 0.6191406250000000 0.2942708333333333 0.0605468750000000 0.0578125000000000
1 0.7382812500000000 0.4114583333333333 0.0609375000000000 0.0520833333333333
1 0.6171875000000000 0.4614583333333334 0.0593750000000000 0.0484375000000000
1 0.2906250000000000 0.6239583333333333 0.0687500000000000 0.1161458333333333
1 0.2226562500000000 0.6770833333333334 0.0664062500000000 0.0817708333333333
1 0.2207031250000000 0.5932291666666667 0.0625000000000000 0.0822916666666667
1 0.1351562500000000 0.6854166666666667 0.1042968750000000 0.0703125000000000
1 0.1347656250000000 0.6072916666666667 0.1070312500000000 0.0739583333333333
1 0.0437500000000000 0.6515625000000000 0.0742187500000000 0.1046875000000000
1 0.9699218750000000 0.4671875000000000 0.0609375000000000 0.0489583333333333
1 0.0476562500000000 0.1286458333333333 0.0207031250000000 0.0765625000000000
1 0.9738281250000000 0.3692708333333333 0.0523437500000000 0.0500000000000000
1 0.9746093750000000 0.3171875000000000 0.0496093750000000 0.0536458333333333
1 0.9136718750000000 0.4473958333333333 0.0500000000000000 0.0890625000000000
1 0.0804687500000000 0.8786458333333333 0.0847656250000000 0.1307291666666667
1 0.9207031250000000 0.3515625000000000 0.0511718750000000 0.1010416666666667
1 0.8570312500000000 0.4645833333333333 0.0570312500000000 0.0494791666666667
1 0.8562500000000000 0.4119791666666667 0.0539062500000000 0.0531250000000000
1 0.7972656250000000 0.4645833333333333 0.0562500000000000 0.0520833333333333
1 0.7972656250000000 0.4104166666666667 0.0550781250000000 0.0536458333333333
1 0.7378906250000000 0.4635416666666667 0.0582031250000000 0.0473958333333333
1 0.6781250000000000 0.4630208333333333 0.0570312500000000 0.0494791666666667
1 0.5570312500000000 0.4588541666666667 0.0582031250000000 0.0500000000000000
1 0.7183593750000000 0.5885416666666666 0.0531250000000000 0.1057291666666667
1 0.2347656250000000 0.8750000000000000 0.0761718750000000 0.1302083333333333
1 0.9296875000000000 0.6364583333333333 0.0726562500000000 0.1072916666666667
1 0.3152343750000000 0.8734375000000000 0.0738281250000000 0.1328125000000000
1 0.6171875000000000 0.7989583333333333 0.1187500000000000 0.1411458333333333
1 0.4914062500000000 0.9161458333333333 0.1277343750000000 0.0520833333333333
1 0.4921875000000000 0.9739583333333334 0.1289062500000000 0.0526041666666667
1 0.6226562500000000 0.9093750000000000 0.1257812500000000 0.0515625000000000
1 0.6203125000000000 0.9682291666666667 0.1214843750000000 0.0562500000000000
1 0.7484375000000000 0.8463541666666666 0.1277343750000000 0.0619791666666667
1 0.7472656250000000 0.9078125000000000 0.1210937500000000 0.0552083333333333
1 0.7441406250000000 0.9640625000000000 0.1187500000000000 0.0531250000000000
1 0.8710937500000000 0.9036458333333334 0.1238281250000000 0.0520833333333333
1 0.8671875000000000 0.9604166666666667 0.1195312500000000 0.0458333333333333
1 0.8070312500000000 0.6140625000000000 0.0722656250000000 0.1364583333333333
1 0.8308593750000000 0.2244791666666667 0.0199218750000000 0.0609375000000000
1 0.7339843750000000 0.7171875000000000 0.0566406250000000 0.0770833333333333
1 0.7949218750000000 0.7182291666666667 0.0597656250000000 0.0708333333333333
1 0.8578125000000000 0.7171875000000000 0.0585937500000000 0.0697916666666667
1 0.9210937500000000 0.7213541666666666 0.0613281250000000 0.0609375000000000
