1 0.0334302325581395 0.1466408268733850 0.0644379844961240 0.0332687338501292
1 0.0431201550387597 0.3133074935400517 0.0862403100775194 0.0368217054263566
1 0.0431201550387597 0.2806847545219638 0.0859980620155039 0.0284237726098191
1 0.0375484496124031 0.2461240310077519 0.0753391472868217 0.0387596899224806
1 0.1281492248062016 0.2428940568475452 0.1053779069767442 0.0310077519379845
1 0.1334786821705426 0.2751937984496124 0.0954457364341085 0.0339147286821705
1 0.1383236434108527 0.3068475452196383 0.1041666666666667 0.0313307493540052
1 0.1979166666666667 0.3065245478036176 0.0157461240310078 0.0335917312661499
1 0.2158430232558139 0.3045865633074936 0.0193798449612403 0.0313307493540052
1 0.1928294573643411 0.2719638242894057 0.0181686046511628 0.0342377260981912
1 0.2131782945736434 0.2726098191214471 0.0215600775193798 0.0355297157622739
1 0.1913759689922481 0.2370801033591731 0.0193798449612403 0.0355297157622739
1 0.2119670542635659 0.2351421188630491 0.0188953488372093 0.0342377260981912
1 0.2662306201550387 0.2567829457364341 0.0775193798449612 0.1023901808785530
1 0.3439922480620155 0.2554909560723514 0.0731589147286822 0.0998062015503876
1 0.4413759689922481 0.2567829457364341 0.0869670542635659 0.0904392764857881
1 0.5031492248062015 0.2551679586563307 0.0377906976744186 0.0859173126614987
1 0.5433624031007752 0.2603359173126615 0.0419089147286822 0.0820413436692506
1 0.5913275193798450 0.2583979328165374 0.0469961240310078 0.0836563307493540
1 0.6375968992248062 0.2580749354005168 0.0455426356589147 0.0833333333333333
1 0.7257751937984496 0.2509689922480620 0.0496608527131783 0.0878552971576227
1 0.8173449612403101 0.3023255813953488 0.1223352713178295 0.1298449612403101
1 0.4331395348837209 0.1279069767441861 0.0770348837209302 0.1043281653746770
1 0.4980620155038760 0.1359819121447028 0.0416666666666667 0.0775193798449612
1 0.8347868217054264 0.1453488372093023 0.1325096899224806 0.1382428940568475
1 0.7235949612403101 0.1233850129198966 0.0467538759689922 0.0939922480620155
1 0.6765988372093024 0.1266149870801034 0.0472383720930233 0.0875322997416021
1 0.6310562015503876 0.1282299741602067 0.0433624031007752 0.0917312661498708
1 0.0331879844961240 0.1808785529715762 0.0646802325581395 0.0358527131782946
1 0.1516472868217054 0.4408914728682171 0.0937500000000000 0.0355297157622739
1 0.1523740310077519 0.4085917312661499 0.0932655038759690 0.0290697674418605
1 0.1514050387596899 0.3759689922480620 0.0910852713178295 0.0374677002583979
1 0.2109980620155039 0.4366925064599483 0.0186531007751938 0.0339147286821705
1 0.2294089147286822 0.4366925064599483 0.0179263565891473 0.0345607235142119
1 0.4399224806201550 0.3785529715762274 0.0767926356589147 0.1033591731266150
1 0.3607073643410852 0.3798449612403101 0.0799418604651163 0.0991602067183463
1 0.2093023255813954 0.4053617571059431 0.0191375968992248 0.0287467700258398
1 0.1187015503875969 0.1760335917312661 0.0990794573643411 0.0387596899224806
1 0.1167635658914729 0.1427648578811370 0.1019864341085271 0.0268087855297158
1 0.0302810077519380 0.1130490956072351 0.0588662790697674 0.0345607235142119
1 0.1145833333333333 0.1088501291989664 0.0959302325581395 0.0403746770025840
1 0.2020348837209302 0.1724806201550388 0.0205910852713178 0.0371447028423773
1 0.2298934108527132 0.4053617571059431 0.0208333333333333 0.0303617571059432
1 0.2095445736434109 0.3743540051679586 0.0155038759689922 0.0310077519379845
1 0.2274709302325581 0.3740310077519380 0.0196220930232558 0.0326227390180879
1 0.2819767441860465 0.3833979328165374 0.0789728682170543 0.1052971576227390
1 0.9384689922480620 0.2984496124031008 0.1191860465116279 0.1211240310077519
1 0.1775678294573644 0.1353359173126615 0.0176841085271318 0.0339147286821705
1 0.1969476744186046 0.1346899224806201 0.0208333333333333 0.0342377260981912
1 0.2635658914728682 0.1330749354005168 0.0830910852713178 0.1010981912144703
1 0.3493217054263566 0.1321059431524548 0.0872093023255814 0.0985142118863049
1 0.5852713178294574 0.1311369509043928 0.0491763565891473 0.0849483204134367
1 0.1809593023255814 0.1721576227390181 0.0225290697674419 0.0374677002583979
1 0.5399709302325582 0.1382428940568475 0.0421511627906977 0.0742894056847545
1 0.0649224806201550 0.4047157622739018 0.0731589147286822 0.0339147286821705
1 0.5557170542635659 0.3853359173126615 0.0453003875968992 0.0813953488372093
1 0.7129360465116279 0.7577519379844961 0.0397286821705426 0.0584625322997416
1 0.6727228682170543 0.7603359173126615 0.0375484496124031 0.0591085271317829
1 0.6334786821705426 0.7603359173126615 0.0387596899224806 0.0597545219638243
1 0.5949612403100775 0.7619509043927648 0.0385174418604651 0.0568475452196382
1 0.5574127906976745 0.7609819121447028 0.0380329457364341 0.0587855297157623
1 0.5191375968992248 0.7613049095607235 0.0392441860465116 0.0581395348837209
1 0.4600290697674418 0.7374031007751938 0.0760658914728682 0.1075581395348837
1 0.3827519379844961 0.7364341085271318 0.0777616279069767 0.1036821705426357
1 0.3066860465116279 0.7399870801033591 0.0734011627906977 0.1078811369509044
1 0.2507267441860465 0.7248062015503876 0.0181686046511628 0.0255167958656331
1 0.8023255813953488 0.7128552971576227 0.1187015503875969 0.1094961240310078
1 0.2323158914728682 0.7251291989664083 0.0184108527131783 0.0255167958656331
1 0.2342538759689922 0.7519379844961240 0.0171996124031008 0.0271317829457364
1 0.2516957364341085 0.7810077519379846 0.0186531007751938 0.0293927648578811
1 0.2340116279069767 0.7800387596899225 0.0167151162790698 0.0274547803617571
1 0.1756298449612403 0.7270671834625323 0.0884205426356589 0.0313307493540052
1 0.1782945736434109 0.7564599483204134 0.0947189922480620 0.0226098191214470
1 0.1799903100775194 0.7845607235142119 0.0898740310077519 0.0329457364341085
1 0.0869670542635659 0.7293281653746770 0.0835755813953488 0.0297157622739018
1 0.0884205426356589 0.7587209302325582 0.0859980620155039 0.0277777777777778
1 0.0879360465116279 0.7858527131782945 0.0872093023255814 0.0277777777777778
1 0.0225290697674419 0.7571059431524548 0.0431201550387597 0.0830103359173127
1 0.2529069767441861 0.7529069767441861 0.0188953488372093 0.0300387596899225
1 0.7109980620155039 0.6266149870801033 0.0411821705426357 0.0736434108527132
1 0.9181201550387597 0.7102713178294574 0.1107073643410853 0.1052971576227390
1 0.9043120155038760 0.8404392764857881 0.1065891472868217 0.0930232558139535
1 0.0634689922480620 0.4383074935400517 0.0792151162790698 0.0306847545219638
1 0.9508236434108527 0.1411498708010336 0.0981104651162791 0.1337209302325581
1 0.2596899224806202 0.8921188630490956 0.0164728682170543 0.0232558139534884
1 0.2582364341085271 0.8659560723514211 0.0147771317829457 0.0232558139534884
1 0.2562984496124031 0.8381782945736435 0.0186531007751938 0.0300387596899225
1 0.2051841085271318 0.8391472868217055 0.0833333333333333 0.0319767441860465
1 0.2076065891472868 0.8659560723514211 0.0874515503875969 0.0216408268733850
1 0.2078488372093023 0.8911498708010336 0.0867248062015504 0.0281007751937985
1 0.1170058139534884 0.8394702842377261 0.0850290697674419 0.0316537467700258
1 0.1187015503875969 0.8659560723514211 0.0876937984496124 0.0216408268733850
1 0.7957848837209303 0.8410852713178295 0.1041666666666667 0.0972222222222222
1 0.1196705426356589 0.8917958656330749 0.0867248062015504 0.0268087855297158
1 0.4694767441860465 0.8514211886304910 0.0738856589147287 0.0794573643410853
1 0.3924418604651163 0.8552971576227391 0.0811531007751938 0.0855943152454780
1 0.3132267441860465 0.8546511627906976 0.0775193798449612 0.0846253229974160
1 0.5242248062015504 0.8617571059431525 0.0358527131782946 0.0675064599483204
1 0.5637112403100775 0.8617571059431525 0.0380329457364341 0.0649224806201550
1 0.5985949612403101 0.8604651162790697 0.0322189922480620 0.0633074935400517
1 0.6354166666666666 0.8575581395348837 0.0406976744186047 0.0687984496124031
1 0.6734496124031008 0.8575581395348837 0.0356104651162791 0.0668604651162791
1 0.7122093023255814 0.8562661498708011 0.0382751937984496 0.0697674418604651
1 0.9830426356589147 0.8349483204134367 0.0343992248062015 0.0962532299741602
1 0.0365794573643411 0.8617571059431525 0.0697674418604651 0.0868863049095607
1 0.5053294573643411 0.3863049095607235 0.0436046511627907 0.0691214470284238
1 0.6710271317829457 0.6304909560723514 0.0392441860465116 0.0649224806201550
1 0.5893895348837209 0.6314599483204134 0.0380329457364341 0.0594315245478036
1 0.5092054263565892 0.5138888888888888 0.0394864341085271 0.0762273901808786
1 0.4471899224806202 0.4996770025839793 0.0787306201550388 0.0965762273901809
1 0.3667635658914729 0.5019379844961240 0.0830910852713178 0.1001291989664083
1 0.2848837209302326 0.5071059431524548 0.0702519379844961 0.1017441860465116
1 0.2344961240310078 0.4964470284237726 0.0176841085271318 0.0313307493540052
1 0.2168120155038760 0.4967700258397933 0.0159883720930233 0.0319767441860465
1 0.2361918604651163 0.5281007751937985 0.0155038759689922 0.0303617571059432
1 0.2197189922480620 0.5268087855297158 0.0147771317829457 0.0287467700258398
1 0.2369186046511628 0.5578165374677002 0.0157461240310078 0.0303617571059432
1 0.2202034883720930 0.5581395348837209 0.0174418604651163 0.0303617571059432
1 0.5491763565891473 0.5132428940568475 0.0406976744186047 0.0765503875968992
1 0.1635174418604651 0.4987080103359173 0.0906007751937984 0.0381136950904393
1 0.1661821705426356 0.5584625322997416 0.0927810077519380 0.0345607235142119
1 0.0680717054263566 0.4996770025839793 0.0935077519379845 0.0335917312661499
1 0.0685562015503876 0.5310077519379846 0.0959302325581395 0.0274547803617571
1 0.0707364341085271 0.5620155038759690 0.0915697674418605 0.0322997416020672
1 0.9348352713178295 0.4428294573643411 0.1300872093023256 0.1059431524547804
1 0.8103197674418605 0.4467054263565892 0.1206395348837209 0.1136950904392765
1 0.7202034883720930 0.3795219638242894 0.0469961240310078 0.0801033591731266
1 0.6773255813953488 0.3811369509043928 0.0392441860465116 0.0775193798449612
1 0.6346899224806202 0.3846899224806202 0.0450581395348837 0.0813953488372093
1 0.5944767441860465 0.3817829457364341 0.0319767441860465 0.0817183462532300
1 0.1652131782945736 0.5290697674418605 0.0942344961240310 0.0245478036175711
1 0.6298449612403101 0.6301679586563308 0.0423934108527132 0.0620155038759690
1 0.5828488372093024 0.5161498708010336 0.0268895348837209 0.0713824289405685
1 0.6780523255813954 0.5074289405684754 0.0426356589147287 0.0775193798449612
1 0.5513565891472868 0.6317829457364341 0.0382751937984496 0.0613695090439276
1 0.5104166666666666 0.6337209302325582 0.0399709302325581 0.0571705426356589
1 0.4474321705426357 0.6172480620155039 0.0702519379844961 0.0972222222222222
1 0.3718507751937984 0.6191860465116279 0.0789728682170543 0.0894702842377261
1 0.2945736434108527 0.6230620155038760 0.0738856589147287 0.0975452196382429
1 0.2451550387596899 0.6201550387596899 0.0196220930232558 0.0319767441860465
1 0.2265019379844961 0.6214470284237726 0.0174418604651163 0.0300387596899225
1 0.2461240310077519 0.6501937984496124 0.0196220930232558 0.0264857881136951
1 0.2274709302325581 0.6498708010335917 0.0179263565891473 0.0271317829457364
1 0.2434593023255814 0.6792635658914729 0.0196220930232558 0.0319767441860465
1 0.6315406976744186 0.5045219638242894 0.0402131782945736 0.0687984496124031
1 0.2257751937984496 0.6799095607235142 0.0162306201550388 0.0306847545219638
1 0.1717538759689922 0.6802325581395349 0.0893895348837209 0.0284237726098191
1 0.1712693798449612 0.6498708010335917 0.0891472868217054 0.0300387596899225
1 0.1686046511627907 0.6224160206718347 0.0956879844961240 0.0271317829457364
1 0.0767926356589147 0.6243540051679587 0.0862403100775194 0.0306847545219638
1 0.0794573643410853 0.6527777777777778 0.0913275193798450 0.0264857881136951
1 0.0792151162790698 0.6808785529715762 0.0927810077519380 0.0287467700258398
1 0.0164728682170543 0.6492248062015504 0.0329457364341085 0.0927002583979328
1 0.9278100775193798 0.5742894056847545 0.1138565891472868 0.1033591731266150
1 0.8088662790697675 0.5791343669250646 0.1233042635658915 0.1117571059431525
1 0.7204457364341085 0.5064599483204134 0.0423934108527132 0.0768733850129199
1 0.1654554263565891 0.5998062015503876 0.0893895348837209 0.0177648578811370
