1 0.2671232876712329 0.8355769230769231 0.0256849315068493 0.0862980769230769
1 0.4293664383561644 0.8379807692307693 0.0286815068493151 0.0742788461538462
1 0.3788527397260274 0.8348557692307692 0.0316780821917808 0.0608173076923077
1 0.3531678082191781 0.8358173076923077 0.0192636986301370 0.0699519230769231
1 0.3283390410958904 0.8334134615384615 0.0256849315068493 0.0699519230769231
1 0.7654109589041096 0.2600961538461539 0.0214041095890411 0.0927884615384615
1 0.1155821917808219 0.8324519230769231 0.0577910958904110 0.1240384615384615
1 0.8621575342465754 0.5377403846153846 0.0325342465753425 0.0939903846153846
1 0.2097602739726027 0.8420673076923076 0.0325342465753425 0.0920673076923077
1 0.5329623287671232 0.8399038461538462 0.0265410958904110 0.0802884615384615
1 0.4897260273972603 0.8382211538461538 0.0316780821917808 0.0721153846153846
1 0.8154965753424658 0.9420673076923077 0.2401541095890411 0.0209134615384615
1 0.4584760273972603 0.8358173076923077 0.0261130136986301 0.0723557692307692
1 0.9233732876712328 0.3990384615384616 0.0209760273972603 0.0947115384615385
1 0.8274828767123288 0.2605769230769231 0.0321061643835616 0.1163461538461538
1 0.5136986301369864 0.1206730769230769 0.0278253424657534 0.0973557692307692
1 0.4593321917808219 0.1266826923076923 0.0359589041095890 0.1019230769230769
1 0.4019691780821918 0.1201923076923077 0.0303938356164384 0.1009615384615385
1 0.3737157534246575 0.1233173076923077 0.0214041095890411 0.0927884615384615
1 0.3476027397260274 0.1242788461538462 0.0299657534246575 0.0901442307692308
1 0.3154965753424658 0.1125000000000000 0.0226883561643836 0.0887019230769231
1 0.2898116438356164 0.1127403846153846 0.0235445205479452 0.0939903846153846
1 0.2521404109589041 0.1235576923076923 0.0393835616438356 0.1007211538461538
1 0.2084760273972603 0.1213942307692308 0.0303938356164384 0.0961538461538462
1 0.1622431506849315 0.1216346153846154 0.0376712328767123 0.1091346153846154
1 0.1125856164383562 0.1175480769230769 0.0252568493150685 0.1036057692307692
1 0.0804794520547945 0.1254807692307692 0.0214041095890411 0.1002403846153846
1 0.0573630136986301 0.1283653846153846 0.0192636986301370 0.1004807692307692
1 0.0209760273972603 0.1216346153846154 0.0333904109589041 0.0896634615384615
1 0.9297945205479452 0.2632211538461539 0.0363869863013699 0.1062500000000000
1 0.8784246575342466 0.2649038461538462 0.0351027397260274 0.1096153846153846
1 0.5526541095890410 0.8038461538461539 0.0098458904109589 0.0740384615384615
1 0.9863013698630136 0.4086538461538461 0.0278253424657534 0.0882211538461539
1 0.9648972602739726 0.4093750000000000 0.0162671232876712 0.0694711538461538
1 0.9648972602739726 0.5444711538461539 0.0475171232876712 0.0951923076923077
1 0.9041095890410958 0.5427884615384615 0.0342465753424658 0.1014423076923077
1 0.7863869863013698 0.2593750000000000 0.0166952054794521 0.0915865384615385
1 0.5689212328767124 0.8016826923076923 0.0209760273972603 0.0822115384615385
1 0.2367294520547945 0.8384615384615385 0.0214041095890411 0.0894230769230769
1 0.6352739726027398 0.8377403846153846 0.0265410958904110 0.0807692307692308
1 0.1523972602739726 0.6901442307692308 0.0136986301369863 0.0788461538461538
1 0.1399828767123288 0.6923076923076923 0.0102739726027397 0.0786057692307692
1 0.1258561643835616 0.6947115384615384 0.0132705479452055 0.0781250000000000
1 0.1095890410958904 0.6954326923076923 0.0149828767123288 0.0771634615384615
1 0.0903253424657534 0.6983173076923077 0.0201198630136986 0.0781250000000000
1 0.0830479452054795 0.5526442307692307 0.0363869863013699 0.0870192307692308
1 0.1237157534246575 0.5552884615384616 0.0218321917808219 0.0853365384615385
1 0.1455479452054795 0.5519230769230770 0.0218321917808219 0.0831730769230769
1 0.1866438356164384 0.5459134615384615 0.0342465753424658 0.0959134615384615
1 0.2320205479452055 0.5737980769230769 0.0338184931506849 0.0927884615384615
1 0.2577054794520548 0.5677884615384615 0.0196917808219178 0.0906250000000000
1 0.2808219178082192 0.5625000000000000 0.0269691780821918 0.0947115384615385
1 0.3120719178082192 0.5588942307692307 0.0286815068493151 0.0973557692307692
1 0.3685787671232877 0.5310096153846153 0.0201198630136986 0.0901442307692308
1 0.1699486301369863 0.6901442307692308 0.0184075342465753 0.0790865384615385
1 0.3458904109589041 0.5329326923076924 0.0184075342465753 0.0891826923076923
1 0.4088184931506849 0.5444711538461539 0.0171232876712329 0.0754807692307692
1 0.4417808219178082 0.5375000000000000 0.0136986301369863 0.0836538461538461
1 0.4580479452054795 0.5379807692307692 0.0166952054794521 0.0872596153846154
1 0.4931506849315068 0.5389423076923077 0.0162671232876712 0.0841346153846154
1 0.5119863013698630 0.5377403846153846 0.0154109589041096 0.0843750000000000
1 0.5423801369863014 0.5384615384615384 0.0107020547945205 0.0882211538461539
1 0.7718321917808220 0.5298076923076923 0.0128424657534247 0.0877403846153846
1 0.7529965753424658 0.5278846153846154 0.0201198630136986 0.0860576923076923
1 0.7144691780821918 0.5360576923076923 0.0184075342465753 0.0855769230769231
1 0.6956335616438356 0.5355769230769231 0.0179794520547945 0.0846153846153846
1 0.6605308219178082 0.5411057692307693 0.0175513698630137 0.0875000000000000
1 0.6155821917808220 0.5396634615384616 0.0136986301369863 0.0882211538461539
1 0.5971746575342466 0.5396634615384616 0.0111301369863014 0.0882211538461539
1 0.5607876712328768 0.5379807692307692 0.0171232876712329 0.0872596153846154
1 0.3934075342465753 0.5485576923076924 0.0132705479452055 0.0788461538461538
1 0.6040239726027398 0.8449519230769231 0.0291095890410959 0.0831730769230769
1 0.2041952054794521 0.6834134615384615 0.0517979452054795 0.0973557692307692
1 0.2679794520547945 0.6795673076923077 0.0094178082191781 0.0795673076923077
1 0.1489726027397260 0.2711538461538461 0.0372431506849315 0.1100961538461538
1 0.7166095890410958 0.8199519230769231 0.0321061643835616 0.0968750000000000
1 0.7649828767123288 0.8108173076923076 0.0359589041095890 0.0927884615384615
1 0.8424657534246576 0.8100961538461539 0.0419520547945205 0.0915865384615385
1 0.8934075342465754 0.8093750000000000 0.0530821917808219 0.0978365384615385
1 0.9734589041095890 0.7985576923076924 0.0462328767123288 0.0954326923076923
1 0.9785958904109590 0.6769230769230770 0.0136986301369863 0.0692307692307692
1 0.9636130136986302 0.6771634615384615 0.0094178082191781 0.0699519230769231
1 0.9079623287671232 0.6730769230769231 0.0376712328767123 0.0908653846153846
1 0.8557363013698630 0.6834134615384615 0.0321061643835616 0.0908653846153846
1 0.8107876712328768 0.6829326923076923 0.0299657534246575 0.0961538461538462
1 0.7756849315068494 0.6762019230769231 0.0166952054794521 0.0826923076923077
1 0.7542808219178082 0.6781250000000000 0.0218321917808219 0.0788461538461538
1 0.7148972602739726 0.6790865384615384 0.0209760273972603 0.0836538461538461
1 0.2529965753424658 0.6786057692307692 0.0188356164383562 0.0829326923076923
1 0.6960616438356164 0.6834134615384615 0.0136986301369863 0.0800480769230769
1 0.6472602739726028 0.6826923076923077 0.0162671232876712 0.0737980769230769
1 0.6125856164383562 0.6805288461538461 0.0119863013698630 0.0620192307692308
1 0.5911815068493150 0.6850961538461539 0.0171232876712329 0.0711538461538462
1 0.5535102739726028 0.6855769230769231 0.0196917808219178 0.0524038461538462
1 0.5295376712328768 0.6838942307692307 0.0244006849315068 0.0538461538461538
1 0.5034246575342466 0.6810096153846154 0.0244006849315068 0.0632211538461538
1 0.4678938356164384 0.6942307692307692 0.0222602739726027 0.0968750000000000
1 0.4392123287671233 0.6899038461538461 0.0214041095890411 0.0858173076923077
1 0.8107876712328768 0.5418269230769230 0.0299657534246575 0.0995192307692308
1 0.4190924657534247 0.6901442307692308 0.0162671232876712 0.0814903846153846
1 0.3707191780821918 0.6870192307692308 0.0239726027397260 0.0850961538461538
1 0.3497431506849315 0.6865384615384615 0.0171232876712329 0.0836538461538461
1 0.3176369863013699 0.6882211538461539 0.0179794520547945 0.0798076923076923
1 0.2958047945205479 0.6865384615384615 0.0179794520547945 0.0814903846153846
1 0.6699486301369864 0.6951923076923077 0.0184075342465753 0.0740384615384615
1 0.6695205479452054 0.8367788461538461 0.0385273972602740 0.0862980769230769
1 0.2452910958904110 0.4233173076923077 0.0162671232876712 0.0896634615384615
1 0.6673801369863014 0.4038461538461539 0.0175513698630137 0.0877403846153846
1 0.5158390410958904 0.2629807692307692 0.0141267123287671 0.0937500000000000
1 0.5012842465753424 0.2629807692307692 0.0158390410958904 0.0939903846153846
1 0.4683219178082192 0.2651442307692308 0.0372431506849315 0.1055288461538462
1 0.4195205479452055 0.2627403846153846 0.0346746575342466 0.1040865384615385
1 0.3728595890410959 0.2550480769230769 0.0158390410958904 0.0978365384615385
1 0.3570205479452055 0.2567307692307692 0.0205479452054795 0.0995192307692308
1 0.2508561643835616 0.2526442307692308 0.0415239726027397 0.1170673076923077
1 0.2213184931506849 0.2574519230769231 0.0154109589041096 0.0959134615384615
1 0.1952054794520548 0.2901442307692308 0.0333904109589041 0.0918269230769231
1 0.2696917808219178 0.4209134615384615 0.0312500000000000 0.0925480769230769
1 0.3125000000000000 0.4093750000000000 0.0124143835616438 0.0836538461538461
1 0.3300513698630137 0.4103365384615384 0.0162671232876712 0.0882211538461539
1 0.3664383561643836 0.4151442307692308 0.0158390410958904 0.0906250000000000
1 0.3827054794520548 0.4146634615384616 0.0171232876712329 0.0918269230769231
1 0.4546232876712329 0.4134615384615384 0.0265410958904110 0.0848557692307692
1 0.4961472602739726 0.4093750000000000 0.0184075342465753 0.0862980769230769
1 0.5128424657534246 0.4076923076923077 0.0171232876712329 0.0877403846153846
1 0.1939212328767123 0.4278846153846154 0.0222602739726027 0.0939903846153846
1 0.2273116438356164 0.4230769230769231 0.0158390410958904 0.0889423076923077
1 0.0971746575342466 0.2656250000000000 0.0535102739726027 0.1110576923076923
1 0.8600171232876712 0.4144230769230769 0.0286815068493151 0.0889423076923077
1 0.8189212328767124 0.4069711538461538 0.0291095890410959 0.0913461538461538
1 0.7923801369863014 0.4117788461538461 0.0214041095890411 0.0903846153846154
1 0.5650684931506850 0.2694711538461538 0.0128424657534247 0.0947115384615385
1 0.7615582191780822 0.4064903846153846 0.0188356164383562 0.0853365384615385
1 0.6947773972602740 0.4098557692307692 0.0158390410958904 0.0822115384615385
1 0.6481164383561644 0.4069711538461538 0.0179794520547945 0.0860576923076923
1 0.6279965753424658 0.4192307692307692 0.0162671232876712 0.0867788461538462
1 0.6048801369863014 0.4216346153846154 0.0265410958904110 0.0836538461538461
1 0.5680650684931506 0.4129807692307692 0.0149828767123288 0.0887019230769231
1 0.5505136986301370 0.4129807692307692 0.0184075342465753 0.0884615384615385
1 0.7140410958904110 0.4060096153846154 0.0188356164383562 0.0867788461538462
1 0.5843321917808220 0.2420673076923077 0.0209760273972603 0.0764423076923077
1 0.2958047945205479 0.2612980769230769 0.0269691780821918 0.1103365384615385
1 0.6267123287671232 0.2653846153846154 0.0141267123287671 0.0937500000000000
1 0.1395547945205479 0.4290865384615384 0.0179794520547945 0.0939903846153846
1 0.1708047945205479 0.4276442307692307 0.0201198630136986 0.0884615384615385
1 0.0346746575342466 0.2651442307692308 0.0385273972602740 0.1076923076923077
1 0.6100171232876712 0.2649038461538462 0.0158390410958904 0.0951923076923077
1 0.7119006849315068 0.2625000000000000 0.0329623287671233 0.1048076923076923
1 0.6703767123287672 0.2617788461538462 0.0372431506849315 0.0987980769230769
1 0.5599315068493150 0.1170673076923077 0.0154109589041096 0.0975961538461538
1 0.1181506849315068 0.4281250000000000 0.0188356164383562 0.0896634615384615
1 0.6104452054794520 0.1264423076923077 0.0166952054794521 0.1016826923076923
1 0.6331335616438356 0.1274038461538461 0.0184075342465753 0.0939903846153846
1 0.5787671232876712 0.1189903846153846 0.0136986301369863 0.0961538461538462
1 0.7119006849315068 0.1302884615384615 0.0372431506849315 0.0959134615384615
1 0.9648972602739726 0.2600961538461539 0.0291095890410959 0.1000000000000000
1 0.9807363013698630 0.1125000000000000 0.0389554794520548 0.1072115384615385
1 0.9267979452054794 0.1194711538461539 0.0316780821917808 0.1098557692307692
1 0.8839897260273972 0.1067307692307692 0.0329623287671233 0.0987980769230769
1 0.6678082191780822 0.1286057692307692 0.0308219178082192 0.1084134615384615
1 0.8356164383561644 0.1153846153846154 0.0402397260273973 0.1064903846153846
1 0.0787671232876712 0.4209134615384615 0.0231164383561644 0.0901442307692308
1 0.7577054794520548 0.1250000000000000 0.0282534246575342 0.0937500000000000
1 0.7825342465753424 0.1254807692307692 0.0175513698630137 0.0954326923076923
