1 0.9215686274509803 0.7536764705882353 0.0334967320261438 0.0134803921568627
1 0.9211601307189542 0.7401960784313726 0.0343137254901961 0.0128676470588235
1 0.9215686274509803 0.7270220588235294 0.0339052287581699 0.0128676470588235
1 0.0302287581699346 0.6127450980392157 0.0477941176470588 0.0842524509803922
1 0.0837418300653595 0.6112132352941176 0.0563725490196078 0.0796568627450980
1 0.1311274509803922 0.6112132352941176 0.0285947712418301 0.0833333333333333
1 0.1683006535947713 0.6155024509803921 0.0469771241830065 0.0925245098039216
1 0.2132352941176471 0.6173406862745098 0.0428921568627451 0.0885416666666667
1 0.2495915032679739 0.6182598039215687 0.0281862745098039 0.0894607843137255
1 0.2888071895424836 0.6179534313725490 0.0490196078431373 0.0943627450980392
1 0.3329248366013072 0.6179534313725490 0.0404411764705882 0.0949754901960784
1 0.3745915032679739 0.6197916666666666 0.0404411764705882 0.0958946078431373
1 0.4125816993464052 0.6182598039215687 0.0347222222222222 0.0940563725490196
1 0.4660947712418301 0.6084558823529411 0.0490196078431373 0.0661764705882353
1 0.5453431372549019 0.6197916666666666 0.0535130718954248 0.0934436274509804
1 0.5935457516339869 0.6145833333333334 0.0408496732026144 0.0824142156862745
1 0.6299019607843137 0.6133578431372549 0.0314542483660131 0.0830269607843137
1 0.6683006535947712 0.6170343137254902 0.0449346405228758 0.0891544117647059
1 0.7553104575163399 0.6204044117647058 0.0498366013071895 0.0922181372549020
1 0.8137254901960784 0.6222426470588235 0.0669934640522876 0.0912990196078431
1 0.8750000000000000 0.6234681372549019 0.0563725490196078 0.0937500000000000
1 0.9489379084967320 0.6246936274509803 0.0461601307189543 0.0962009803921569
1 0.0245098039215686 0.5073529411764706 0.0461601307189543 0.0916053921568627
1 0.0682189542483660 0.5073529411764706 0.0424836601307190 0.0928308823529412
1 0.1915849673202615 0.5079656862745098 0.0445261437908497 0.0851715686274510
1 0.7185457516339869 0.7254901960784313 0.0494281045751634 0.0787377450980392
1 0.6654411764705882 0.7227328431372549 0.0592320261437908 0.0738357843137255
1 0.5837418300653595 0.7254901960784313 0.1017156862745098 0.0664828431372549
1 0.4914215686274510 0.7208946078431373 0.0310457516339869 0.0756740196078431
1 0.0588235294117647 0.8943014705882353 0.0678104575163399 0.0695465686274510
1 0.1368464052287582 0.8961397058823529 0.0870098039215686 0.0710784313725490
1 0.2124183006535948 0.9096200980392157 0.0543300653594771 0.0438112745098039
1 0.2773692810457516 0.9016544117647058 0.0535130718954248 0.0453431372549020
1 0.3937908496732026 0.9019607843137255 0.0661764705882353 0.0594362745098039
1 0.4542483660130719 0.9227941176470589 0.0375816993464052 0.0300245098039216
1 0.4963235294117647 0.9221813725490197 0.0428921568627451 0.0306372549019608
1 0.5547385620915033 0.8909313725490197 0.0702614379084967 0.0502450980392157
1 0.6250000000000000 0.9267769607843137 0.0449346405228758 0.0214460784313725
1 0.7908496732026143 0.9068627450980392 0.0294117647058824 0.0349264705882353
1 0.8333333333333334 0.9120710784313726 0.0502450980392157 0.0465686274509804
1 0.9403594771241830 0.8844975490196079 0.0482026143790850 0.0242034313725490
1 0.3026960784313725 0.5015318627450981 0.0371732026143791 0.0732230392156863
1 0.9407679738562091 0.9105392156862745 0.0494281045751634 0.0275735294117647
1 0.2120098039215686 0.8140318627450981 0.0686274509803922 0.0618872549019608
1 0.2839052287581699 0.8158700980392157 0.0718954248366013 0.0637254901960784
1 0.5367647058823529 0.8305759803921569 0.0927287581699346 0.0441176470588235
1 0.6356209150326797 0.8213848039215687 0.0543300653594771 0.0625000000000000
1 0.7745098039215687 0.8207720588235294 0.0396241830065359 0.0128676470588235
1 0.7708333333333334 0.8339460784313726 0.0453431372549020 0.0128676470588235
1 0.7704248366013072 0.8480392156862745 0.0412581699346405 0.0156250000000000
1 0.0580065359477124 0.7221200980392157 0.0755718954248366 0.0692401960784314
1 0.2132352941176471 0.7101715686274510 0.0849673202614379 0.0609681372549020
1 0.2875816993464052 0.7064950980392157 0.0612745098039216 0.0545343137254902
1 0.3504901960784313 0.7248774509803921 0.0694444444444444 0.0686274509803922
1 0.4223856209150327 0.7248774509803921 0.0694444444444444 0.0680147058823529
1 0.0710784313725490 0.8069852941176471 0.0816993464052288 0.0738357843137255
1 0.3897058823529412 0.2723651960784313 0.0359477124183007 0.1053921568627451
1 0.3582516339869281 0.5082720588235294 0.0567810457516340 0.0909926470588235
1 0.4636437908496732 0.5119485294117647 0.0416666666666667 0.0912990196078431
1 0.5902777777777778 0.2830882352941176 0.0428921568627451 0.0928308823529412
1 0.4995915032679739 0.2757352941176471 0.0531045751633987 0.1053921568627451
1 0.5494281045751634 0.2867647058823529 0.0379901960784314 0.0870098039215686
1 0.4489379084967320 0.2751225490196079 0.0473856209150327 0.1066176470588235
1 0.1474673202614379 0.2729779411764706 0.0441176470588235 0.1038602941176471
1 0.1838235294117647 0.2748161764705883 0.0285947712418301 0.1011029411764706
1 0.2205882352941176 0.2748161764705883 0.0449346405228758 0.1004901960784314
1 0.0535130718954248 0.2699142156862745 0.1074346405228758 0.1007965686274510
1 0.0915032679738562 0.1593137254901961 0.1139705882352941 0.1011029411764706
1 0.1842320261437909 0.1556372549019608 0.0535130718954248 0.1020220588235294
1 0.2287581699346405 0.1590073529411765 0.0318627450980392 0.0802696078431373
1 0.2933006535947713 0.1853553921568628 0.0980392156862745 0.0441176470588235
1 0.3656045751633987 0.1393995098039216 0.0469771241830065 0.0493259803921569
1 0.3672385620915033 0.1868872549019608 0.0486111111111111 0.0459558823529412
1 0.4146241830065360 0.1562500000000000 0.0404411764705882 0.1118259803921569
1 0.4530228758169935 0.1740196078431372 0.0339052287581699 0.0811887254901961
1 0.4963235294117647 0.1651348039215686 0.0498366013071895 0.1026348039215686
1 0.5445261437908496 0.1636029411764706 0.0453431372549020 0.0998774509803922
1 0.6327614379084967 0.1804534313725490 0.0743464052287582 0.0686274509803922
1 0.7389705882352942 0.1599264705882353 0.0510620915032680 0.1035539215686275
1 0.7843137254901961 0.1669730392156863 0.0334967320261438 0.0931372549019608
1 0.8263888888888888 0.1614583333333333 0.0477941176470588 0.1050857843137255
1 0.8709150326797386 0.1617647058823529 0.0392156862745098 0.1060049019607843
1 0.9195261437908496 0.1623774509803922 0.0539215686274510 0.1017156862745098
1 0.9673202614379085 0.1617647058823529 0.0412581699346405 0.1007965686274510
1 0.6286764705882353 0.2837009803921569 0.0330882352941176 0.0949754901960784
1 0.6858660130718954 0.2791053921568628 0.0449346405228758 0.1096813725490196
1 0.7246732026143791 0.2797181372549020 0.0326797385620915 0.1044730392156863
1 0.7569444444444444 0.2791053921568628 0.0339052287581699 0.1050857843137255
1 0.5102124183006536 0.5125612745098039 0.0539215686274510 0.0922181372549020
1 0.5784313725490197 0.5131740196078431 0.0392156862745098 0.0912990196078431
1 0.6776960784313726 0.5070465686274510 0.0477941176470588 0.0857843137254902
1 0.7230392156862745 0.5088848039215687 0.0437091503267974 0.0900735294117647
1 0.7761437908496732 0.5094975490196079 0.0616830065359477 0.0885416666666667
1 0.8370098039215687 0.5137867647058824 0.0588235294117647 0.0971200980392157
1 0.0604575163398693 0.3909313725490196 0.0580065359477124 0.1026348039215686
1 0.1090686274509804 0.3967524509803921 0.0408496732026144 0.0906862745098039
1 0.1535947712418301 0.3952205882352941 0.0449346405228758 0.0894607843137255
1 0.1997549019607843 0.3973651960784313 0.0477941176470588 0.0870098039215686
1 0.2479575163398693 0.3967524509803921 0.0441176470588235 0.0860906862745098
1 0.2924836601307190 0.3973651960784313 0.0449346405228758 0.0870098039215686
1 0.4154411764705883 0.5110294117647058 0.0510620915032680 0.0955882352941176
1 0.3366013071895425 0.3967524509803921 0.0428921568627451 0.0860906862745098
1 0.4991830065359477 0.4001225490196079 0.0437091503267974 0.1001838235294118
1 0.5465686274509803 0.3979779411764706 0.0477941176470588 0.0958946078431373
1 0.6356209150326797 0.4004289215686275 0.0457516339869281 0.0983455882352941
1 0.7352941176470589 0.3992034313725490 0.1503267973856209 0.0983455882352941
1 0.8321078431372549 0.4028799019607843 0.0396241830065359 0.0937500000000000
1 0.8700980392156863 0.4044117647058824 0.0343137254901961 0.0949754901960784
1 0.9146241830065359 0.4031862745098039 0.0535130718954248 0.0971200980392157
1 0.9697712418300654 0.4022671568627451 0.0555555555555556 0.0946691176470588
1 0.9652777777777778 0.2763480392156863 0.0727124183006536 0.1093750000000000
1 0.8848039215686274 0.2794117647058824 0.0490196078431373 0.1078431372549020
1 0.8464052287581699 0.2787990196078431 0.0269607843137255 0.1093750000000000
1 0.8051470588235294 0.2791053921568628 0.0563725490196078 0.1109068627450980
1 0.4256535947712418 0.3973651960784313 0.0539215686274510 0.0949754901960784
1 0.3010620915032680 0.2821691176470588 0.0371732026143791 0.0879289215686275
1 0.2369281045751634 0.5088848039215687 0.0441176470588235 0.0873161764705882
