1 0.5082720588235294 0.2095588235294118 0.0257352941176471 0.0984477124183007
1 0.5450367647058824 0.5980392156862745 0.0214460784313725 0.0890522875816993
1 0.7248774509803921 0.2095588235294118 0.0235906862745098 0.0984477124183007
1 0.7003676470588235 0.2095588235294118 0.0242034313725490 0.0947712418300654
1 0.6746323529411765 0.2087418300653595 0.0257352941176471 0.0931372549019608
1 0.9362745098039216 0.7263071895424836 0.0199142156862745 0.1013071895424837
1 0.9129901960784313 0.7336601307189542 0.0232843137254902 0.0972222222222222
1 0.8857230392156863 0.7385620915032680 0.0260416666666667 0.1017156862745098
1 0.8547794117647058 0.7418300653594772 0.0309436274509804 0.1017156862745098
1 0.7794117647058824 0.7569444444444444 0.0272671568627451 0.1041666666666667
1 0.7496936274509803 0.7602124183006536 0.0297181372549020 0.1078431372549020
1 0.7463235294117647 0.2087418300653595 0.0177696078431373 0.0959967320261438
1 0.7147671568627451 0.7704248366013072 0.0281862745098039 0.1062091503267974
1 0.6504289215686274 0.2099673202614379 0.0211397058823529 0.0923202614379085
1 0.6274509803921569 0.2107843137254902 0.0232843137254902 0.0951797385620915
1 0.6038602941176471 0.2103758169934641 0.0245098039215686 0.0968137254901961
1 0.5802696078431373 0.2111928104575163 0.0229779411764706 0.0947712418300654
1 0.5536151960784313 0.2128267973856209 0.0183823529411765 0.0915032679738562
1 0.5324754901960784 0.2099673202614379 0.0214460784313725 0.0972222222222222
1 0.4819240196078431 0.2111928104575163 0.0235906862745098 0.1000816993464052
1 0.4552696078431372 0.2116013071895425 0.0278799019607843 0.0992647058823529
1 0.6525735294117647 0.7753267973856209 0.0263480392156863 0.1131535947712418
1 0.6850490196078431 0.7724673202614379 0.0309436274509804 0.1082516339869281
1 0.7653186274509803 0.2062908496732026 0.0193014705882353 0.0951797385620915
1 0.7870710784313726 0.2087418300653595 0.0242034313725490 0.0927287581699346
1 0.8112745098039216 0.2087418300653595 0.0199142156862745 0.0968137254901961
1 0.7294730392156863 0.5747549019607843 0.0186887254901961 0.0919117647058824
1 0.7086397058823529 0.5772058823529411 0.0202205882352941 0.0898692810457516
1 0.6415441176470589 0.5837418300653595 0.0214460784313725 0.0910947712418301
1 0.6639093137254902 0.5829248366013072 0.0226715686274510 0.0935457516339869
1 0.3262867647058824 0.3459967320261438 0.0223651960784314 0.1029411764705882
1 0.3005514705882353 0.3459967320261438 0.0278799019607843 0.1025326797385621
1 0.2699142156862745 0.3455882352941176 0.0291053921568627 0.1074346405228758
1 0.2398897058823529 0.3492647058823529 0.0284926470588235 0.1147875816993464
1 0.2083333333333333 0.3517156862745098 0.0287990196078431 0.1147875816993464
1 0.1783088235294118 0.3496732026143791 0.0284926470588235 0.1147875816993464
1 0.1446078431372549 0.3508986928104575 0.0284926470588235 0.1164215686274510
1 0.1127450980392157 0.3504901960784313 0.0287990196078431 0.1168300653594771
1 0.0808823529411765 0.3529411764705883 0.0287990196078431 0.1168300653594771
1 0.0493259803921569 0.3488562091503268 0.0318627450980392 0.1205065359477124
1 0.9356617647058824 0.2075163398692811 0.0091911764705882 0.0874183006535948
1 0.9252450980392157 0.2062908496732026 0.0113357843137255 0.0853758169934641
1 0.9114583333333334 0.2062908496732026 0.0153186274509804 0.0849673202614379
1 0.8933823529411765 0.2046568627450980 0.0159313725490196 0.0853758169934641
1 0.8740808823529411 0.2046568627450980 0.0189950980392157 0.0886437908496732
1 0.8529411764705882 0.2042483660130719 0.0202205882352941 0.0894607843137255
1 0.8314950980392157 0.2058823529411765 0.0208333333333333 0.0906862745098039
1 0.6234681372549019 0.7814542483660131 0.0312500000000000 0.1135620915032680
1 0.7512254901960784 0.5735294117647058 0.0205269607843137 0.0890522875816993
1 0.5931372549019608 0.7888071895424836 0.0284926470588235 0.1258169934640523
1 0.5220588235294118 0.7961601307189542 0.0284926470588235 0.1319444444444444
1 0.0931372549019608 0.2022058823529412 0.0260416666666667 0.1237745098039216
1 0.3385416666666667 0.6176470588235294 0.0260416666666667 0.1074346405228758
1 0.3639705882352941 0.6102941176470589 0.0242034313725490 0.0984477124183007
1 0.3936887254901961 0.6119281045751634 0.0257352941176471 0.1017156862745098
1 0.4212622549019608 0.6156045751633987 0.0257352941176471 0.0878267973856209
1 0.4460784313725490 0.6086601307189542 0.0226715686274510 0.0894607843137255
1 0.4702818627450980 0.6058006535947712 0.0254289215686275 0.0923202614379085
1 0.4963235294117647 0.6049836601307189 0.0226715686274510 0.0906862745098039
1 0.5180759803921569 0.5972222222222222 0.0156250000000000 0.0845588235294118
1 0.0670955882352941 0.2058823529411765 0.0263480392156863 0.1266339869281046
1 0.4041053921568628 0.2111928104575163 0.0281862745098039 0.1013071895424837
1 0.5949754901960784 0.5927287581699346 0.0205269607843137 0.0910947712418301
1 0.6130514705882353 0.5845588235294118 0.0153186274509804 0.0902777777777778
1 0.6865808823529411 0.5825163398692811 0.0223651960784314 0.0915032679738562
1 0.1185661764705882 0.2050653594771242 0.0238970588235294 0.1192810457516340
1 0.1436887254901961 0.2058823529411765 0.0238970588235294 0.1188725490196078
1 0.1700367647058824 0.2099673202614379 0.0257352941176471 0.1119281045751634
1 0.2000612745098039 0.2075163398692811 0.0330882352941176 0.1094771241830065
1 0.2291666666666667 0.2103758169934641 0.0254289215686275 0.1049836601307190
1 0.2582720588235294 0.2099673202614379 0.0327818627450980 0.1045751633986928
1 0.5704656862745098 0.5955882352941176 0.0238970588235294 0.0902777777777778
1 0.0416666666666667 0.2034313725490196 0.0242034313725490 0.1282679738562091
1 0.3103553921568628 0.6205065359477124 0.0272671568627451 0.1062091503267974
1 0.2812500000000000 0.6254084967320261 0.0284926470588235 0.1037581699346405
1 0.4917279411764706 0.8043300653594772 0.0321691176470588 0.1164215686274510
1 0.4601715686274510 0.8125000000000000 0.0257352941176471 0.1274509803921569
1 0.4301470588235294 0.8182189542483660 0.0346200980392157 0.1168300653594771
1 0.3949142156862745 0.8206699346405228 0.0309436274509804 0.1217320261437908
1 0.3627450980392157 0.8263888888888888 0.0309436274509804 0.1299019607843137
1 0.3275122549019608 0.8361928104575164 0.0382965686274510 0.1184640522875817
1 0.2916666666666667 0.8415032679738562 0.0330882352941176 0.1270424836601307
1 0.2564338235294117 0.8468137254901961 0.0340073529411765 0.1217320261437908
1 0.2156862745098039 0.8570261437908496 0.0370710784313725 0.1360294117647059
1 0.1770833333333333 0.8631535947712419 0.0376838235294118 0.1245915032679739
1 0.1387867647058824 0.8660130718954249 0.0343137254901961 0.1323529411764706
1 0.0879289215686275 0.8778594771241830 0.0407475490196078 0.1262254901960784
1 0.0456495098039216 0.8860294117647058 0.0413602941176471 0.1331699346405229
1 0.0658700980392157 0.6478758169934641 0.0306372549019608 0.1151960784313725
1 0.0989583333333333 0.6466503267973857 0.0327818627450980 0.1098856209150327
1 0.1299019607843137 0.6409313725490197 0.0281862745098039 0.1135620915032680
1 0.1614583333333333 0.6376633986928104 0.0318627450980392 0.1139705882352941
1 0.1930147058823529 0.6335784313725490 0.0306372549019608 0.1053921568627451
1 0.4301470588235294 0.2120098039215686 0.0208333333333333 0.0988562091503268
1 0.2242647058823529 0.6315359477124183 0.0287990196078431 0.1074346405228758
1 0.2524509803921569 0.6294934640522876 0.0235906862745098 0.1062091503267974
1 0.5637254901960784 0.7900326797385621 0.0291053921568627 0.1241830065359477
1 0.2895220588235294 0.2103758169934641 0.0266544117647059 0.1053921568627451
1 0.3216911764705883 0.2095588235294118 0.0355392156862745 0.1037581699346405
1 0.7922794117647058 0.3284313725490196 0.0226715686274510 0.0853758169934641
1 0.4080882352941176 0.3476307189542484 0.0272671568627451 0.0935457516339869
1 0.4344362745098039 0.3472222222222222 0.0229779411764706 0.0910947712418301
1 0.4626225490196079 0.3447712418300654 0.0263480392156863 0.0898692810457516
1 0.4889705882352941 0.3459967320261438 0.0238970588235294 0.0874183006535948
1 0.5134803921568627 0.3419117647058824 0.0226715686274510 0.0927287581699346
1 0.5389093137254902 0.3410947712418301 0.0254289215686275 0.0890522875816993
1 0.5640318627450981 0.3398692810457516 0.0226715686274510 0.0870098039215686
1 0.5867034313725490 0.3402777777777778 0.0223651960784314 0.0870098039215686
1 0.6099877450980392 0.3357843137254902 0.0202205882352941 0.0943627450980392
1 0.6320465686274510 0.3349673202614379 0.0235906862745098 0.0947712418300654
1 0.6559436274509803 0.3349673202614379 0.0226715686274510 0.0951797385620915
1 0.6786151960784313 0.3361928104575164 0.0205269607843137 0.0923202614379085
1 0.7037377450980392 0.3329248366013072 0.0220588235294118 0.0910947712418301
1 0.7242647058823529 0.3325163398692810 0.0199142156862745 0.0931372549019608
1 0.7475490196078431 0.3300653594771242 0.0254289215686275 0.0882352941176471
1 0.7702205882352942 0.3288398692810457 0.0177696078431373 0.0878267973856209
1 0.3057598039215687 0.4779411764705883 0.0272671568627451 0.1000816993464052
1 0.2172181372549020 0.4873366013071895 0.0242034313725490 0.1107026143790850
1 0.1862745098039216 0.4869281045751634 0.0333946078431373 0.1086601307189543
1 0.1534926470588235 0.4906045751633987 0.0272671568627451 0.1102941176470588
1 0.1219362745098039 0.4926470588235294 0.0330882352941176 0.1107026143790850
1 0.0897671568627451 0.4950980392156863 0.0309436274509804 0.1131535947712418
1 0.0579044117647059 0.4955065359477124 0.0333946078431373 0.1135620915032680
1 0.3808210784313725 0.3427287581699346 0.0211397058823529 0.1033496732026144
1 0.9384191176470589 0.3198529411764706 0.0076593137254902 0.0804738562091503
1 0.9139093137254902 0.3210784313725490 0.0162377450980392 0.0821078431372549
1 0.8964460784313726 0.3206699346405229 0.0180759803921569 0.0821078431372549
1 0.8765318627450981 0.3223039215686275 0.0189950980392157 0.0853758169934641
1 0.8544730392156863 0.3227124183006536 0.0235906862745098 0.0878267973856209
1 0.8321078431372549 0.3247549019607843 0.0199142156862745 0.0845588235294118
1 0.8131127450980392 0.3263888888888889 0.0183823529411765 0.0874183006535948
1 0.9283088235294118 0.3206699346405229 0.0104166666666667 0.0816993464052288
1 0.3532475490196079 0.3435457516339869 0.0300245098039216 0.1000816993464052
1 0.3336397058823529 0.4750816993464052 0.0254289215686275 0.1029411764705882
1 0.3590686274509804 0.4758986928104575 0.0235906862745098 0.1029411764705882
1 0.8354779411764706 0.4387254901960784 0.0196078431372549 0.0886437908496732
1 0.8578431372549019 0.4379084967320261 0.0208333333333333 0.0841503267973856
1 0.8768382352941176 0.4375000000000000 0.0156250000000000 0.0845588235294118
1 0.9145220588235294 0.4317810457516340 0.0196078431372549 0.0845588235294118
1 0.9313725490196079 0.4317810457516340 0.0140931372549020 0.0837418300653595
1 0.9338235294117647 0.5539215686274510 0.0134803921568627 0.0878267973856209
1 0.8134191176470589 0.4419934640522876 0.0217524509803922 0.0861928104575163
1 0.9181985294117647 0.5547385620915033 0.0180759803921569 0.0849673202614379
1 0.8802083333333334 0.5567810457516340 0.0174632352941176 0.0923202614379085
1 0.8593750000000000 0.5604575163398693 0.0217524509803922 0.0874183006535948
1 0.8367034313725490 0.5629084967320261 0.0196078431372549 0.0923202614379085
1 0.8158700980392157 0.5669934640522876 0.0196078431372549 0.0853758169934641
1 0.7965686274509803 0.5678104575163399 0.0196078431372549 0.0935457516339869
1 0.7738970588235294 0.5698529411764706 0.0229779411764706 0.0906862745098039
1 0.8998161764705882 0.5571895424836601 0.0196078431372549 0.0898692810457516
1 0.2460171568627451 0.4844771241830065 0.0315563725490196 0.1066176470588235
1 0.7742034313725490 0.4452614379084967 0.0208333333333333 0.0890522875816993
1 0.7291666666666666 0.4481209150326798 0.0226715686274510 0.0894607843137255
1 0.3851102941176471 0.4726307189542484 0.0272671568627451 0.1017156862745098
1 0.4129901960784313 0.4758986928104575 0.0278799019607843 0.0894607843137255
1 0.4402573529411765 0.4738562091503268 0.0251225490196078 0.0886437908496732
1 0.4659926470588235 0.4714052287581699 0.0238970588235294 0.0870098039215686
1 0.4920343137254902 0.4701797385620915 0.0251225490196078 0.0898692810457516
1 0.5165441176470589 0.4673202614379085 0.0242034313725490 0.0878267973856209
1 0.7521446078431373 0.4468954248366013 0.0226715686274510 0.0902777777777778
1 0.5404411764705882 0.4644607843137255 0.0232843137254902 0.0882352941176471
1 0.5885416666666666 0.4616013071895425 0.0232843137254902 0.0829248366013072
1 0.6118259803921569 0.4575163398692810 0.0223651960784314 0.0927287581699346
1 0.6354166666666666 0.4550653594771242 0.0208333333333333 0.0955882352941176
1 0.6587009803921569 0.4534313725490196 0.0242034313725490 0.0906862745098039
1 0.6838235294117647 0.4522058823529412 0.0242034313725490 0.0882352941176471
1 0.7064950980392157 0.4509803921568628 0.0208333333333333 0.0923202614379085
1 0.5643382352941176 0.4632352941176471 0.0235906862745098 0.0857843137254902
1 0.2760416666666667 0.4828431372549020 0.0269607843137255 0.1107026143790850
