1 0.7432291666666667 0.4367187500000000 0.0328125000000000 0.0656250000000000
1 0.8713541666666667 0.4406250000000000 0.0385416666666667 0.0632812500000000
1 0.8333333333333334 0.4414062500000000 0.0343750000000000 0.0628906250000000
1 0.7947916666666667 0.4406250000000000 0.0333333333333333 0.0601562500000000
1 0.7041666666666667 0.4375000000000000 0.0385416666666667 0.0664062500000000
1 0.4937500000000000 0.4320312500000000 0.0380208333333333 0.0660156250000000
1 0.6265625000000000 0.4351562500000000 0.0406250000000000 0.0675781250000000
1 0.5822916666666667 0.4351562500000000 0.0364583333333333 0.0656250000000000
1 0.5406250000000000 0.4339843750000000 0.0427083333333333 0.0667968750000000
1 0.9104166666666667 0.4398437500000000 0.0364583333333333 0.0691406250000000
1 0.4552083333333333 0.4316406250000000 0.0380208333333333 0.0648437500000000
1 0.4151041666666667 0.4304687500000000 0.0380208333333333 0.0664062500000000
1 0.6666666666666666 0.4335937500000000 0.0328125000000000 0.0691406250000000
1 0.9609375000000000 0.4382812500000000 0.0442708333333333 0.0707031250000000
1 0.8114583333333333 0.5429687500000000 0.0380208333333333 0.0675781250000000
1 0.9333333333333333 0.5480468750000000 0.0359375000000000 0.0625000000000000
1 0.2994791666666667 0.5351562500000000 0.0411458333333333 0.0742187500000000
1 0.3453125000000000 0.5355468750000000 0.0463541666666667 0.0726562500000000
1 0.3911458333333334 0.5343750000000000 0.0447916666666667 0.0722656250000000
1 0.4375000000000000 0.5347656250000000 0.0442708333333333 0.0714843750000000
1 0.4781250000000000 0.5363281250000000 0.0390625000000000 0.0714843750000000
1 0.5218750000000000 0.5382812500000000 0.0416666666666667 0.0656250000000000
1 0.5609375000000000 0.5386718750000000 0.0354166666666667 0.0699218750000000
1 0.6015625000000000 0.5398437500000000 0.0437500000000000 0.0660156250000000
1 0.6463541666666667 0.5406250000000000 0.0421875000000000 0.0664062500000000
1 0.6890625000000000 0.5406250000000000 0.0375000000000000 0.0640625000000000
1 0.7307291666666667 0.5414062500000000 0.0354166666666667 0.0679687500000000
1 0.7718750000000000 0.5425781250000000 0.0416666666666667 0.0652343750000000
1 0.3713541666666667 0.4285156250000000 0.0432291666666667 0.0644531250000000
1 0.8546875000000000 0.5441406250000000 0.0416666666666667 0.0644531250000000
1 0.8927083333333333 0.5468750000000000 0.0369791666666667 0.0667968750000000
1 0.9734375000000000 0.5453125000000000 0.0401041666666667 0.0632812500000000
1 0.3260416666666667 0.4281250000000000 0.0375000000000000 0.0679687500000000
1 0.1552083333333333 0.4238281250000000 0.0395833333333333 0.0687500000000000
1 0.2427083333333333 0.4257812500000000 0.0369791666666667 0.0667968750000000
1 0.7979166666666667 0.3320312500000000 0.0406250000000000 0.0734375000000000
1 0.8406250000000000 0.3312500000000000 0.0432291666666667 0.0710937500000000
1 0.8875000000000000 0.3312500000000000 0.0432291666666667 0.0746093750000000
1 0.9343750000000000 0.3355468750000000 0.0437500000000000 0.0675781250000000
1 0.9791666666666666 0.3328125000000000 0.0421875000000000 0.0718750000000000
1 0.9869791666666666 0.2007812500000000 0.0281250000000000 0.0941406250000000
1 0.9515625000000000 0.1972656250000000 0.0296875000000000 0.0984375000000000
1 0.9187500000000000 0.1957031250000000 0.0312500000000000 0.0980468750000000
1 0.8838541666666667 0.1953125000000000 0.0322916666666667 0.1019531250000000
1 0.8484375000000000 0.1945312500000000 0.0354166666666667 0.0976562500000000
1 0.8104166666666667 0.1968750000000000 0.0359375000000000 0.0894531250000000
1 0.9213541666666667 0.8750000000000000 0.0369791666666667 0.0617187500000000
1 0.7359375000000000 0.1941406250000000 0.0348958333333333 0.0925781250000000
1 0.6932291666666667 0.1925781250000000 0.0302083333333333 0.0882812500000000
1 0.6541666666666667 0.1929687500000000 0.0364583333333333 0.0937500000000000
1 0.7546875000000000 0.3296875000000000 0.0421875000000000 0.0710937500000000
1 0.2854166666666667 0.4273437500000000 0.0406250000000000 0.0671875000000000
1 0.7098958333333333 0.3289062500000000 0.0385416666666667 0.0703125000000000
1 0.6218750000000000 0.3261718750000000 0.0406250000000000 0.0753906250000000
1 0.1994791666666667 0.4246093750000000 0.0427083333333333 0.0691406250000000
1 0.2546875000000000 0.5328125000000000 0.0411458333333333 0.0757812500000000
1 0.1119791666666667 0.4207031250000000 0.0416666666666667 0.0675781250000000
1 0.0588541666666667 0.3781250000000000 0.0416666666666667 0.0960937500000000
1 0.0557291666666667 0.2601562500000000 0.0526041666666667 0.1000000000000000
1 0.1119791666666667 0.3062500000000000 0.0520833333333333 0.0832031250000000
1 0.1661458333333333 0.3117187500000000 0.0531250000000000 0.0675781250000000
1 0.2171875000000000 0.3113281250000000 0.0484375000000000 0.0730468750000000
1 0.2713541666666667 0.3140625000000000 0.0505208333333333 0.0660156250000000
1 0.3229166666666667 0.3171875000000000 0.0526041666666667 0.0679687500000000
1 0.3781250000000000 0.3187500000000000 0.0531250000000000 0.0648437500000000
1 0.4291666666666666 0.3230468750000000 0.0489583333333333 0.0726562500000000
1 0.4807291666666667 0.3246093750000000 0.0520833333333333 0.0675781250000000
1 0.5312500000000000 0.3257812500000000 0.0473958333333333 0.0699218750000000
1 0.5786458333333333 0.3238281250000000 0.0421875000000000 0.0722656250000000
1 0.6671875000000000 0.3273437500000000 0.0437500000000000 0.0667968750000000
1 0.2093750000000000 0.5324218750000000 0.0437500000000000 0.0761718750000000
1 0.1494791666666667 0.6402343750000000 0.0364583333333333 0.0722656250000000
1 0.1166666666666667 0.5312500000000000 0.0468750000000000 0.0734375000000000
1 0.2906250000000000 0.7589843750000000 0.0369791666666667 0.0746093750000000
1 0.2489583333333333 0.7589843750000000 0.0484375000000000 0.0714843750000000
1 0.2041666666666667 0.7585937500000000 0.0359375000000000 0.0722656250000000
1 0.1578125000000000 0.7605468750000000 0.0484375000000000 0.0656250000000000
1 0.1083333333333333 0.7617187500000000 0.0500000000000000 0.0675781250000000
1 0.0572916666666667 0.7375000000000000 0.0468750000000000 0.0824218750000000
1 0.3312500000000000 0.7566406250000000 0.0411458333333333 0.0761718750000000
1 0.0489583333333333 0.8816406250000000 0.0390625000000000 0.1058593750000000
1 0.1385416666666667 0.8703125000000000 0.0395833333333333 0.0875000000000000
1 0.1812500000000000 0.8703125000000000 0.0369791666666667 0.0839843750000000
1 0.2187500000000000 0.8675781250000000 0.0348958333333333 0.0898437500000000
1 0.2578125000000000 0.8687500000000000 0.0364583333333333 0.0839843750000000
1 0.2932291666666667 0.8683593750000000 0.0312500000000000 0.0835937500000000
1 0.3276041666666666 0.8683593750000000 0.0328125000000000 0.0820312500000000
1 0.0942708333333333 0.8707031250000000 0.0447916666666667 0.0898437500000000
1 0.3708333333333333 0.7578125000000000 0.0380208333333333 0.0742187500000000
1 0.4114583333333333 0.7574218750000000 0.0411458333333333 0.0742187500000000
1 0.4510416666666667 0.7582031250000000 0.0338541666666667 0.0765625000000000
1 0.9369791666666667 0.6480468750000000 0.0390625000000000 0.0675781250000000
1 0.9776041666666667 0.6464843750000000 0.0390625000000000 0.0707031250000000
1 0.9807291666666667 0.7636718750000000 0.0369791666666667 0.0589843750000000
1 0.9421875000000000 0.7675781250000000 0.0364583333333333 0.0574218750000000
1 0.9010416666666666 0.7656250000000000 0.0411458333333333 0.0593750000000000
1 0.8572916666666667 0.7652343750000000 0.0406250000000000 0.0656250000000000
1 0.8166666666666667 0.7648437500000000 0.0369791666666667 0.0640625000000000
1 0.7781250000000000 0.7660156250000000 0.0369791666666667 0.0609375000000000
1 0.7364583333333333 0.7656250000000000 0.0406250000000000 0.0593750000000000
1 0.6937500000000000 0.7660156250000000 0.0375000000000000 0.0636718750000000
1 0.6546875000000000 0.7667968750000000 0.0380208333333333 0.0589843750000000
1 0.6161458333333333 0.7652343750000000 0.0390625000000000 0.0625000000000000
1 0.5750000000000000 0.7652343750000000 0.0416666666666667 0.0617187500000000
1 0.5364583333333334 0.7593750000000000 0.0411458333333333 0.0738281250000000
1 0.4932291666666667 0.7589843750000000 0.0395833333333333 0.0746093750000000
1 0.3651041666666667 0.8695312500000000 0.0354166666666667 0.0859375000000000
1 0.1630208333333333 0.5324218750000000 0.0463541666666667 0.0761718750000000
1 0.4062500000000000 0.8691406250000000 0.0364583333333333 0.0867187500000000
1 0.4765625000000000 0.8671875000000000 0.0338541666666667 0.0875000000000000
1 0.6151041666666667 0.6429687500000000 0.0390625000000000 0.0687500000000000
1 0.5744791666666667 0.6410156250000000 0.0348958333333333 0.0738281250000000
1 0.5338541666666666 0.6410156250000000 0.0416666666666667 0.0726562500000000
1 0.4937500000000000 0.6421875000000000 0.0333333333333333 0.0699218750000000
1 0.4520833333333333 0.6417968750000000 0.0437500000000000 0.0707031250000000
1 0.4062500000000000 0.6425781250000000 0.0411458333333333 0.0703125000000000
1 0.6541666666666667 0.6437500000000000 0.0369791666666667 0.0695312500000000
1 0.3609375000000000 0.6421875000000000 0.0442708333333333 0.0703125000000000
1 0.2750000000000000 0.6410156250000000 0.0416666666666667 0.0753906250000000
1 0.2307291666666667 0.6410156250000000 0.0416666666666667 0.0738281250000000
1 0.1901041666666667 0.6414062500000000 0.0406250000000000 0.0718750000000000
1 0.1083333333333333 0.6390625000000000 0.0390625000000000 0.0761718750000000
1 0.0536458333333333 0.6339843750000000 0.0520833333333333 0.0867187500000000
1 0.0625000000000000 0.5015625000000000 0.0489583333333333 0.0871093750000000
1 0.3171875000000000 0.6414062500000000 0.0364583333333333 0.0742187500000000
1 0.6958333333333333 0.6433593750000000 0.0359375000000000 0.0707031250000000
1 0.7343750000000000 0.6457031250000000 0.0359375000000000 0.0691406250000000
1 0.7765625000000000 0.6449218750000000 0.0359375000000000 0.0718750000000000
1 0.5182291666666666 0.8738281250000000 0.0411458333333333 0.0687500000000000
1 0.6161458333333333 0.1910156250000000 0.0328125000000000 0.0878906250000000
1 0.5635416666666667 0.8738281250000000 0.0416666666666667 0.0707031250000000
1 0.6031250000000000 0.8730468750000000 0.0322916666666667 0.0707031250000000
1 0.6291666666666667 0.8457031250000000 0.0166666666666667 0.0570312500000000
1 0.6562500000000000 0.8722656250000000 0.0328125000000000 0.0691406250000000
1 0.6927083333333334 0.8742187500000000 0.0333333333333333 0.0699218750000000
1 0.7281250000000000 0.8734375000000000 0.0312500000000000 0.0710937500000000
1 0.7671875000000000 0.8765625000000000 0.0380208333333333 0.0656250000000000
1 0.8031250000000000 0.8750000000000000 0.0338541666666667 0.0714843750000000
1 0.8416666666666667 0.8742187500000000 0.0348958333333333 0.0699218750000000
1 0.8828125000000000 0.8757812500000000 0.0359375000000000 0.0609375000000000
1 0.8968750000000000 0.6480468750000000 0.0348958333333333 0.0691406250000000
1 0.8598958333333333 0.6468750000000000 0.0364583333333333 0.0667968750000000
1 0.8192708333333333 0.6464843750000000 0.0406250000000000 0.0710937500000000
1 0.4406250000000000 0.8667968750000000 0.0296875000000000 0.0902343750000000
1 0.5760416666666667 0.1953125000000000 0.0380208333333333 0.0792968750000000
1 0.7729166666666667 0.1957031250000000 0.0322916666666667 0.0921875000000000
1 0.4796875000000000 0.1968750000000000 0.0484375000000000 0.0667968750000000
1 0.5291666666666667 0.1960937500000000 0.0447916666666667 0.0687500000000000
1 0.0583333333333333 0.1320312500000000 0.0572916666666667 0.0949218750000000
1 0.1130208333333333 0.1769531250000000 0.0520833333333333 0.0750000000000000
1 0.1682291666666667 0.1816406250000000 0.0526041666666667 0.0652343750000000
1 0.2208333333333333 0.1847656250000000 0.0526041666666667 0.0691406250000000
1 0.9604166666666667 0.8761718750000000 0.0348958333333333 0.0597656250000000
1 0.3260416666666667 0.1851562500000000 0.0505208333333333 0.0746093750000000
1 0.2729166666666666 0.1773437500000000 0.0505208333333333 0.0902343750000000
1 0.4651041666666667 0.1546875000000000 0.0437500000000000 0.0113281250000000
1 0.4281250000000000 0.1949218750000000 0.0515625000000000 0.0679687500000000
1 0.3776041666666667 0.1863281250000000 0.0510416666666667 0.0753906250000000
