1 0.9964843750000000 0.8885416666666667 0.0082031250000000 0.0666666666666667
1 0.9773437500000000 0.8906250000000000 0.0238281250000000 0.0562500000000000
1 0.9507812500000000 0.8713541666666667 0.0257812500000000 0.0973958333333333
1 0.9187500000000000 0.8526041666666667 0.0308593750000000 0.1203125000000000
1 0.8863281250000000 0.8614583333333333 0.0312500000000000 0.1145833333333333
1 0.8195312500000000 0.8901041666666667 0.0234375000000000 0.0614583333333333
1 0.7957031250000000 0.8875000000000000 0.0242187500000000 0.0682291666666667
1 0.7410156250000000 0.8697916666666666 0.0644531250000000 0.1296875000000000
1 0.6039062500000000 0.8718750000000000 0.0371093750000000 0.1244791666666667
1 0.6394531250000000 0.8791666666666667 0.0355468750000000 0.1197916666666667
1 0.5554687500000000 0.8781250000000000 0.0558593750000000 0.1177083333333333
1 0.5023437500000000 0.8744791666666667 0.0476562500000000 0.1270833333333333
1 0.4519531250000000 0.8755208333333333 0.0496093750000000 0.1307291666666667
1 0.4039062500000000 0.8755208333333333 0.0464843750000000 0.1302083333333333
1 0.3121093750000000 0.8739583333333333 0.0406250000000000 0.1026041666666667
1 0.2605468750000000 0.8927083333333333 0.0468750000000000 0.1036458333333333
1 0.2234375000000000 0.8781250000000000 0.0238281250000000 0.1270833333333333
1 0.1988281250000000 0.8781250000000000 0.0246093750000000 0.1281250000000000
1 0.3730468750000000 0.5744791666666667 0.0382812500000000 0.0932291666666667
1 0.6816406250000000 0.8796875000000000 0.0492187500000000 0.1187500000000000
1 0.3562500000000000 0.8791666666666667 0.0472656250000000 0.1255208333333333
1 0.3382812500000000 0.5750000000000000 0.0312500000000000 0.0963541666666667
1 0.8359375000000000 0.7130208333333333 0.0234375000000000 0.0713541666666667
1 0.0449218750000000 0.2723958333333333 0.0527343750000000 0.0744791666666667
1 0.1003906250000000 0.2864583333333333 0.0558593750000000 0.0520833333333333
1 0.1816406250000000 0.2817708333333334 0.0417968750000000 0.1005208333333333
1 0.2218750000000000 0.2791666666666667 0.0328125000000000 0.0973958333333333
1 0.2562500000000000 0.2828125000000000 0.0367187500000000 0.1046875000000000
1 0.5757812500000000 0.7156250000000000 0.0453125000000000 0.1395833333333333
1 0.6261718750000000 0.7140625000000000 0.0515625000000000 0.1406250000000000
1 0.6777343750000000 0.7364583333333333 0.0457031250000000 0.1005208333333333
1 0.7218750000000000 0.7234375000000000 0.0410156250000000 0.1218750000000000
1 0.7660156250000000 0.7244791666666667 0.0468750000000000 0.1260416666666667
1 0.2964843750000000 0.2812500000000000 0.0433593750000000 0.1036458333333333
1 0.3425781250000000 0.2833333333333333 0.0464843750000000 0.1083333333333333
1 0.3898437500000000 0.2833333333333333 0.0402343750000000 0.1000000000000000
1 0.4332031250000000 0.2848958333333333 0.0468750000000000 0.1015625000000000
1 0.5218750000000000 0.2953125000000000 0.0425781250000000 0.0802083333333333
1 0.5660156250000000 0.2901041666666667 0.0449218750000000 0.0880208333333333
1 0.6226562500000000 0.2895833333333334 0.0484375000000000 0.0984375000000000
1 0.6753906250000000 0.2838541666666667 0.0570312500000000 0.1109375000000000
1 0.7167968750000000 0.2838541666666667 0.0230468750000000 0.1020833333333333
1 0.7644531250000000 0.3020833333333333 0.0605468750000000 0.0687500000000000
1 0.8527343750000000 0.3010416666666667 0.0273437500000000 0.0744791666666667
1 0.8804687500000000 0.3057291666666667 0.0289062500000000 0.0656250000000000
1 0.9058593750000000 0.3072916666666667 0.0222656250000000 0.0697916666666667
1 0.9308593750000000 0.3036458333333333 0.0253906250000000 0.0739583333333333
1 0.9546875000000000 0.3041666666666666 0.0210937500000000 0.0713541666666667
1 0.4761718750000000 0.7166666666666667 0.0453125000000000 0.1375000000000000
1 0.9925781250000000 0.3125000000000000 0.0148437500000000 0.0609375000000000
1 0.0222656250000000 0.4015625000000000 0.0335937500000000 0.0770833333333333
1 0.0765625000000000 0.4031250000000000 0.0324218750000000 0.0750000000000000
1 0.9562500000000000 0.1583333333333333 0.0542968750000000 0.0989583333333333
1 0.9003906250000000 0.1598958333333333 0.0570312500000000 0.0968750000000000
1 0.8457031250000000 0.1604166666666667 0.0523437500000000 0.0953125000000000
1 0.7847656250000000 0.1625000000000000 0.0347656250000000 0.1036458333333333
1 0.4312500000000000 0.7171875000000000 0.0433593750000000 0.1364583333333333
1 0.3898437500000000 0.7218750000000000 0.0386718750000000 0.1250000000000000
1 0.3527343750000000 0.7203125000000000 0.0359375000000000 0.1223958333333333
1 0.3101562500000000 0.7234375000000000 0.0441406250000000 0.1265625000000000
1 0.2621093750000000 0.7156250000000000 0.0468750000000000 0.1494791666666667
1 0.2097656250000000 0.7182291666666667 0.0570312500000000 0.1531250000000000
1 0.1425781250000000 0.6937500000000000 0.0496093750000000 0.1265625000000000
1 0.0914062500000000 0.6921875000000000 0.0511718750000000 0.1302083333333333
1 0.0308593750000000 0.6921875000000000 0.0566406250000000 0.1338541666666667
1 0.9773437500000000 0.5619791666666667 0.0328125000000000 0.0760416666666667
1 0.9457031250000000 0.5640625000000000 0.0253906250000000 0.0760416666666667
1 0.0312500000000000 0.1614583333333333 0.0347656250000000 0.0953125000000000
1 0.0636718750000000 0.1567708333333333 0.0292968750000000 0.1026041666666667
1 0.1023437500000000 0.1583333333333333 0.0468750000000000 0.1036458333333333
1 0.1062500000000000 0.3994791666666667 0.0269531250000000 0.0807291666666667
1 0.1441406250000000 0.0697916666666667 0.0632812500000000 0.0604166666666667
1 0.1562500000000000 0.1562500000000000 0.0562500000000000 0.1046875000000000
1 0.2140625000000000 0.1526041666666667 0.0562500000000000 0.1057291666666667
1 0.2710937500000000 0.1572916666666667 0.0531250000000000 0.1166666666666667
1 0.2785156250000000 0.0666666666666667 0.0574218750000000 0.0666666666666667
1 0.3769531250000000 0.1546875000000000 0.0546875000000000 0.1083333333333333
1 0.4316406250000000 0.1625000000000000 0.0531250000000000 0.0916666666666667
1 0.4863281250000000 0.1557291666666667 0.0507812500000000 0.1083333333333333
1 0.4855468750000000 0.0463541666666667 0.0546875000000000 0.0286458333333333
1 0.4843750000000000 0.0817708333333333 0.0570312500000000 0.0416666666666667
1 0.5390625000000000 0.1572916666666667 0.0410156250000000 0.1140625000000000
1 0.5851562500000000 0.1578125000000000 0.0492187500000000 0.1052083333333333
1 0.6375000000000000 0.1567708333333333 0.0519531250000000 0.1109375000000000
1 0.6902343750000000 0.1588541666666667 0.0531250000000000 0.1078125000000000
1 0.7429687500000000 0.1598958333333333 0.0492187500000000 0.1093750000000000
1 0.2082031250000000 0.0708333333333333 0.0648437500000000 0.0593750000000000
1 0.1332031250000000 0.4005208333333333 0.0265625000000000 0.0802083333333333
1 0.9738281250000000 0.3067708333333333 0.0183593750000000 0.0708333333333333
1 0.2363281250000000 0.4322916666666667 0.0527343750000000 0.0916666666666667
1 0.7625000000000000 0.4401041666666667 0.0292968750000000 0.0802083333333333
1 0.7953125000000000 0.4177083333333333 0.0289062500000000 0.0828125000000000
1 0.1832031250000000 0.4317708333333333 0.0527343750000000 0.0932291666666667
1 0.8816406250000000 0.4260416666666667 0.0277343750000000 0.0770833333333333
1 0.9113281250000000 0.4270833333333333 0.0289062500000000 0.0817708333333333
1 0.9632812500000000 0.4270833333333333 0.0253906250000000 0.0744791666666667
1 0.9882812500000000 0.4276041666666667 0.0230468750000000 0.0750000000000000
1 0.0097656250000000 0.5390625000000000 0.0195312500000000 0.1385416666666667
1 0.0367187500000000 0.5322916666666667 0.0304687500000000 0.1354166666666667
1 0.0671875000000000 0.5572916666666666 0.0308593750000000 0.0869791666666667
1 0.1011718750000000 0.5604166666666667 0.0371093750000000 0.0932291666666667
1 0.1117187500000000 0.5026041666666666 0.0156250000000000 0.0192708333333333
1 0.1476562500000000 0.5421875000000000 0.0500000000000000 0.1255208333333333
1 0.2382812500000000 0.5791666666666667 0.0308593750000000 0.0875000000000000
1 0.8109375000000000 0.7171875000000000 0.0253906250000000 0.0567708333333333
1 0.8625000000000000 0.7187500000000000 0.0226562500000000 0.0630208333333333
1 0.8968750000000000 0.7109375000000000 0.0410156250000000 0.0765625000000000
1 0.3050781250000000 0.5703125000000000 0.0359375000000000 0.1052083333333333
1 0.2703125000000000 0.5708333333333333 0.0332031250000000 0.1046875000000000
1 0.1183593750000000 0.9578125000000000 0.1031250000000000 0.0296875000000000
1 0.1207031250000000 0.9296875000000000 0.0984375000000000 0.0234375000000000
1 0.0339843750000000 0.9609375000000000 0.0675781250000000 0.0312500000000000
1 0.0351562500000000 0.9223958333333333 0.0707031250000000 0.0260416666666667
1 0.7269531250000000 0.4406250000000000 0.0234375000000000 0.0906250000000000
1 0.0394531250000000 0.8546875000000000 0.0683593750000000 0.0276041666666667
1 0.1117187500000000 0.8281250000000000 0.0738281250000000 0.0229166666666667
1 0.1117187500000000 0.8031250000000000 0.0769531250000000 0.0255208333333333
1 0.0433593750000000 0.8119791666666667 0.0625000000000000 0.0255208333333333
1 0.9878906250000000 0.7109375000000000 0.0246093750000000 0.0744791666666667
1 0.9628906250000000 0.7156250000000000 0.0261718750000000 0.0734375000000000
1 0.9324218750000000 0.7067708333333333 0.0324218750000000 0.0708333333333333
1 0.1152343750000000 0.8536458333333333 0.0730468750000000 0.0218750000000000
1 0.6980468750000000 0.4390625000000000 0.0320312500000000 0.0812500000000000
1 0.8574218750000000 0.4260416666666667 0.0218750000000000 0.0765625000000000
1 0.6382812500000000 0.4458333333333334 0.0222656250000000 0.0729166666666667
1 0.4382812500000000 0.5786458333333333 0.0371093750000000 0.0791666666666667
1 0.4785156250000000 0.5671875000000000 0.0390625000000000 0.0968750000000000
1 0.5199218750000000 0.5697916666666667 0.0453125000000000 0.1062500000000000
1 0.5570312500000000 0.5796875000000000 0.0289062500000000 0.0869791666666667
1 0.5949218750000000 0.5666666666666667 0.0484375000000000 0.1182291666666667
1 0.6433593750000000 0.5640625000000000 0.0402343750000000 0.1125000000000000
1 0.6859375000000000 0.5630208333333333 0.0390625000000000 0.1083333333333333
1 0.7277343750000000 0.5677083333333334 0.0445312500000000 0.1041666666666667
1 0.7753906250000000 0.5697916666666667 0.0429687500000000 0.1192708333333333
1 0.8128906250000000 0.5588541666666667 0.0273437500000000 0.0828125000000000
1 0.8523437500000000 0.5635416666666667 0.0285156250000000 0.0671875000000000
1 0.9140625000000000 0.5604166666666667 0.0398437500000000 0.0807291666666667
1 0.4050781250000000 0.4239583333333333 0.0425781250000000 0.1145833333333333
1 0.3644531250000000 0.4223958333333334 0.0378906250000000 0.1109375000000000
1 0.3253906250000000 0.4229166666666667 0.0414062500000000 0.1093750000000000
1 0.6664062500000000 0.4354166666666667 0.0320312500000000 0.0875000000000000
1 0.4484375000000000 0.4255208333333333 0.0425781250000000 0.1078125000000000
1 0.4070312500000000 0.5760416666666667 0.0285156250000000 0.0869791666666667
1 0.5277343750000000 0.7161458333333334 0.0476562500000000 0.1364583333333333
1 0.6046875000000000 0.4421875000000000 0.0421875000000000 0.0796875000000000
1 0.5007812500000000 0.4270833333333333 0.0632812500000000 0.1104166666666667
1 0.5585937500000000 0.4234375000000000 0.0472656250000000 0.1067708333333333
