1 0.3015625000000000 0.6462962962962963 0.0554687500000000 0.0578703703703704
1 0.5231770833333333 0.7745370370370370 0.0304687500000000 0.1157407407407407
1 0.8830729166666667 0.8060185185185185 0.0330729166666667 0.0231481481481481
1 0.8494791666666667 0.7708333333333334 0.0289062500000000 0.0680555555555555
1 0.8210937500000000 0.7726851851851851 0.0250000000000000 0.0689814814814815
1 0.7937500000000000 0.7777777777777778 0.0263020833333333 0.0662037037037037
1 0.7627604166666667 0.7754629629629629 0.0325520833333333 0.0800925925925926
1 0.7294270833333333 0.7930555555555555 0.0304687500000000 0.0828703703703704
1 0.6968750000000000 0.7828703703703703 0.0270833333333333 0.1032407407407407
1 0.6669270833333333 0.7587962962962963 0.0263020833333333 0.1000000000000000
1 0.6388020833333333 0.7592592592592593 0.0270833333333333 0.1194444444444445
1 0.5911458333333334 0.8078703703703703 0.0471354166666667 0.0453703703703704
1 0.5903645833333333 0.7606481481481482 0.0468750000000000 0.0398148148148148
1 0.5523437500000000 0.7847222222222222 0.0234375000000000 0.0930555555555556
1 0.2460937500000000 0.2476851851851852 0.0440104166666667 0.0287037037037037
1 0.4815104166666667 0.7435185185185185 0.0416666666666667 0.0296296296296296
1 0.4809895833333334 0.8148148148148148 0.0481770833333333 0.0486111111111111
1 0.9169270833333333 0.7925925925925926 0.0309895833333333 0.0500000000000000
1 0.4442708333333333 0.7449074074074075 0.0250000000000000 0.0861111111111111
1 0.9218750000000000 0.7384259259259259 0.0351562500000000 0.0379629629629630
1 0.9653645833333333 0.7282407407407407 0.0315104166666667 0.0236111111111111
1 0.4492187500000000 0.1513888888888889 0.0406250000000000 0.0856481481481482
1 0.4914062500000000 0.1490740740740741 0.0393229166666667 0.0865740740740741
1 0.5333333333333333 0.1486111111111111 0.0398437500000000 0.0879629629629630
1 0.5757812500000000 0.1467592592592593 0.0401041666666667 0.0847222222222222
1 0.6182291666666667 0.1453703703703704 0.0406250000000000 0.0898148148148148
1 0.6625000000000000 0.1171296296296296 0.0294270833333333 0.1425925925925926
1 0.6947916666666667 0.1120370370370370 0.0309895833333333 0.1439814814814815
1 0.9341145833333333 0.0449074074074074 0.0348958333333333 0.0791666666666667
1 0.9778645833333334 0.0407407407407407 0.0398437500000000 0.0759259259259259
1 0.8018229166666667 0.1587962962962963 0.0604166666666667 0.0435185185185185
1 0.0546875000000000 0.2925925925925926 0.0460937500000000 0.0648148148148148
1 0.1057291666666667 0.2916666666666667 0.0484375000000000 0.0675925925925926
1 0.0351562500000000 0.4796296296296296 0.0703125000000000 0.1916666666666667
1 0.4179687500000000 0.5967592592592592 0.0447916666666667 0.0560185185185185
1 0.9882812500000000 0.4023148148148148 0.0239583333333333 0.0449074074074074
1 0.9703125000000000 0.7671296296296296 0.0302083333333333 0.0416666666666667
1 0.4171875000000000 0.7754629629629629 0.0234375000000000 0.1236111111111111
1 0.3885416666666667 0.7777777777777778 0.0315104166666667 0.1115740740740741
1 0.3570312500000000 0.7703703703703704 0.0257812500000000 0.1129629629629630
1 0.2067708333333333 0.2472222222222222 0.0273437500000000 0.0250000000000000
1 0.1984375000000000 0.7930555555555555 0.0312500000000000 0.0912037037037037
1 0.1622395833333333 0.8111111111111111 0.0343750000000000 0.0759259259259259
1 0.1299479166666667 0.7953703703703704 0.0244791666666667 0.1115740740740741
1 0.0958333333333333 0.8032407407407407 0.0361979166666667 0.0902777777777778
1 0.0565104166666667 0.8023148148148148 0.0377604166666667 0.0851851851851852
1 0.0179687500000000 0.8064814814814815 0.0359375000000000 0.0939814814814815
1 0.7565104166666666 0.6037037037037037 0.0302083333333333 0.1152777777777778
1 0.7203125000000000 0.6050925925925926 0.0273437500000000 0.1097222222222222
1 0.6848958333333334 0.6023148148148149 0.0320312500000000 0.0986111111111111
1 0.5562500000000000 0.6000000000000000 0.0130208333333333 0.0754629629629630
1 0.6338541666666667 0.6027777777777777 0.0296875000000000 0.1046296296296296
1 0.5841145833333333 0.6106481481481482 0.0296875000000000 0.1050925925925926
1 0.5218750000000000 0.6291666666666667 0.0411458333333333 0.0342592592592593
1 0.5255208333333333 0.5856481481481481 0.0476562500000000 0.0467592592592593
1 0.8218750000000000 0.6069444444444444 0.0450520833333333 0.0731481481481481
1 0.8315104166666667 0.5064814814814815 0.0429687500000000 0.0675925925925926
1 0.8406250000000000 0.4046296296296296 0.0458333333333333 0.0814814814814815
1 0.8455729166666667 0.2986111111111111 0.0497395833333333 0.0847222222222222
1 0.3302083333333333 0.7611111111111111 0.0203125000000000 0.0949074074074074
1 0.3046875000000000 0.7773148148148148 0.0281250000000000 0.1240740740740741
1 0.2679687500000000 0.7666666666666667 0.0304687500000000 0.0949074074074074
1 0.2375000000000000 0.7662037037037037 0.0281250000000000 0.0935185185185185
1 0.1010416666666667 0.5023148148148148 0.0572916666666667 0.1402777777777778
1 0.1562500000000000 0.5189814814814815 0.0502604166666667 0.1041666666666667
1 0.2200520833333333 0.4976851851851852 0.0718750000000000 0.0962962962962963
1 0.4078125000000000 0.1546296296296296 0.0395833333333333 0.0888888888888889
1 0.2955729166666667 0.4902777777777778 0.0567708333333333 0.0842592592592593
1 0.4135416666666666 0.4986111111111111 0.0510416666666667 0.0634259259259259
1 0.4674479166666667 0.4240740740740740 0.0515625000000000 0.0569444444444444
1 0.4697916666666667 0.4935185185185185 0.0486979166666667 0.0638888888888889
1 0.5234375000000000 0.4773148148148148 0.0489583333333333 0.0629629629629630
1 0.5880208333333333 0.4754629629629630 0.0513020833333333 0.0546296296296296
1 0.6984375000000000 0.4694444444444444 0.0541666666666667 0.0500000000000000
1 0.7666666666666667 0.4888888888888889 0.0505208333333333 0.0495370370370370
1 0.3544270833333333 0.4875000000000000 0.0593750000000000 0.0833333333333333
1 0.3640625000000000 0.1541666666666667 0.0442708333333333 0.0851851851851852
1 0.3208333333333334 0.1555555555555556 0.0377604166666667 0.0856481481481482
1 0.3713541666666667 0.0837962962962963 0.0408854166666667 0.0421296296296296
1 0.4890625000000000 0.3138888888888889 0.0377604166666667 0.0782407407407407
1 0.5270833333333333 0.2453703703703704 0.0395833333333333 0.0370370370370370
1 0.5348958333333333 0.3296296296296296 0.0388020833333333 0.0800925925925926
1 0.5690104166666666 0.2504629629629629 0.0372395833333333 0.0421296296296296
1 0.5739583333333333 0.3254629629629630 0.0348958333333333 0.0819444444444444
1 0.6091145833333333 0.2546296296296297 0.0346354166666667 0.0430555555555556
1 0.6442708333333333 0.2523148148148148 0.0325520833333333 0.0425925925925926
1 0.6804687500000000 0.2500000000000000 0.0200520833333333 0.0439814814814815
1 0.6093750000000000 0.3236111111111111 0.0333333333333333 0.0805555555555556
1 0.6440104166666667 0.3212962962962963 0.0317708333333333 0.0842592592592593
1 0.6812500000000000 0.3217592592592592 0.0382812500000000 0.0745370370370370
1 0.7216145833333333 0.3231481481481481 0.0361979166666667 0.0583333333333333
1 0.7609375000000000 0.2722222222222222 0.0239583333333333 0.0342592592592593
1 0.7604166666666666 0.3101851851851852 0.0364583333333333 0.0296296296296296
1 0.7651041666666667 0.3444444444444444 0.0369791666666667 0.0291666666666667
1 0.4463541666666667 0.3254629629629630 0.0382812500000000 0.0819444444444444
1 0.4705729166666667 0.6199074074074075 0.0445312500000000 0.0722222222222222
1 0.4864583333333333 0.2449074074074074 0.0364583333333333 0.0305555555555556
1 0.4119791666666667 0.3268518518518518 0.0265625000000000 0.0574074074074074
1 0.1937500000000000 0.2782407407407407 0.0346354166666667 0.0222222222222222
1 0.1945312500000000 0.3351851851851852 0.0346354166666667 0.0800925925925926
1 0.2281250000000000 0.3666666666666666 0.0302083333333333 0.0250000000000000
1 0.2351562500000000 0.3125000000000000 0.0203125000000000 0.0587962962962963
1 0.2661458333333334 0.2828703703703704 0.0372395833333333 0.0185185185185185
1 0.3044270833333333 0.2476851851851852 0.0367187500000000 0.0231481481481481
1 0.3437500000000000 0.2425925925925926 0.0348958333333333 0.0208333333333333
1 0.3486979166666667 0.2699074074074074 0.0296875000000000 0.0194444444444444
1 0.3044270833333333 0.2824074074074074 0.0364583333333333 0.0194444444444444
1 0.2648437500000000 0.3347222222222222 0.0346354166666667 0.0736111111111111
1 0.3028645833333333 0.3337962962962963 0.0364583333333333 0.0689814814814815
1 0.3445312500000000 0.3458333333333333 0.0322916666666667 0.0263888888888889
1 0.3484375000000000 0.3037037037037037 0.0294270833333333 0.0384259259259259
1 0.3812500000000000 0.3180555555555555 0.0289062500000000 0.0722222222222222
1 0.3859375000000000 0.2648148148148148 0.0395833333333333 0.0199074074074074
1 0.4476562500000000 0.2486111111111111 0.0375000000000000 0.0324074074074074
1 0.9221354166666667 0.2458333333333333 0.0205729166666667 0.1273148148148148
1 0.8986979166666667 0.2402777777777778 0.0244791666666667 0.1375000000000000
1 0.9593750000000000 0.2444444444444444 0.0140625000000000 0.1217592592592593
1 0.8734375000000000 0.6569444444444444 0.0315104166666667 0.0634259259259259
1 0.9101562500000000 0.6597222222222222 0.0325520833333333 0.0634259259259259
1 0.9414062500000000 0.6574074074074074 0.0289062500000000 0.0643518518518519
1 0.2776041666666667 0.1671296296296296 0.0419270833333333 0.0634259259259259
1 0.9674479166666666 0.6458333333333334 0.0218750000000000 0.0648148148148148
1 0.9895833333333334 0.6296296296296297 0.0205729166666667 0.0620370370370370
1 0.0109375000000000 0.6518518518518519 0.0218750000000000 0.0851851851851852
1 0.8419270833333333 0.6722222222222223 0.0304687500000000 0.0481481481481481
1 0.0442708333333333 0.6402777777777777 0.0315104166666667 0.0620370370370370
1 0.0997395833333333 0.6500000000000000 0.0244791666666667 0.0708333333333333
1 0.1263020833333333 0.6509259259259259 0.0244791666666667 0.0750000000000000
1 0.1531250000000000 0.6458333333333334 0.0255208333333333 0.0731481481481481
1 0.1820312500000000 0.6402777777777777 0.0263020833333333 0.0680555555555555
1 0.3013020833333334 0.5907407407407408 0.0591145833333333 0.0481481481481481
1 0.3638020833333334 0.6273148148148148 0.0541666666666667 0.1212962962962963
1 0.3223958333333333 0.0856481481481482 0.0406250000000000 0.0425925925925926
1 0.0736979166666667 0.6453703703703704 0.0221354166666667 0.0726851851851852
1 0.9424479166666667 0.2481481481481481 0.0182291666666667 0.1236111111111111
1 0.8091145833333333 0.6731481481481482 0.0315104166666667 0.0500000000000000
1 0.9171875000000000 0.4949074074074074 0.0255208333333333 0.0527777777777778
1 0.9796875000000000 0.2324074074074074 0.0244791666666667 0.1472222222222222
1 0.8914062500000000 0.3976851851851852 0.0481770833333333 0.0550925925925926
1 0.0341145833333333 0.0578703703703704 0.0276041666666667 0.1106481481481481
1 0.0687500000000000 0.0564814814814815 0.0317708333333333 0.1050925925925926
1 0.0994791666666667 0.0351851851851852 0.0223958333333333 0.0708333333333333
1 0.1557291666666667 0.0870370370370370 0.0427083333333333 0.1587962962962963
1 0.9760416666666667 0.4851851851851852 0.0432291666666667 0.0523148148148148
1 0.4208333333333333 0.6583333333333333 0.0445312500000000 0.0523148148148148
1 0.1927083333333333 0.1685185185185185 0.0291666666666667 0.0634259259259259
1 0.2307291666666667 0.1689814814814815 0.0450520833333333 0.0638888888888889
1 0.2609375000000000 0.0944444444444444 0.0481770833333333 0.0662037037037037
1 0.9432291666666667 0.3708333333333333 0.0500000000000000 0.0194444444444444
1 0.9466145833333334 0.4041666666666667 0.0479166666666667 0.0379629629629630
1 0.8796875000000000 0.4856481481481482 0.0411458333333333 0.0398148148148148
1 0.8799479166666667 0.5282407407407408 0.0442708333333333 0.0393518518518519
1 0.1966145833333333 0.0949074074074074 0.0354166666666667 0.0717592592592593
