1 0.6421875000000000 0.5695312500000000 0.0437500000000000 0.0605468750000000
1 0.6453125000000000 0.5039062500000000 0.0505208333333333 0.0660156250000000
1 0.5609375000000000 0.4718750000000000 0.0515625000000000 0.0472656250000000
1 0.5755208333333334 0.5761718750000000 0.0807291666666667 0.0472656250000000
1 0.5755208333333334 0.5261718750000000 0.0807291666666667 0.0457031250000000
1 0.4901041666666667 0.5687500000000000 0.0718750000000000 0.0679687500000000
1 0.4927083333333334 0.4933593750000000 0.0776041666666667 0.0738281250000000
1 0.3911458333333334 0.5816406250000000 0.0916666666666667 0.0625000000000000
1 0.1088541666666667 0.4886718750000000 0.0770833333333333 0.1191406250000000
1 0.6973958333333333 0.5035156250000000 0.0447916666666667 0.0648437500000000
1 0.0338541666666667 0.6210937500000000 0.0682291666666667 0.1031250000000000
1 0.1046875000000000 0.6226562500000000 0.0656250000000000 0.1039062500000000
1 0.1927083333333333 0.5093750000000000 0.0885416666666667 0.0718750000000000
1 0.1932291666666667 0.5871093750000000 0.0895833333333333 0.0714843750000000
1 0.2932291666666667 0.4910156250000000 0.1005208333333333 0.0855468750000000
1 0.2916666666666667 0.5750000000000000 0.0968750000000000 0.0761718750000000
1 0.3984375000000000 0.5117187500000000 0.1031250000000000 0.0714843750000000
1 0.0338541666666667 0.4863281250000000 0.0677083333333333 0.1191406250000000
1 0.6906250000000000 0.5683593750000000 0.0484375000000000 0.0605468750000000
1 0.9125000000000000 0.5601562500000000 0.0317708333333333 0.0507812500000000
1 0.7406250000000000 0.5699218750000000 0.0458333333333333 0.0589843750000000
1 0.4718750000000000 0.7242187500000000 0.0838541666666667 0.0625000000000000
1 0.8093750000000000 0.4058593750000000 0.0526041666666667 0.0632812500000000
1 0.4750000000000000 0.6597656250000000 0.0864583333333333 0.0632812500000000
1 0.3791666666666667 0.7339843750000000 0.0942708333333333 0.0582031250000000
1 0.3786458333333333 0.6664062500000000 0.0963541666666667 0.0691406250000000
1 0.2812500000000000 0.7453125000000000 0.0932291666666667 0.0644531250000000
1 0.2817708333333334 0.6714843750000000 0.0942708333333333 0.0746093750000000
1 0.1807291666666667 0.7531250000000000 0.0932291666666667 0.0695312500000000
1 0.1864583333333333 0.6757812500000000 0.0890625000000000 0.0761718750000000
1 0.7447916666666666 0.5035156250000000 0.0447916666666667 0.0671875000000000
1 0.0968750000000000 0.7511718750000000 0.0687500000000000 0.0945312500000000
1 0.9536458333333333 0.5605468750000000 0.0401041666666667 0.0492187500000000
1 0.9609375000000000 0.5054687500000000 0.0385416666666667 0.0519531250000000
1 0.9197916666666667 0.5035156250000000 0.0401041666666667 0.0574218750000000
1 0.8750000000000000 0.5636718750000000 0.0369791666666667 0.0531250000000000
1 0.8796875000000000 0.5015625000000000 0.0364583333333333 0.0589843750000000
1 0.8312500000000000 0.5640625000000000 0.0416666666666667 0.0519531250000000
1 0.8369791666666667 0.5027343750000000 0.0468750000000000 0.0609375000000000
1 0.7869791666666667 0.5671875000000000 0.0364583333333333 0.0578125000000000
1 0.7901041666666667 0.5019531250000000 0.0427083333333333 0.0621093750000000
1 0.0296875000000000 0.7570312500000000 0.0593750000000000 0.0996093750000000
1 0.8604166666666667 0.3835937500000000 0.0385416666666667 0.0886718750000000
1 0.8687500000000000 0.2687500000000000 0.0656250000000000 0.0363281250000000
1 0.7151041666666667 0.3996093750000000 0.0489583333333333 0.0636718750000000
1 0.5270833333333333 0.2371093750000000 0.0953125000000000 0.0503906250000000
1 0.4281250000000000 0.2296875000000000 0.0890625000000000 0.0472656250000000
1 0.3265625000000000 0.2167968750000000 0.1062500000000000 0.0570312500000000
1 0.2010416666666667 0.1664062500000000 0.0770833333333333 0.0218750000000000
1 0.2078125000000000 0.2062500000000000 0.1218750000000000 0.0582031250000000
1 0.1036458333333333 0.1929687500000000 0.0697916666666667 0.1195312500000000
1 0.0333333333333333 0.1851562500000000 0.0671875000000000 0.1285156250000000
1 0.7140625000000000 0.1214843750000000 0.0473958333333333 0.0871093750000000
1 0.6640625000000000 0.0613281250000000 0.0401041666666667 0.0593750000000000
1 0.5505208333333333 0.1875000000000000 0.1005208333333333 0.0445312500000000
1 0.6635416666666667 0.1261718750000000 0.0479166666666667 0.0636718750000000
1 0.5656250000000000 0.1000000000000000 0.0572916666666667 0.0898437500000000
1 0.5130208333333334 0.0917968750000000 0.0447916666666667 0.0968750000000000
1 0.4572916666666667 0.0828125000000000 0.0604166666666667 0.0914062500000000
1 0.3901041666666666 0.0761718750000000 0.0708333333333333 0.0945312500000000
1 0.3203125000000000 0.0640625000000000 0.0619791666666667 0.0945312500000000
1 0.2515625000000000 0.0527343750000000 0.0723958333333333 0.0984375000000000
1 0.1817708333333333 0.0468750000000000 0.0630208333333333 0.0878906250000000
1 0.0921875000000000 0.0511718750000000 0.1109375000000000 0.0761718750000000
1 0.5536458333333333 0.6535156250000000 0.0697916666666667 0.0585937500000000
1 0.6171875000000000 0.1160156250000000 0.0385416666666667 0.0640625000000000
1 0.6145833333333334 0.2449218750000000 0.0687500000000000 0.0507812500000000
1 0.6760416666666667 0.2343750000000000 0.0515625000000000 0.0734375000000000
1 0.7296875000000000 0.2429687500000000 0.0458333333333333 0.0785156250000000
1 0.7192708333333333 0.3332031250000000 0.0281250000000000 0.0617187500000000
1 0.6692708333333334 0.3289062500000000 0.0484375000000000 0.0710937500000000
1 0.6671875000000000 0.3949218750000000 0.0427083333333333 0.0566406250000000
1 0.6166666666666667 0.4011718750000000 0.0468750000000000 0.0566406250000000
1 0.6182291666666667 0.3410156250000000 0.0468750000000000 0.0585937500000000
1 0.5677083333333334 0.4007812500000000 0.0447916666666667 0.0582031250000000
1 0.5708333333333333 0.3414062500000000 0.0453125000000000 0.0550781250000000
1 0.5114583333333333 0.3945312500000000 0.0510416666666667 0.0695312500000000
1 0.4510416666666667 0.3906250000000000 0.0619791666666667 0.0738281250000000
1 0.3880208333333333 0.3882812500000000 0.0593750000000000 0.0722656250000000
1 0.3208333333333334 0.3878906250000000 0.0661458333333333 0.0757812500000000
1 0.2505208333333334 0.3859375000000000 0.0671875000000000 0.0812500000000000
1 0.1854166666666667 0.3816406250000000 0.0609375000000000 0.0800781250000000
1 0.1088541666666667 0.3453125000000000 0.0744791666666667 0.1250000000000000
1 0.0333333333333333 0.3390625000000000 0.0671875000000000 0.1289062500000000
1 0.9614583333333333 0.1785156250000000 0.0755208333333333 0.0433593750000000
1 0.8880208333333334 0.1679687500000000 0.0687500000000000 0.0488281250000000
1 0.8203125000000000 0.1386718750000000 0.0552083333333333 0.0832031250000000
1 0.7614583333333333 0.1250000000000000 0.0427083333333333 0.0890625000000000
1 0.9453125000000000 0.2816406250000000 0.0651041666666667 0.0339843750000000
1 0.9505208333333334 0.2414062500000000 0.0692708333333333 0.0390625000000000
1 0.8156250000000000 0.3390625000000000 0.0416666666666667 0.0617187500000000
1 0.5531250000000000 0.7164062500000000 0.0666666666666667 0.0632812500000000
1 0.5546875000000000 0.8066406250000000 0.0807291666666667 0.0734375000000000
1 0.6218750000000000 0.7078125000000000 0.0609375000000000 0.0562500000000000
1 0.9546875000000000 0.8062500000000000 0.0447916666666667 0.0496093750000000
1 0.9546875000000000 0.7511718750000000 0.0489583333333333 0.0585937500000000
1 0.8963541666666667 0.8152343750000000 0.0500000000000000 0.0500000000000000
1 0.9005208333333333 0.7582031250000000 0.0552083333333333 0.0589843750000000
1 0.8380208333333333 0.8289062500000000 0.0520833333333333 0.0531250000000000
1 0.8416666666666667 0.7699218750000000 0.0562500000000000 0.0601562500000000
1 0.7833333333333333 0.7820312500000000 0.0541666666666667 0.0703125000000000
1 0.7036458333333333 0.8593750000000000 0.0713541666666667 0.0500000000000000
1 0.7114583333333333 0.7937500000000000 0.0864583333333333 0.0746093750000000
1 0.6302083333333334 0.8667968750000000 0.0682291666666667 0.0597656250000000
1 0.6312500000000000 0.7976562500000000 0.0697916666666667 0.0730468750000000
1 0.5541666666666667 0.8765625000000000 0.0765625000000000 0.0625000000000000
1 0.4723958333333333 0.8917968750000000 0.0812500000000000 0.0593750000000000
1 0.4718750000000000 0.8222656250000000 0.0833333333333333 0.0734375000000000
1 0.3885416666666667 0.9082031250000000 0.0776041666666667 0.0613281250000000
1 0.7807291666666667 0.8453125000000000 0.0489583333333333 0.0476562500000000
1 0.2921875000000000 0.9230468750000000 0.0890625000000000 0.0574218750000000
1 0.3901041666666666 0.8351562500000000 0.0770833333333333 0.0781250000000000
1 0.6984375000000000 0.6378906250000000 0.0729166666666667 0.0554687500000000
1 0.6927083333333334 0.6984375000000000 0.0682291666666667 0.0613281250000000
1 0.7708333333333334 0.6367187500000000 0.0645833333333333 0.0578125000000000
1 0.7614583333333333 0.6964843750000000 0.0614583333333333 0.0550781250000000
1 0.8385416666666666 0.6339843750000000 0.0661458333333333 0.0570312500000000
1 0.8312500000000000 0.6929687500000000 0.0671875000000000 0.0457031250000000
1 0.9010416666666666 0.6363281250000000 0.0562500000000000 0.0500000000000000
1 0.6234375000000000 0.6472656250000000 0.0640625000000000 0.0597656250000000
1 0.9640625000000000 0.6347656250000000 0.0635416666666667 0.0472656250000000
1 0.9572916666666667 0.6859375000000000 0.0572916666666667 0.0410156250000000
1 0.0807291666666667 0.9109375000000000 0.1041666666666667 0.1535156250000000
1 0.1901041666666667 0.8574218750000000 0.0994791666666667 0.0675781250000000
1 0.8958333333333334 0.6890625000000000 0.0557291666666667 0.0445312500000000
1 0.1880208333333333 0.9261718750000000 0.0953125000000000 0.0636718750000000
1 0.2958333333333333 0.8519531250000000 0.0989583333333333 0.0785156250000000
