1 0.3647925033467202 0.5941265060240963 0.0358099062918340 0.0675200803212851
1 0.1365461847389558 0.4984939759036144 0.0408299866131191 0.0645080321285141
1 0.1746987951807229 0.4979919678714859 0.0378179384203481 0.0619979919678715
1 0.2135207496653280 0.4969879518072289 0.0418340026773762 0.0612449799196787
1 0.2653949129852745 0.4904618473895582 0.0321285140562249 0.0730421686746988
1 0.3012048192771085 0.4904618473895582 0.0371485943775100 0.0712851405622490
1 0.3323293172690763 0.4904618473895582 0.0247657295850067 0.0700301204819277
1 0.3627844712182062 0.4977409638554217 0.0364792503346720 0.0627510040160643
1 0.3995983935742972 0.4969879518072289 0.0368139223560910 0.0645080321285141
1 0.4367469879518072 0.4972389558232932 0.0354752342704150 0.0604919678714859
1 0.4745649263721553 0.4962349397590362 0.0371485943775100 0.0627510040160643
1 0.5103748326639893 0.4964859437751004 0.0351405622489960 0.0650100401606426
1 0.5465194109772423 0.4957329317269076 0.0361445783132530 0.0680220883534137
1 0.5856760374832664 0.4957329317269076 0.0391566265060241 0.0665160642570281
1 0.1405622489959839 0.5978915662650602 0.0364792503346720 0.0700301204819277
1 0.6261713520749665 0.4962349397590362 0.0398259705488621 0.0657630522088353
1 0.7657295850066934 0.7851405622489960 0.0923694779116466 0.0963855421686747
1 0.7429718875502008 0.4944779116465863 0.0344712182061580 0.0662650602409639
1 0.7807898259705489 0.4932228915662651 0.0408299866131191 0.0660140562248996
1 0.8259705488621151 0.4942269076305221 0.0401606425702811 0.0680220883534137
1 0.8627844712182061 0.4919678714859438 0.0358099062918340 0.0617469879518072
1 0.8999330655957162 0.4907128514056225 0.0384872824631861 0.0640060240963855
1 0.8273092369477911 0.3985943775100402 0.0451807228915663 0.0725401606425703
1 0.8718206157965194 0.3988453815261044 0.0418340026773762 0.0737951807228916
1 0.9143239625167336 0.3973393574297189 0.0428380187416332 0.0760542168674699
1 0.7851405622489960 0.3975903614457831 0.0374832663989291 0.0675200803212851
1 0.7459839357429718 0.3980923694779117 0.0401606425702811 0.0692771084337349
1 0.7064926372155288 0.3968373493975904 0.0391566265060241 0.0687751004016064
1 0.6683400267737617 0.3975903614457831 0.0361445783132530 0.0732931726907630
1 0.6670013386880856 0.4937248995983936 0.0361445783132530 0.0707831325301205
1 0.1787148594377510 0.5971385542168675 0.0398259705488621 0.0690261044176707
1 0.2172021419009371 0.5963855421686747 0.0351405622489960 0.0702811244979920
1 0.2543507362784471 0.5971385542168675 0.0354752342704150 0.0690261044176707
1 0.6696787148594378 0.7873995983935743 0.0997322623828648 0.0886044176706827
1 0.5609103078982597 0.7848895582329317 0.1184738955823293 0.0906124497991968
1 0.4487951807228915 0.7868975903614458 0.1064257028112450 0.0941265060240964
1 0.3273092369477912 0.7879016064257028 0.1047523427041499 0.0936244979919679
1 0.2044846050870147 0.7858935742971888 0.1281793842034806 0.0795682730923695
1 0.2205488621151272 0.6887550200803213 0.1539491298527443 0.0810742971887550
1 0.3728246318607764 0.6857429718875502 0.1472556894243641 0.0840863453815261
1 0.5274431057563588 0.6834839357429718 0.1599732262382865 0.0790662650602410
1 0.6566265060240963 0.6832329317269076 0.0973895582329317 0.0820783132530120
1 0.1151271753681392 0.1669176706827309 0.0388219544846051 0.0707831325301205
1 0.1519410977242303 0.1654116465863454 0.0351405622489960 0.0725401606425703
1 0.7704149933065596 0.6892570281124498 0.1024096385542169 0.0923694779116466
1 0.8698125836680054 0.6877510040160643 0.0987282463186078 0.0946285140562249
1 0.8179384203480589 0.5893574297188755 0.0358099062918340 0.0657630522088353
1 0.8564257028112450 0.5906124497991968 0.0401606425702811 0.0632530120481928
1 0.8952476572958501 0.5896084337349398 0.0398259705488621 0.0662650602409639
1 0.7777777777777778 0.5901104417670683 0.0428380187416332 0.0705321285140562
1 0.7372824631860776 0.5911144578313253 0.0394912985274431 0.0692771084337349
1 0.6954484605087015 0.5923694779116466 0.0414993306559572 0.0690261044176707
1 0.6566265060240963 0.5931224899598394 0.0351405622489960 0.0667670682730924
1 0.6211512717536813 0.5933734939759037 0.0358099062918340 0.0670180722891566
1 0.5846720214190094 0.5928714859437751 0.0354752342704150 0.0665160642570281
1 0.5471887550200804 0.5941265060240963 0.0381526104417671 0.0685240963855422
1 0.5093708165997323 0.5941265060240963 0.0361445783132530 0.0690261044176707
1 0.4745649263721553 0.5916164658634538 0.0314591700133869 0.0735441767068273
1 0.4387550200803213 0.5933734939759037 0.0378179384203481 0.0675200803212851
1 0.3999330655957162 0.5948795180722891 0.0338018741633199 0.0700301204819277
1 0.3289825970548862 0.5943775100401606 0.0341365461847390 0.0665160642570281
1 0.2911646586345382 0.5968875502008032 0.0361445783132530 0.0692771084337349
1 0.6291834002677377 0.3985943775100402 0.0398259705488621 0.0722891566265060
1 0.5876840696117804 0.4003514056224899 0.0414993306559572 0.0707831325301205
1 0.7068273092369478 0.4944779116465863 0.0378179384203481 0.0682730923694779
1 0.8607764390896921 0.7833835341365462 0.0987282463186078 0.0928714859437751
1 0.8360107095046854 0.1588855421686747 0.0411646586345382 0.0825803212851406
1 0.8728246318607764 0.1576305220883534 0.0331325301204819 0.0798192771084337
1 0.9103078982597055 0.1583835341365462 0.0428380187416332 0.0775602409638554
1 0.9159973226238286 0.2901606425702811 0.0391566265060241 0.0730421686746988
1 0.2376171352074967 0.3009538152610442 0.0384872824631861 0.0730421686746988
1 0.8343373493975904 0.2926706827309237 0.0394912985274431 0.0750502008032129
1 0.7951807228915663 0.2941767068273092 0.0404953145917001 0.0722891566265060
1 0.7533467202141901 0.2961847389558233 0.0425033467202142 0.0753012048192771
1 0.7125167336010709 0.2971887550200803 0.0388219544846051 0.0722891566265060
1 0.6760374832663989 0.2994477911646586 0.0341365461847390 0.0760542168674699
1 0.6372155287817939 0.3004518072289157 0.0391566265060241 0.0732931726907630
1 0.6419009370816600 0.2462349397590362 0.0371485943775100 0.0306224899598394
1 0.7975234270414994 0.1583835341365462 0.0361445783132530 0.0813253012048193
1 0.6030789825970548 0.2484939759036145 0.0371485943775100 0.0291164658634538
1 0.2757697456492637 0.3002008032128514 0.0394912985274431 0.0722891566265060
1 0.3159303882195448 0.2999497991967872 0.0408299866131191 0.0737951807228916
1 0.3564257028112450 0.3012048192771085 0.0411646586345382 0.0760542168674699
1 0.3965863453815261 0.3009538152610442 0.0388219544846051 0.0760542168674699
1 0.4344042838018742 0.3014558232931727 0.0361445783132530 0.0755522088353414
1 0.5552208835341366 0.2517570281124498 0.0421686746987952 0.0225903614457831
1 0.5150602409638554 0.2477409638554217 0.0394912985274431 0.0306224899598394
1 0.4755689424364123 0.2477409638554217 0.0374832663989291 0.0318775100401606
1 0.4732262382864793 0.3007028112449799 0.0394912985274431 0.0740461847389558
1 0.5130522088353414 0.3012048192771085 0.0381526104417671 0.0732931726907630
1 0.5555555555555556 0.2999497991967872 0.0428380187416332 0.0725401606425703
1 0.1867469879518072 0.1636546184738956 0.0311244979919679 0.0763052208835341
1 0.5957161981258366 0.2999497991967872 0.0398259705488621 0.0737951807228916
1 0.7550200803212851 0.1601405622489960 0.0465194109772423 0.0833333333333333
1 0.8758366800535475 0.2911646586345382 0.0418340026773762 0.0720381526104418
1 0.6596385542168675 0.1639056224899599 0.0431726907630522 0.0680220883534137
1 0.5478580990629184 0.3990963855421687 0.0354752342704150 0.0702811244979920
1 0.5070281124497992 0.4008534136546185 0.0438420348058902 0.0695281124497992
1 0.4678714859437751 0.4016064257028112 0.0348058902275770 0.0692771084337349
1 0.4303882195448461 0.4016064257028112 0.0371485943775100 0.0682730923694779
1 0.3932396251673360 0.4008534136546185 0.0361445783132530 0.0677710843373494
1 0.3567603748326640 0.4016064257028112 0.0371485943775100 0.0682730923694779
1 0.3172690763052209 0.4021084337349398 0.0374832663989291 0.0665160642570281
1 0.7021419009370816 0.1611445783132530 0.0421686746987952 0.0750502008032129
1 0.2426372155287818 0.4033634538152611 0.0368139223560910 0.0675200803212851
1 0.2031459170013387 0.4018574297188755 0.0398259705488621 0.0700301204819277
1 0.1659973226238287 0.4023594377510040 0.0344712182061580 0.0695281124497992
1 0.1285140562248996 0.4016064257028112 0.0411646586345382 0.0692771084337349
1 0.1134538152610442 0.3004518072289157 0.0418340026773762 0.0775602409638554
1 0.1562918340026774 0.3009538152610442 0.0421686746987952 0.0760542168674699
1 0.2801204819277108 0.4021084337349398 0.0381526104417671 0.0642570281124498
1 0.2215528781793842 0.1664156626506024 0.0398259705488621 0.0798192771084337
1 0.1961178045515395 0.3004518072289157 0.0398259705488621 0.0745481927710843
1 0.6224899598393574 0.1644076305220883 0.0301204819277108 0.0657630522088353
1 0.5846720214190094 0.1641566265060241 0.0445113788487282 0.0775602409638554
1 0.5425033467202142 0.1639056224899599 0.0418340026773762 0.0788152610441767
1 0.4615127175368139 0.1636546184738956 0.0381526104417671 0.0790662650602410
1 0.5023427041499331 0.1641566265060241 0.0384872824631861 0.0775602409638554
1 0.3815261044176707 0.1644076305220883 0.0374832663989291 0.0805722891566265
1 0.3433734939759036 0.1661646586345382 0.0381526104417671 0.0783132530120482
1 0.3005354752342704 0.1169678714859438 0.0425033467202142 0.0230923694779116
1 0.3028781793842035 0.1681726907630522 0.0391566265060241 0.0763052208835341
1 0.2620481927710843 0.1671686746987952 0.0391566265060241 0.0775602409638554
1 0.4213520749665328 0.1654116465863454 0.0398259705488621 0.0768072289156626
