1 0.1220034246575342 0.4612980769230769 0.0410958904109589 0.0475961538461538
1 0.0766267123287671 0.4622596153846154 0.0342465753424658 0.0495192307692308
1 0.0402397260273973 0.4649038461538462 0.0273972602739726 0.0747596153846154
1 0.0166952054794521 0.4158653846153846 0.0205479452054795 0.0853365384615385
1 0.9610445205479452 0.3812500000000000 0.0556506849315068 0.0358173076923077
1 0.7328767123287672 0.3932692307692308 0.0351027397260274 0.0490384615384615
1 0.7838184931506850 0.4052884615384615 0.0612157534246575 0.0271634615384615
1 0.7851027397260274 0.3745192307692308 0.0517979452054795 0.0298076923076923
1 0.6922089041095890 0.3939903846153846 0.0380993150684932 0.0514423076923077
1 0.6515410958904110 0.3913461538461538 0.0436643835616438 0.0504807692307692
1 0.6005993150684932 0.3937500000000000 0.0389554794520548 0.0435096153846154
1 0.1673801369863014 0.4627403846153846 0.0393835616438356 0.0485576923076923
1 0.8523116438356164 0.4043269230769231 0.0672089041095890 0.0266826923076923
1 0.2059075342465753 0.4620192307692308 0.0338184931506849 0.0492788461538462
1 0.7333047945205480 0.4711538461538461 0.0363869863013699 0.0423076923076923
1 0.3711472602739726 0.4646634615384616 0.0333904109589041 0.0468750000000000
1 0.4066780821917808 0.4641826923076923 0.0346746575342466 0.0456730769230769
1 0.4434931506849315 0.4598557692307692 0.0286815068493151 0.0497596153846154
1 0.4884417808219178 0.4617788461538462 0.0440924657534247 0.0550480769230769
1 0.5355308219178082 0.4625000000000000 0.0372431506849315 0.0502403846153846
1 0.5839041095890410 0.4658653846153846 0.0496575342465753 0.0468750000000000
1 0.6583904109589042 0.4687500000000000 0.0359589041095890 0.0451923076923077
1 0.6973458904109590 0.4711538461538461 0.0342465753424658 0.0415865384615385
1 0.5625000000000000 0.3937500000000000 0.0376712328767123 0.0432692307692308
1 0.7726883561643836 0.4704326923076923 0.0355308219178082 0.0401442307692308
1 0.8347602739726028 0.4685096153846154 0.0672089041095890 0.0439903846153846
1 0.8994006849315068 0.4694711538461538 0.0466609589041096 0.0415865384615385
1 0.0950342465753425 0.5430288461538462 0.0179794520547945 0.0355769230769231
1 0.1172945205479452 0.5447115384615384 0.0235445205479452 0.0329326923076923
1 0.3202054794520548 0.4629807692307693 0.0595034246575342 0.0454326923076923
1 0.5235445205479452 0.3925480769230769 0.0389554794520548 0.0487980769230769
1 0.0346746575342466 0.3274038461538462 0.0299657534246575 0.0468750000000000
1 0.4233732876712329 0.3990384615384616 0.0676369863013699 0.0269230769230769
1 0.3861301369863014 0.5391826923076923 0.0201198630136986 0.0093750000000000
1 0.3651541095890411 0.5396634615384616 0.0175513698630137 0.0086538461538462
1 0.3454623287671233 0.5555288461538461 0.0175513698630137 0.0112980769230769
1 0.3270547945205479 0.5379807692307692 0.0205479452054795 0.0427884615384615
1 0.3035102739726027 0.5379807692307692 0.0214041095890411 0.0411057692307692
1 0.2744006849315068 0.5420673076923077 0.0333904109589041 0.0338942307692308
1 0.1057363013698630 0.3110576923076923 0.0308219178082192 0.0536057692307692
1 0.1438356164383562 0.3120192307692308 0.0325342465753425 0.0531250000000000
1 0.1827910958904110 0.2930288461538462 0.0398116438356164 0.0449519230769231
1 0.2675513698630137 0.2959134615384615 0.0423801369863014 0.0459134615384615
1 0.3095034246575342 0.2968750000000000 0.0376712328767123 0.0463942307692308
1 0.3501712328767123 0.2978365384615385 0.0359589041095890 0.0497596153846154
1 0.3929794520547945 0.2971153846153846 0.0462328767123288 0.0483173076923077
1 0.4366438356164384 0.2954326923076923 0.0286815068493151 0.0543269230769231
1 0.4815924657534247 0.3915865384615385 0.0432363013698630 0.0451923076923077
1 0.4708904109589041 0.2966346153846154 0.0256849315068493 0.0516826923076923
1 0.5419520547945206 0.3021634615384615 0.0402397260273973 0.0483173076923077
1 0.5839041095890410 0.3026442307692307 0.0410958904109589 0.0447115384615385
1 0.6262842465753424 0.3043269230769231 0.0380993150684932 0.0475961538461538
1 0.6695205479452054 0.3024038461538461 0.0449486301369863 0.0504807692307692
1 0.7153253424657534 0.3019230769230769 0.0440924657534247 0.0500000000000000
1 0.0162671232876712 0.2403846153846154 0.0286815068493151 0.0605769230769231
1 0.0791952054794521 0.3877403846153846 0.0440924657534247 0.0485576923076923
1 0.1232876712328767 0.3867788461538462 0.0393835616438356 0.0471153846153846
1 0.1639554794520548 0.3877403846153846 0.0423801369863014 0.0485576923076923
1 0.2076198630136986 0.3884615384615385 0.0368150684931507 0.0483173076923077
1 0.2478595890410959 0.3884615384615385 0.0376712328767123 0.0502403846153846
1 0.2855308219178082 0.3899038461538462 0.0346746575342466 0.0483173076923077
1 0.3296232876712329 0.3896634615384615 0.0385273972602740 0.0478365384615385
1 0.3677226027397260 0.3920673076923077 0.0355308219178082 0.0466346153846154
1 0.5000000000000000 0.2971153846153846 0.0316780821917808 0.0555288461538462
1 0.2255993150684932 0.2956730769230769 0.0419520547945205 0.0439903846153846
1 0.0291095890410959 0.7514423076923077 0.0496575342465753 0.0442307692307692
1 0.3861301369863014 0.5478365384615385 0.0201198630136986 0.0067307692307692
1 0.4982876712328767 0.6201923076923077 0.0676369863013699 0.0497596153846154
1 0.4259417808219178 0.6418269230769231 0.0642123287671233 0.0168269230769231
1 0.3591609589041096 0.6276442307692308 0.0586472602739726 0.0367788461538462
1 0.2919520547945205 0.6187500000000000 0.0599315068493151 0.0603365384615385
1 0.2358732876712329 0.6286057692307693 0.0402397260273973 0.0411057692307692
1 0.1973458904109589 0.6276442307692308 0.0252568493150685 0.0449519230769231
1 0.1652397260273973 0.6262019230769231 0.0351027397260274 0.0485576923076923
1 0.1331335616438356 0.6290865384615385 0.0239726027397260 0.0492788461538462
1 0.1035958904109589 0.6276442307692308 0.0308219178082192 0.0514423076923077
1 0.0727739726027397 0.6254807692307692 0.0226883561643836 0.0670673076923077
1 0.0449486301369863 0.5754807692307692 0.0325342465753425 0.0906250000000000
1 0.9828767123287672 0.5420673076923077 0.0282534246575342 0.0456730769230769
1 0.9507705479452054 0.5401442307692308 0.0261130136986301 0.0495192307692308
1 0.5547945205479452 0.6254807692307692 0.0308219178082192 0.0492788461538462
1 0.8921232876712328 0.5372596153846154 0.0453767123287671 0.0550480769230769
1 0.7367294520547946 0.5360576923076923 0.0428082191780822 0.0536057692307692
1 0.6870719178082192 0.5350961538461538 0.0530821917808219 0.0545673076923077
1 0.6254280821917808 0.5343750000000000 0.0406678082191781 0.0528846153846154
1 0.1121575342465753 0.8173076923076923 0.0398116438356164 0.0562500000000000
1 0.1682363013698630 0.8149038461538461 0.0633561643835616 0.0576923076923077
1 0.2517123287671233 0.7983173076923077 0.0552226027397260 0.0721153846153846
1 0.3279109589041096 0.8000000000000000 0.0620719178082192 0.0822115384615385
1 0.3938356164383562 0.7963942307692308 0.0526541095890411 0.0805288461538462
1 0.4580479452054795 0.8100961538461539 0.0616438356164384 0.0576923076923077
1 0.5483732876712328 0.8067307692307693 0.1061643835616438 0.0699519230769231
1 0.6549657534246576 0.8016826923076923 0.0860445205479452 0.0754807692307692
1 0.7247431506849316 0.8093750000000000 0.0453767123287671 0.0545673076923077
1 0.8000856164383562 0.8067307692307693 0.0946061643835616 0.0706730769230769
1 0.7992294520547946 0.5358173076923077 0.0667808219178082 0.0480769230769231
1 0.3655821917808219 0.5490384615384616 0.0179794520547945 0.0076923076923077
1 0.5881849315068494 0.6262019230769231 0.0321061643835616 0.0487980769230769
1 0.6626712328767124 0.6223557692307692 0.0269691780821918 0.0557692307692308
1 0.9083904109589042 0.7225961538461538 0.0475171232876712 0.0259615384615385
1 0.8595890410958904 0.7081730769230770 0.0239726027397260 0.0468750000000000
1 0.8334760273972602 0.7067307692307693 0.0248287671232877 0.0516826923076923
1 0.8060787671232876 0.7117788461538461 0.0188356164383562 0.0447115384615385
1 0.7872431506849316 0.7122596153846154 0.0166952054794521 0.0454326923076923
1 0.7448630136986302 0.7105769230769231 0.0590753424657534 0.0447115384615385
1 0.6879280821917808 0.7105769230769231 0.0509417808219178 0.0444711538461538
1 0.6190068493150684 0.7204326923076924 0.0753424657534247 0.0225961538461538
1 0.5449486301369864 0.7050480769230769 0.0509417808219178 0.0507211538461538
1 0.4233732876712329 0.7230769230769231 0.0458047945205479 0.0151442307692308
1 0.4760273972602740 0.7074519230769231 0.0458047945205479 0.0475961538461538
1 0.3728595890410959 0.7120192307692308 0.0415239726027397 0.0391826923076923
1 0.3249143835616438 0.7091346153846154 0.0475171232876712 0.0463942307692308
1 0.6314212328767124 0.6182692307692308 0.0256849315068493 0.0663461538461538
1 0.2636986301369863 0.7076923076923077 0.0569349315068493 0.0579326923076923
1 0.1502568493150685 0.7084134615384615 0.0539383561643836 0.0567307692307692
1 0.0907534246575342 0.7088942307692307 0.0582191780821918 0.0557692307692308
1 0.0269691780821918 0.6824519230769230 0.0496575342465753 0.0471153846153846
1 0.9220890410958904 0.6824519230769230 0.0526541095890411 0.0225961538461538
1 0.9148116438356164 0.6567307692307692 0.0462328767123288 0.0257211538461538
1 0.9546232876712328 0.6324519230769231 0.0338184931506849 0.0314903846153846
1 0.9186643835616438 0.6146634615384615 0.0368150684931507 0.0201923076923077
1 0.9546232876712328 0.5865384615384616 0.0513698630136986 0.0331730769230769
1 0.8621575342465754 0.6237980769230769 0.0333904109589041 0.0504807692307692
1 0.8189212328767124 0.6300480769230770 0.0351027397260274 0.0389423076923077
1 0.7641267123287672 0.6218750000000000 0.0402397260273973 0.0564903846153846
1 0.7247431506849316 0.6177884615384616 0.0273972602739726 0.0665865384615385
1 0.6939212328767124 0.6173076923076923 0.0273972602739726 0.0656250000000000
1 0.2071917808219178 0.7064903846153846 0.0530821917808219 0.0605769230769231
1 0.8741438356164384 0.8088942307692307 0.0488013698630137 0.0579326923076923
1 0.1532534246575342 0.5396634615384616 0.0333904109589041 0.0435096153846154
1 0.9456335616438356 0.7466346153846154 0.0248287671232877 0.0471153846153846
1 0.9798801369863014 0.7447115384615385 0.0359589041095890 0.0454326923076923
1 0.9567636986301370 0.8182692307692307 0.0603595890410959 0.0420673076923077
1 0.2337328767123288 0.5430288461538462 0.0449486301369863 0.0389423076923077
1 0.5800513698630136 0.5365384615384615 0.0333904109589041 0.0516826923076923
1 0.5346746575342466 0.5389423076923077 0.0398116438356164 0.0473557692307692
1 0.0428082191780822 0.8173076923076923 0.0423801369863014 0.0500000000000000
1 0.4559075342465753 0.5387019230769231 0.0359589041095890 0.0442307692307692
1 0.4186643835616438 0.5341346153846154 0.0273972602739726 0.0514423076923077
1 0.3916952054794521 0.5576923076923077 0.0175513698630137 0.0072115384615385
1 0.3698630136986301 0.5569711538461538 0.0184075342465753 0.0064903846153846
1 0.4910102739726027 0.5394230769230769 0.0355308219178082 0.0406250000000000
