1 0.8892973856209150 0.5453431372549019 0.0718954248366013 0.0422794117647059
1 0.9648692810457516 0.5447303921568627 0.0702614379084967 0.0413602941176471
1 0.0657679738562092 0.7193627450980392 0.0951797385620915 0.0536151960784314
1 0.3022875816993464 0.7208946078431373 0.0694444444444444 0.0474877450980392
1 0.0620915032679739 0.6651348039215687 0.0906862745098039 0.0502450980392157
1 0.1527777777777778 0.7156862745098039 0.0792483660130719 0.0618872549019608
1 0.2275326797385621 0.7141544117647058 0.0674019607843137 0.0520833333333333
1 0.1466503267973856 0.6629901960784313 0.0710784313725490 0.0352328431372549
1 0.2230392156862745 0.6599264705882353 0.0669934640522876 0.0474877450980392
1 0.2986111111111111 0.6669730392156863 0.0710784313725490 0.0542279411764706
1 0.5073529411764706 0.5707720588235294 0.0669934640522876 0.0612745098039216
1 0.7103758169934641 0.5094975490196079 0.0755718954248366 0.0309436274509804
1 0.9689542483660131 0.3679534313725490 0.0629084967320261 0.0389093137254902
1 0.3762254901960784 0.7159926470588235 0.0649509803921569 0.0585171568627451
1 0.0367647058823529 0.5845588235294118 0.0735294117647059 0.0548406862745098
1 0.0355392156862745 0.5263480392156863 0.0714869281045752 0.0554534313725490
1 0.1266339869281046 0.5955882352941176 0.0816993464052288 0.0309436274509804
1 0.1176470588235294 0.5585171568627451 0.0796568627450980 0.0327818627450980
1 0.2071078431372549 0.5962009803921569 0.0723039215686275 0.0294117647058824
1 0.2001633986928105 0.5612745098039216 0.0763888888888889 0.0306372549019608
1 0.1964869281045752 0.5266544117647058 0.0767973856209150 0.0309436274509804
1 0.8125000000000000 0.5481004901960784 0.0714869281045752 0.0410539215686275
1 0.2814542483660131 0.5867034313725490 0.0718954248366013 0.0533088235294118
1 0.4321895424836601 0.5778186274509803 0.0698529411764706 0.0572916666666667
1 0.2769607843137255 0.5294117647058824 0.0747549019607843 0.0563725490196078
1 0.3558006535947713 0.5242034313725490 0.0763888888888889 0.0554534313725490
1 0.5849673202614379 0.5695465686274510 0.0755718954248366 0.0814950980392157
1 0.6605392156862745 0.5683210784313726 0.0674019607843137 0.0793504901960784
1 0.7352941176470589 0.5661764705882353 0.0706699346405229 0.0796568627450980
1 0.8120915032679739 0.5876225490196079 0.0706699346405229 0.0355392156862745
1 0.8876633986928104 0.5885416666666666 0.0723039215686275 0.0352328431372549
1 0.9632352941176471 0.5851715686274510 0.0739379084967320 0.0306372549019608
1 0.3566176470588235 0.5836397058823529 0.0714869281045752 0.0530024509803922
1 0.3754084967320261 0.6553308823529411 0.0661764705882353 0.0471813725490196
1 0.7973856209150327 0.8268995098039216 0.0563725490196078 0.0600490196078431
1 0.5098039215686274 0.6565563725490197 0.0690359477124183 0.0517769607843137
1 0.3149509803921569 0.8412990196078431 0.0645424836601307 0.0621936274509804
1 0.3848039215686275 0.8373161764705882 0.0633169934640523 0.0695465686274510
1 0.4542483660130719 0.8367034313725490 0.0674019607843137 0.0667892156862745
1 0.5245098039215687 0.8336397058823529 0.0580065359477124 0.0692401960784314
1 0.6666666666666666 0.8446691176470589 0.0616830065359477 0.0631127450980392
1 0.7340686274509803 0.8409926470588235 0.0580065359477124 0.0609681372549020
1 0.2393790849673203 0.8045343137254902 0.0755718954248366 0.0471813725490196
1 0.8741830065359477 0.8394607843137255 0.0694444444444444 0.0710784313725490
1 0.8794934640522876 0.7886029411764706 0.0767973856209150 0.0248161764705882
1 0.7250816993464052 0.7935049019607843 0.0772058823529412 0.0294117647058824
1 0.6311274509803921 0.7895220588235294 0.1033496732026144 0.0266544117647059
1 0.5273692810457516 0.7830882352941176 0.0706699346405229 0.0251225490196078
1 0.4289215686274510 0.7913602941176471 0.0792483660130719 0.0159313725490196
1 0.8909313725490197 0.3664215686274510 0.0755718954248366 0.0425857843137255
1 0.9497549019607843 0.8406862745098039 0.0559640522875817 0.0692401960784314
1 0.2438725490196078 0.8563112745098039 0.0686274509803922 0.0520833333333333
1 0.1560457516339869 0.8082107843137255 0.0825163398692810 0.0453431372549020
1 0.1625816993464052 0.8593750000000000 0.0808823529411765 0.0490196078431373
1 0.4473039215686275 0.7132352941176471 0.0690359477124183 0.0551470588235294
1 0.5216503267973857 0.7156862745098039 0.0714869281045752 0.0530024509803922
1 0.5906862745098039 0.7089460784313726 0.0625000000000000 0.0600490196078431
1 0.5898692810457516 0.6599264705882353 0.0641339869281046 0.0379901960784314
1 0.6605392156862745 0.6559436274509803 0.0702614379084967 0.0321691176470588
1 0.6613562091503268 0.7086397058823529 0.0690359477124183 0.0661764705882353
1 0.7344771241830066 0.7040441176470589 0.0657679738562092 0.0753676470588235
1 0.8080065359477124 0.7120098039215687 0.0686274509803922 0.0481004901960784
1 0.8786764705882353 0.7113970588235294 0.0727124183006536 0.0441176470588235
1 0.9481209150326797 0.7068014705882353 0.0580065359477124 0.0533088235294118
1 0.8063725490196079 0.6596200980392157 0.0625000000000000 0.0484068627450980
1 0.8758169934640523 0.6596200980392157 0.0694444444444444 0.0511642156862745
1 0.9436274509803921 0.6458333333333334 0.0559640522875817 0.0487132352941176
1 0.0788398692810457 0.8618259803921569 0.0808823529411765 0.0422794117647059
1 0.0710784313725490 0.8112745098039216 0.0686274509803922 0.0557598039215686
1 0.4428104575163399 0.6544117647058824 0.0575980392156863 0.0471813725490196
1 0.9660947712418301 0.4102328431372549 0.0669934640522876 0.0404411764705882
1 0.5988562091503268 0.8412990196078431 0.0718954248366013 0.0689338235294118
1 0.9656862745098039 0.4522058823529412 0.0690359477124183 0.0373774509803922
1 0.9223856209150327 0.1194852941176471 0.0800653594771242 0.0395220588235294
1 0.9734477124183006 0.0814950980392157 0.0543300653594771 0.0346200980392157
1 0.0870098039215686 0.3079044117647059 0.0915032679738562 0.0379901960784314
1 0.0825163398692810 0.2659313725490196 0.0951797385620915 0.0435049019607843
1 0.0804738562091503 0.2218137254901961 0.0943627450980392 0.0422794117647059
1 0.1752450980392157 0.2242647058823529 0.0878267973856209 0.0422794117647059
1 0.1793300653594771 0.2674632352941176 0.0955882352941176 0.0392156862745098
1 0.1789215686274510 0.3088235294117647 0.0857843137254902 0.0401348039215686
1 0.2663398692810457 0.3115808823529412 0.0804738562091503 0.0389093137254902
1 0.3496732026143791 0.3106617647058824 0.0816993464052288 0.0367647058823529
1 0.4325980392156863 0.3091299019607843 0.0759803921568627 0.0358455882352941
1 0.5167483660130719 0.3082107843137255 0.0829248366013072 0.0379901960784314
1 0.6000816993464052 0.3085171568627451 0.0808823529411765 0.0367647058823529
1 0.9003267973856209 0.0802696078431373 0.0796568627450980 0.0343137254901961
1 0.6805555555555556 0.3088235294117647 0.0767973856209150 0.0376838235294118
1 0.8410947712418301 0.3060661764705883 0.0735294117647059 0.0297181372549020
1 0.9207516339869281 0.3057598039215687 0.0735294117647059 0.0337009803921569
1 0.4383169934640523 0.2723651960784313 0.0816993464052288 0.0196078431372549
1 0.5931372549019608 0.2699142156862745 0.0825163398692810 0.0373774509803922
1 0.6801470588235294 0.2686887254901961 0.0763888888888889 0.0333946078431373
1 0.7606209150326797 0.2702205882352941 0.0755718954248366 0.0379901960784314
1 0.8406862745098039 0.2686887254901961 0.0792483660130719 0.0373774509803922
1 0.8888888888888888 0.4099264705882353 0.0776143790849673 0.0398284313725490
1 0.9191176470588235 0.2680759803921569 0.0682189542483660 0.0364583333333333
1 0.5992647058823529 0.2374387254901961 0.0829248366013072 0.0208333333333333
1 0.5151143790849673 0.2637867647058824 0.0608660130718954 0.0303308823529412
1 0.6789215686274510 0.2313112745098039 0.0739379084967320 0.0386029411764706
1 0.7581699346405228 0.2306985294117647 0.0763888888888889 0.0373774509803922
1 0.7610294117647058 0.3072916666666667 0.0763888888888889 0.0346200980392157
1 0.8406862745098039 0.2291666666666667 0.0731209150326797 0.0386029411764706
1 0.8247549019607843 0.0848651960784314 0.0620915032679739 0.0343137254901961
1 0.7512254901960784 0.0808823529411765 0.0747549019607843 0.0450367647058824
1 0.0723039215686275 0.1562500000000000 0.0923202614379085 0.0419730392156863
1 0.0653594771241830 0.1118259803921569 0.0943627450980392 0.0447303921568627
1 0.0600490196078431 0.0649509803921569 0.0939542483660131 0.0453431372549020
1 0.1548202614379085 0.0664828431372549 0.0890522875816993 0.0435049019607843
1 0.1609477124183007 0.1124387254901961 0.0927287581699346 0.0435049019607843
1 0.1658496732026144 0.1577818627450980 0.0902777777777778 0.0428921568627451
1 0.2577614379084967 0.1593137254901961 0.0841503267973856 0.0389093137254902
1 0.2524509803921569 0.1164215686274510 0.0825163398692810 0.0450367647058824
1 0.2479575163398693 0.0713848039215686 0.0804738562091503 0.0401348039215686
1 0.3337418300653595 0.0713848039215686 0.0870098039215686 0.0401348039215686
1 0.3398692810457516 0.1194852941176471 0.0837418300653595 0.0416666666666667
1 0.3439542483660131 0.1614583333333333 0.0792483660130719 0.0386029411764706
1 0.4268790849673202 0.1599264705882353 0.0800653594771242 0.0382965686274510
1 0.8361928104575164 0.1207107843137255 0.0796568627450980 0.0349264705882353
1 0.5089869281045751 0.1583946078431372 0.0792483660130719 0.0352328431372549
1 0.6772875816993464 0.1590073529411765 0.0796568627450980 0.0379901960784314
1 0.7573529411764706 0.1580882352941176 0.0747549019607843 0.0364583333333333
1 0.8394607843137255 0.1590073529411765 0.0792483660130719 0.0361519607843137
1 0.9207516339869281 0.1590073529411765 0.0735294117647059 0.0364583333333333
1 0.4240196078431372 0.0741421568627451 0.0866013071895425 0.0382965686274510
1 0.4244281045751634 0.1179534313725490 0.0808823529411765 0.0410539215686275
1 0.5093954248366013 0.1182598039215686 0.0804738562091503 0.0395220588235294
1 0.5085784313725490 0.0765931372549020 0.0718954248366013 0.0364583333333333
1 0.5065359477124183 0.0444240196078431 0.0804738562091503 0.0229779411764706
1 0.5980392156862745 0.0750612745098039 0.0861928104575163 0.0398284313725490
1 0.5943627450980392 0.1167279411764706 0.0816993464052288 0.0413602941176471
1 0.6699346405228758 0.1222426470588235 0.0649509803921569 0.0337009803921569
1 0.7516339869281046 0.1219362745098039 0.0808823529411765 0.0333946078431373
1 0.5931372549019608 0.1590073529411765 0.0829248366013072 0.0379901960784314
1 0.9183006535947712 0.2297794117647059 0.0755718954248366 0.0376838235294118
1 0.1691176470588235 0.4610906862745098 0.0816993464052288 0.0370710784313725
1 0.3537581699346405 0.2711397058823529 0.0743464052287582 0.0398284313725490
1 0.3300653594771242 0.4243259803921569 0.0759803921568627 0.0370710784313725
1 0.2512254901960784 0.4255514705882353 0.0743464052287582 0.0327818627450980
1 0.3316993464052287 0.4601715686274510 0.0759803921568627 0.0306372549019608
1 0.2528594771241830 0.4617034313725490 0.0780228758169935 0.0340073529411765
1 0.1683006535947713 0.4243259803921569 0.0825163398692810 0.0343137254901961
1 0.1789215686274510 0.3826593137254902 0.0861928104575163 0.0431985294117647
1 0.0723039215686275 0.3835784313725490 0.0902777777777778 0.0382965686274510
1 0.2700163398692810 0.2693014705882353 0.0821078431372549 0.0413602941176471
1 0.4889705882352941 0.4457720588235294 0.0759803921568627 0.0612745098039216
1 0.5682189542483660 0.4460784313725490 0.0784313725490196 0.0621936274509804
1 0.6507352941176471 0.4439338235294117 0.0784313725490196 0.0621936274509804
1 0.7308006535947712 0.4466911764705883 0.0759803921568627 0.0609681372549020
1 0.4089052287581699 0.4463848039215687 0.0690359477124183 0.0600490196078431
1 0.7998366013071896 0.4025735294117647 0.0584150326797386 0.0416666666666667
1 0.8047385620915033 0.4488357843137255 0.0620915032679739 0.0425857843137255
1 0.6437908496732027 0.3768382352941176 0.0559640522875817 0.0615808823529412
1 0.0808823529411765 0.4617034313725490 0.0886437908496732 0.0358455882352941
1 0.4350490196078431 0.2527573529411765 0.0755718954248366 0.0125612745098039
1 0.3529411764705883 0.2313112745098039 0.0759803921568627 0.0386029411764706
1 0.0792483660130719 0.4227941176470588 0.0915032679738562 0.0361519607843137
1 0.5649509803921569 0.3799019607843137 0.0718954248366013 0.0649509803921569
1 0.2720588235294117 0.2297794117647059 0.0759803921568627 0.0376838235294118
1 0.4771241830065360 0.3817401960784313 0.0796568627450980 0.0612745098039216
1 0.4035947712418301 0.3811274509803921 0.0641339869281046 0.0628063725490196
1 0.7291666666666666 0.3915441176470588 0.0702614379084967 0.0425857843137255
1 0.8860294117647058 0.4522058823529412 0.0808823529411765 0.0422794117647059
