1 0.9864583333333333 0.1367187500000000 0.0260416666666667 0.0648437500000000
1 0.9479166666666666 0.1335937500000000 0.0416666666666667 0.0636718750000000
1 0.8958333333333334 0.1285156250000000 0.0494791666666667 0.0652343750000000
1 0.8401041666666667 0.1265625000000000 0.0505208333333333 0.0644531250000000
1 0.7786458333333334 0.1238281250000000 0.0572916666666667 0.0714843750000000
1 0.7125000000000000 0.1195312500000000 0.0645833333333333 0.0828125000000000
1 0.3953125000000000 0.0976562500000000 0.0885416666666667 0.1007812500000000
1 0.5635416666666667 0.1097656250000000 0.0770833333333333 0.0906250000000000
1 0.4828125000000000 0.1031250000000000 0.0807291666666667 0.0902343750000000
1 0.2994791666666667 0.0914062500000000 0.0984375000000000 0.0968750000000000
1 0.1947916666666667 0.0812500000000000 0.1072916666666667 0.1046875000000000
1 0.0770833333333333 0.0718750000000000 0.1218750000000000 0.1171875000000000
1 0.0953125000000000 0.1691406250000000 0.1166666666666667 0.0648437500000000
1 0.6406250000000000 0.1148437500000000 0.0682291666666667 0.0914062500000000
1 0.2088541666666667 0.1738281250000000 0.1015625000000000 0.0605468750000000
1 0.6031250000000000 0.6707031250000000 0.0645833333333333 0.0437500000000000
1 0.4036458333333333 0.1800781250000000 0.0833333333333333 0.0460937500000000
1 0.4015625000000000 0.2472656250000000 0.0833333333333333 0.0593750000000000
1 0.3098958333333333 0.2468750000000000 0.0921875000000000 0.0601562500000000
1 0.2098958333333333 0.2460937500000000 0.1005208333333333 0.0582031250000000
1 0.1026041666666667 0.2460937500000000 0.1088541666666667 0.0679687500000000
1 0.0218750000000000 0.2445312500000000 0.0442708333333333 0.0648437500000000
1 0.9838541666666667 0.2042968750000000 0.0307291666666667 0.0414062500000000
1 0.3135416666666667 0.1781250000000000 0.0901041666666667 0.0523437500000000
1 0.9395833333333333 0.2007812500000000 0.0479166666666667 0.0429687500000000
1 0.8291666666666667 0.1976562500000000 0.0546875000000000 0.0437500000000000
1 0.7703125000000000 0.1949218750000000 0.0588541666666667 0.0464843750000000
1 0.7083333333333334 0.1917968750000000 0.0640625000000000 0.0468750000000000
1 0.6385416666666667 0.1878906250000000 0.0692708333333333 0.0464843750000000
1 0.5661458333333333 0.1851562500000000 0.0723958333333333 0.0464843750000000
1 0.4895833333333333 0.1816406250000000 0.0770833333333333 0.0480468750000000
1 0.8864583333333333 0.1988281250000000 0.0515625000000000 0.0445312500000000
1 0.4848958333333334 0.2480468750000000 0.0765625000000000 0.0554687500000000
1 0.6682291666666667 0.6574218750000000 0.0604166666666667 0.0507812500000000
1 0.6395833333333333 0.2460937500000000 0.0656250000000000 0.0503906250000000
1 0.3755208333333334 0.7183593750000000 0.0765625000000000 0.0511718750000000
1 0.4536458333333334 0.6988281250000000 0.0734375000000000 0.0480468750000000
1 0.5296875000000000 0.6824218750000000 0.0750000000000000 0.0417968750000000
1 0.9864583333333333 0.7398437500000000 0.0270833333333333 0.0363281250000000
1 0.9479166666666666 0.7550781250000000 0.0437500000000000 0.0363281250000000
1 0.9015625000000000 0.7679687500000000 0.0447916666666667 0.0347656250000000
1 0.2880208333333333 0.7371093750000000 0.0838541666666667 0.0453125000000000
1 0.8515625000000000 0.7839843750000000 0.0473958333333333 0.0363281250000000
1 0.7442708333333333 0.8113281250000000 0.0541666666666667 0.0417968750000000
1 0.6864583333333333 0.8300781250000000 0.0583333333333333 0.0464843750000000
1 0.6192708333333333 0.8445312500000000 0.0651041666666667 0.0519531250000000
1 0.5442708333333334 0.8679687500000000 0.0786458333333333 0.0500000000000000
1 0.4671875000000000 0.8984375000000000 0.0739583333333333 0.0480468750000000
1 0.3885416666666667 0.9210937500000000 0.0776041666666667 0.0531250000000000
1 0.8000000000000000 0.7980468750000000 0.0494791666666667 0.0421875000000000
1 0.3036458333333333 0.9421875000000000 0.0869791666666667 0.0593750000000000
1 0.1942708333333333 0.7546875000000000 0.0947916666666667 0.0585937500000000
1 0.9828125000000000 0.5468750000000000 0.0343750000000000 0.0312500000000000
1 0.9822916666666667 0.5000000000000000 0.0338541666666667 0.0382812500000000
1 0.0515625000000000 0.7042968750000000 0.1036458333333333 0.0589843750000000
1 0.1572916666666667 0.6894531250000000 0.0994791666666667 0.0453125000000000
1 0.2572916666666666 0.6734375000000000 0.0958333333333333 0.0402343750000000
1 0.3505208333333333 0.6601562500000000 0.0843750000000000 0.0445312500000000
1 0.4343750000000000 0.6425781250000000 0.0765625000000000 0.0382812500000000
1 0.0890625000000000 0.7750000000000000 0.1046875000000000 0.0488281250000000
1 0.5114583333333333 0.6273437500000000 0.0729166666666667 0.0394531250000000
1 0.6583333333333333 0.5992187500000000 0.0609375000000000 0.0375000000000000
1 0.7166666666666667 0.5843750000000000 0.0520833333333333 0.0386718750000000
1 0.7765625000000000 0.5800781250000000 0.0572916666666667 0.0367187500000000
1 0.8343750000000000 0.5714843750000000 0.0541666666666667 0.0339843750000000
1 0.8890625000000000 0.5632812500000000 0.0479166666666667 0.0332031250000000
1 0.9375000000000000 0.5542968750000000 0.0458333333333333 0.0277343750000000
1 0.5890625000000000 0.6097656250000000 0.0687500000000000 0.0402343750000000
1 0.9380208333333333 0.5085937500000000 0.0473958333333333 0.0371093750000000
1 0.2078125000000000 0.9664062500000000 0.0989583333333333 0.0625000000000000
1 0.9437500000000000 0.6945312500000000 0.0463541666666667 0.0390625000000000
1 0.6020833333333333 0.7265625000000000 0.0651041666666667 0.0488281250000000
1 0.5307291666666667 0.7445312500000000 0.0744791666666667 0.0527343750000000
1 0.4552083333333333 0.7601562500000000 0.0739583333333333 0.0507812500000000
1 0.5645833333333333 0.2492187500000000 0.0770833333333333 0.0554687500000000
1 0.2765625000000000 0.8082031250000000 0.0942708333333333 0.0464843750000000
1 0.1776041666666667 0.8277343750000000 0.1000000000000000 0.0542968750000000
1 0.6671875000000000 0.7148437500000000 0.0619791666666667 0.0425781250000000
1 0.0921875000000000 0.9187500000000000 0.1135416666666667 0.0582031250000000
1 0.9828125000000000 0.5917968750000000 0.0343750000000000 0.0398437500000000
1 0.9427083333333334 0.6035156250000000 0.0437500000000000 0.0375000000000000
1 0.8953125000000000 0.6125000000000000 0.0468750000000000 0.0355468750000000
1 0.8437500000000000 0.6230468750000000 0.0500000000000000 0.0359375000000000
1 0.7906250000000000 0.6324218750000000 0.0531250000000000 0.0421875000000000
1 0.7312500000000000 0.6445312500000000 0.0583333333333333 0.0496093750000000
1 0.0651041666666667 0.8527343750000000 0.1140625000000000 0.0695312500000000
1 0.9838541666666667 0.6804687500000000 0.0307291666666667 0.0402343750000000
1 0.7296875000000000 0.6960937500000000 0.0557291666666667 0.0375000000000000
1 0.8395833333333333 0.6746093750000000 0.0526041666666667 0.0375000000000000
1 0.8901041666666667 0.7140625000000000 0.0494791666666667 0.0363281250000000
1 0.8369791666666667 0.7250000000000000 0.0510416666666667 0.0417968750000000
1 0.7833333333333333 0.7367187500000000 0.0531250000000000 0.0429687500000000
1 0.7296875000000000 0.7527343750000000 0.0526041666666667 0.0480468750000000
1 0.6677083333333333 0.7640625000000000 0.0619791666666667 0.0503906250000000
1 0.6031250000000000 0.7804687500000000 0.0630208333333333 0.0515625000000000
1 0.7848958333333333 0.6867187500000000 0.0536458333333333 0.0343750000000000
1 0.5338541666666666 0.8019531250000000 0.0697916666666667 0.0550781250000000
1 0.3765625000000000 0.8429687500000000 0.0796875000000000 0.0527343750000000
1 0.2921875000000000 0.8652343750000000 0.0848958333333333 0.0566406250000000
1 0.1989583333333333 0.8914062500000000 0.0963541666666667 0.0609375000000000
1 0.9833333333333333 0.6406250000000000 0.0354166666666667 0.0343750000000000
1 0.9390625000000000 0.6511718750000000 0.0458333333333333 0.0386718750000000
1 0.8911458333333333 0.6605468750000000 0.0463541666666667 0.0363281250000000
1 0.4588541666666667 0.8187500000000000 0.0750000000000000 0.0589843750000000
1 0.8869791666666667 0.5148437500000000 0.0458333333333333 0.0406250000000000
1 0.3739583333333333 0.7777343750000000 0.0838541666666667 0.0519531250000000
1 0.7796875000000000 0.5304687500000000 0.0562500000000000 0.0371093750000000
1 0.9833333333333333 0.3023437500000000 0.0328125000000000 0.0367187500000000
1 0.0328125000000000 0.4019531250000000 0.0656250000000000 0.0554687500000000
1 0.1255208333333333 0.3976562500000000 0.1072916666666667 0.0550781250000000
1 0.2307291666666667 0.3933593750000000 0.0968750000000000 0.0535156250000000
1 0.3260416666666667 0.3875000000000000 0.0864583333333333 0.0554687500000000
1 0.4114583333333333 0.3808593750000000 0.0812500000000000 0.0515625000000000
1 0.9395833333333333 0.3027343750000000 0.0442708333333333 0.0375000000000000
1 0.4973958333333333 0.3824218750000000 0.0776041666666667 0.0527343750000000
1 0.6437500000000000 0.3722656250000000 0.0593750000000000 0.0449218750000000
1 0.7098958333333333 0.3683593750000000 0.0609375000000000 0.0488281250000000
1 0.7718750000000000 0.3652343750000000 0.0546875000000000 0.0402343750000000
1 0.8302083333333333 0.3613281250000000 0.0494791666666667 0.0437500000000000
1 0.8848958333333333 0.3601562500000000 0.0500000000000000 0.0417968750000000
1 0.9369791666666667 0.3558593750000000 0.0468750000000000 0.0425781250000000
1 0.5744791666666667 0.3785156250000000 0.0651041666666667 0.0472656250000000
1 0.8906250000000000 0.3050781250000000 0.0484375000000000 0.0367187500000000
1 0.8328125000000000 0.3062500000000000 0.0541666666666667 0.0367187500000000
1 0.7755208333333333 0.3085937500000000 0.0583333333333333 0.0390625000000000
1 0.8354166666666667 0.5226562500000000 0.0500000000000000 0.0410156250000000
1 0.7687500000000000 0.2496093750000000 0.0546875000000000 0.0417968750000000
1 0.8255208333333334 0.2496093750000000 0.0552083333333333 0.0394531250000000
1 0.8822916666666667 0.2492187500000000 0.0510416666666667 0.0386718750000000
1 0.9328125000000000 0.2496093750000000 0.0463541666666667 0.0390625000000000
1 0.9807291666666667 0.2507812500000000 0.0369791666666667 0.0367187500000000
1 0.0302083333333333 0.3238281250000000 0.0609375000000000 0.0578125000000000
1 0.1182291666666667 0.3214843750000000 0.1052083333333333 0.0554687500000000
1 0.2250000000000000 0.3191406250000000 0.1010416666666667 0.0531250000000000
1 0.3250000000000000 0.3207031250000000 0.0880208333333333 0.0519531250000000
1 0.4140625000000000 0.3179687500000000 0.0770833333333333 0.0484375000000000
1 0.4937500000000000 0.3160156250000000 0.0729166666666667 0.0496093750000000
1 0.5723958333333333 0.3125000000000000 0.0682291666666667 0.0449218750000000
1 0.6432291666666666 0.3101562500000000 0.0651041666666667 0.0425781250000000
1 0.7119791666666667 0.3089843750000000 0.0588541666666667 0.0378906250000000
1 0.9833333333333333 0.3542968750000000 0.0354166666666667 0.0398437500000000
1 0.0411458333333333 0.4871093750000000 0.0828125000000000 0.0613281250000000
1 0.7067708333333333 0.2476562500000000 0.0588541666666667 0.0472656250000000
1 0.2416666666666667 0.4671875000000000 0.0942708333333333 0.0472656250000000
1 0.6489583333333333 0.4898437500000000 0.0609375000000000 0.0445312500000000
1 0.7119791666666667 0.4824218750000000 0.0588541666666667 0.0363281250000000
1 0.7734375000000000 0.4757812500000000 0.0562500000000000 0.0363281250000000
1 0.8296875000000000 0.4683593750000000 0.0520833333333333 0.0371093750000000
1 0.8822916666666667 0.4621093750000000 0.0515625000000000 0.0402343750000000
1 0.9338541666666667 0.4566406250000000 0.0500000000000000 0.0363281250000000
1 0.9807291666666667 0.4511718750000000 0.0385416666666667 0.0351562500000000
1 0.0536458333333333 0.6343750000000000 0.1072916666666667 0.0648437500000000
1 0.1651041666666667 0.6191406250000000 0.1062500000000000 0.0566406250000000
1 0.2671875000000000 0.6070312500000000 0.0901041666666667 0.0554687500000000
1 0.3572916666666667 0.5925781250000000 0.0817708333333333 0.0507812500000000
1 0.5838541666666667 0.5562500000000000 0.0744791666666667 0.0453125000000000
1 0.6546875000000000 0.5460937500000000 0.0630208333333333 0.0406250000000000
1 0.1390625000000000 0.4757812500000000 0.1020833333333333 0.0523437500000000
1 0.7187500000000000 0.5386718750000000 0.0562500000000000 0.0371093750000000
1 0.5781250000000000 0.4996093750000000 0.0723958333333333 0.0425781250000000
1 0.5052083333333334 0.5097656250000000 0.0708333333333333 0.0437500000000000
1 0.4406250000000000 0.5761718750000000 0.0791666666666667 0.0554687500000000
1 0.3385416666666667 0.5289062500000000 0.0890625000000000 0.0488281250000000
1 0.4265625000000000 0.5171875000000000 0.0796875000000000 0.0414062500000000
1 0.5046875000000000 0.4433593750000000 0.0729166666666667 0.0398437500000000
1 0.3364583333333334 0.4593750000000000 0.0848958333333333 0.0507812500000000
1 0.6515625000000000 0.4316406250000000 0.0625000000000000 0.0382812500000000
1 0.7151041666666667 0.4242187500000000 0.0588541666666667 0.0351562500000000
1 0.7781250000000000 0.4187500000000000 0.0567708333333333 0.0347656250000000
1 0.8348958333333333 0.4164062500000000 0.0489583333333333 0.0343750000000000
1 0.5807291666666666 0.4363281250000000 0.0708333333333333 0.0382812500000000
1 0.9401041666666666 0.4058593750000000 0.0484375000000000 0.0343750000000000
1 0.2421875000000000 0.5402343750000000 0.0947916666666667 0.0542968750000000
1 0.8901041666666667 0.4105468750000000 0.0500000000000000 0.0371093750000000
1 0.1411458333333333 0.5492187500000000 0.1005208333333333 0.0531250000000000
1 0.4255208333333333 0.4527343750000000 0.0776041666666667 0.0445312500000000
1 0.0427083333333333 0.5589843750000000 0.0854166666666667 0.0554687500000000
1 0.9833333333333333 0.4019531250000000 0.0322916666666667 0.0324218750000000
