1 0.8770424836601307 0.1351102941176471 0.0371732026143791 0.1139705882352941
1 0.0849673202614379 0.8517156862745098 0.0567810457516340 0.0223651960784314
1 0.0837418300653595 0.8290441176470589 0.0543300653594771 0.0174632352941176
1 0.0861928104575163 0.8072916666666666 0.0592320261437908 0.0202205882352941
1 0.0265522875816993 0.8455882352941176 0.0453431372549020 0.0251225490196078
1 0.0265522875816993 0.8170955882352942 0.0490196078431373 0.0257352941176471
1 0.9693627450980392 0.7616421568627451 0.0616830065359477 0.0640318627450980
1 0.1454248366013072 0.8526348039215687 0.0518790849673203 0.0208333333333333
1 0.8954248366013072 0.7591911764705882 0.0755718954248366 0.0655637254901961
1 0.7626633986928104 0.7549019607843137 0.0555555555555556 0.0710784313725490
1 0.7009803921568627 0.7512254901960784 0.0625000000000000 0.0658700980392157
1 0.6348039215686274 0.7493872549019608 0.0559640522875817 0.0667892156862745
1 0.5755718954248366 0.7460171568627451 0.0596405228758170 0.0701593137254902
1 0.5175653594771242 0.7454044117647058 0.0522875816993464 0.0713848039215686
1 0.4566993464052287 0.7484681372549019 0.0441176470588235 0.0557598039215686
1 0.8239379084967320 0.7576593137254902 0.0608660130718954 0.0652573529411765
1 0.4076797385620915 0.7469362745098039 0.0506535947712418 0.0526960784313725
1 0.1478758169934641 0.8278186274509803 0.0482026143790850 0.0199142156862745
1 0.2071078431372549 0.8256740196078431 0.0490196078431373 0.0208333333333333
1 0.8570261437908496 0.8471200980392157 0.0894607843137255 0.0661764705882353
1 0.7430555555555556 0.8670343137254902 0.0249183006535948 0.0330882352941176
1 0.7128267973856209 0.8651960784313726 0.0228758169934641 0.0327818627450980
1 0.6797385620915033 0.8618259803921569 0.0285947712418301 0.0395220588235294
1 0.6364379084967320 0.8363970588235294 0.0388071895424837 0.0373774509803922
1 0.5919117647058824 0.8633578431372549 0.0457516339869281 0.0272671568627451
1 0.1515522875816993 0.8008578431372549 0.0469771241830065 0.0263480392156863
1 0.5457516339869281 0.8511029411764706 0.0339052287581699 0.0520833333333333
1 0.4440359477124183 0.8370098039215687 0.0482026143790850 0.0330882352941176
1 0.3982843137254902 0.8360906862745098 0.0318627450980392 0.0346200980392157
1 0.3533496732026144 0.8538602941176471 0.0355392156862745 0.0303308823529412
1 0.2606209150326798 0.8569240196078431 0.0596405228758170 0.0214460784313725
1 0.5077614379084967 0.5226715686274510 0.0461601307189543 0.1069240196078431
1 0.2618464052287582 0.8296568627450981 0.0535130718954248 0.0223651960784314
1 0.4967320261437909 0.8547794117647058 0.0531045751633987 0.0386029411764706
1 0.3492647058823529 0.7466299019607843 0.0514705882352941 0.0560661764705882
1 0.3533496732026144 0.7061887254901961 0.0477941176470588 0.0177696078431373
1 0.3018790849673202 0.7003676470588235 0.0449346405228758 0.0162377450980392
1 0.9599673202614379 0.5416666666666666 0.0306372549019608 0.0909926470588235
1 0.9219771241830066 0.5376838235294118 0.0383986928104575 0.0928308823529412
1 0.8737745098039216 0.5337009803921569 0.0506535947712418 0.1011029411764706
1 0.8202614379084967 0.5315563725490197 0.0412581699346405 0.1050857843137255
1 0.7732843137254902 0.5321691176470589 0.0396241830065359 0.0977328431372549
1 0.7173202614379085 0.5315563725490197 0.0612745098039216 0.0989583333333333
1 0.9906045751633987 0.5392156862745098 0.0208333333333333 0.0867034313725490
1 0.6605392156862745 0.5291053921568627 0.0445261437908497 0.0974264705882353
1 0.1584967320261438 0.5094975490196079 0.0486111111111111 0.1084558823529412
1 0.2091503267973856 0.5116421568627451 0.0404411764705882 0.1011029411764706
1 0.2553104575163399 0.5165441176470589 0.0445261437908497 0.0971200980392157
1 0.3047385620915033 0.5116421568627451 0.0428921568627451 0.1007965686274510
1 0.3664215686274510 0.4966299019607843 0.0318627450980392 0.0487132352941176
1 0.4223856209150327 0.5076593137254902 0.0641339869281046 0.0615808823529412
1 0.6115196078431373 0.5263480392156863 0.0433006535947712 0.0968137254901961
1 0.0310457516339869 0.6225490196078431 0.0584150326797386 0.0839460784313725
1 0.1053921568627451 0.6274509803921569 0.0772058823529412 0.0839460784313725
1 0.1911764705882353 0.6302083333333334 0.0804738562091503 0.0842524509803922
1 0.2953431372549020 0.7432598039215687 0.0486111111111111 0.0658700980392157
1 0.2361111111111111 0.7319240196078431 0.0645424836601307 0.0793504901960784
1 0.1691176470588235 0.7300857843137255 0.0633169934640523 0.0762867647058824
1 0.1205065359477124 0.7120098039215687 0.0310457516339869 0.0459558823529412
1 0.0776143790849673 0.7083333333333334 0.0551470588235294 0.0416666666666667
1 0.9673202614379085 0.6681985294117647 0.0649509803921569 0.0634191176470588
1 0.8909313725490197 0.6651348039215687 0.0808823529411765 0.0744485294117647
1 0.8182189542483660 0.6516544117647058 0.0571895424836601 0.0793504901960784
1 0.7593954248366013 0.6470588235294118 0.0531045751633987 0.0848651960784314
1 0.6797385620915033 0.6495098039215687 0.0996732026143791 0.0772058823529412
1 0.5812908496732027 0.6443014705882353 0.0796568627450980 0.0784313725490196
1 0.5008169934640523 0.6400122549019608 0.0694444444444444 0.0735294117647059
1 0.4232026143790850 0.6397058823529411 0.0698529411764706 0.0775122549019608
1 0.3484477124183006 0.6381740196078431 0.0751633986928105 0.0778186274509804
1 0.2691993464052287 0.6329656862745098 0.0682189542483660 0.0787377450980392
1 0.9501633986928104 0.8412990196078431 0.0698529411764706 0.0526960784313725
1 0.8316993464052288 0.1262254901960784 0.0388071895424837 0.1191789215686275
1 0.2026143790849673 0.8507965686274510 0.0482026143790850 0.0242034313725490
1 0.5575980392156863 0.5235906862745098 0.0486111111111111 0.1023284313725490
1 0.7079248366013072 0.4074754901960784 0.0510620915032680 0.0986519607843137
1 0.6535947712418301 0.4050245098039216 0.0473856209150327 0.1004901960784314
1 0.6066176470588235 0.4041053921568628 0.0420751633986928 0.1020220588235294
1 0.5596405228758170 0.4056372549019608 0.0445261437908497 0.1023284313725490
1 0.5085784313725490 0.4004289215686275 0.0473856209150327 0.1056985294117647
1 0.3954248366013072 0.3900122549019608 0.0559640522875817 0.1142769607843137
1 0.3402777777777778 0.3912377450980392 0.0424836601307190 0.1056985294117647
1 0.2924836601307190 0.3860294117647059 0.0473856209150327 0.1096813725490196
1 0.2393790849673203 0.3811274509803921 0.0506535947712418 0.1191789215686275
1 0.1919934640522876 0.3792892156862745 0.0355392156862745 0.1075367647058824
1 0.1450163398692811 0.3771446078431372 0.0465686274509804 0.1081495098039216
1 0.7606209150326797 0.4083946078431372 0.0437091503267974 0.0995710784313725
1 0.0878267973856209 0.3783700980392157 0.0420751633986928 0.1127450980392157
1 0.9697712418300654 0.2827818627450980 0.0625000000000000 0.1050857843137255
1 0.8476307189542484 0.2867647058823529 0.0747549019607843 0.0404411764705882
1 0.8137254901960784 0.2380514705882353 0.0400326797385621 0.0401348039215686
1 0.8962418300653595 0.2423406862745098 0.0661764705882353 0.0346200980392157
1 0.7238562091503268 0.2708333333333333 0.0580065359477124 0.1127450980392157
1 0.6654411764705882 0.2680759803921569 0.0543300653594771 0.1127450980392157
1 0.6082516339869281 0.2693014705882353 0.0531045751633987 0.1069240196078431
1 0.5531045751633987 0.2650122549019608 0.0441176470588235 0.1124387254901961
1 0.4955065359477124 0.2607230392156863 0.0461601307189543 0.1112132352941176
1 0.4407679738562091 0.2622549019607843 0.0498366013071895 0.1053921568627451
1 0.3921568627450980 0.2613357843137255 0.0449346405228758 0.1069240196078431
1 0.0339052287581699 0.3737745098039216 0.0600490196078431 0.1121323529411765
1 0.8108660130718954 0.4102328431372549 0.0424836601307190 0.1020220588235294
1 0.4534313725490196 0.3943014705882353 0.0547385620915033 0.1118259803921569
1 0.0130718954248366 0.5036764705882353 0.0224673202614379 0.0854779411764706
1 0.7830882352941176 0.1262254901960784 0.0461601307189543 0.1191789215686275
1 0.7357026143790850 0.1240808823529412 0.0351307189542484 0.1078431372549020
1 0.6903594771241830 0.1265318627450980 0.0453431372549020 0.1151960784313725
1 0.6388888888888888 0.1231617647058824 0.0477941176470588 0.1096813725490196
1 0.5829248366013072 0.1200980392156863 0.0490196078431373 0.1185661764705882
1 0.8897058823529411 0.4329044117647059 0.0625000000000000 0.0407475490196078
1 0.4199346405228758 0.1109068627450980 0.0588235294117647 0.1240808823529412
1 0.3623366013071895 0.1072303921568627 0.0359477124183007 0.1191789215686275
1 0.3149509803921569 0.1072303921568627 0.0465686274509804 0.1253063725490196
1 0.2679738562091503 0.1011029411764706 0.0400326797385621 0.1158088235294118
1 0.2017973856209150 0.0962009803921569 0.0596405228758170 0.1222426470588235
1 0.0449346405228758 0.1109068627450980 0.0522875816993464 0.0208333333333333
1 0.4893790849673202 0.1118259803921569 0.0629084967320261 0.1133578431372549
1 0.0351307189542484 0.0588235294117647 0.0371732026143791 0.0490196078431373
1 0.1049836601307190 0.0594362745098039 0.0669934640522876 0.0637254901960784
1 0.0477941176470588 0.5045955882352942 0.0371732026143791 0.0989583333333333
1 0.1037581699346405 0.5052083333333334 0.0526960784313725 0.0980392156862745
1 0.2814542483660131 0.2530637254901961 0.0469771241830065 0.1078431372549020
1 0.3455882352941176 0.2567401960784313 0.0441176470588235 0.1102941176470588
1 0.1531862745098039 0.2426470588235294 0.0755718954248366 0.1256127450980392
1 0.0853758169934641 0.2429534313725490 0.0531045751633987 0.1158088235294118
1 0.0285947712418301 0.2414215686274510 0.0490196078431373 0.1090686274509804
1 0.9325980392156863 0.1253063725490196 0.0637254901960784 0.1274509803921569
1 0.2238562091503268 0.2509191176470588 0.0612745098039216 0.1121323529411765
