1 0.7438725490196079 0.0778186274509804 0.0428921568627451 0.0912990196078431
1 0.8529411764705882 0.0919117647058824 0.0457516339869281 0.0585171568627451
1 0.9080882352941176 0.0919117647058824 0.0441176470588235 0.0548406862745098
1 0.9669117647058824 0.0903799019607843 0.0498366013071895 0.0582107843137255
1 0.7986111111111112 0.0906862745098039 0.0531045751633987 0.0557598039215686
1 0.0371732026143791 0.2310049019607843 0.0641339869281046 0.1102941176470588
1 0.4256535947712418 0.2257965686274510 0.0424836601307190 0.0842524509803922
1 0.2736928104575164 0.2242647058823529 0.0482026143790850 0.0839460784313725
1 0.3247549019607843 0.2239583333333333 0.0433006535947712 0.0833333333333333
1 0.5241013071895425 0.2230392156862745 0.0506535947712418 0.0814950980392157
1 0.3766339869281046 0.2230392156862745 0.0433006535947712 0.0848651960784314
1 0.4722222222222222 0.2291666666666667 0.0412581699346405 0.0808823529411765
1 0.6944444444444444 0.0759803921568627 0.0424836601307190 0.0876225490196078
1 0.2242647058823529 0.2190563725490196 0.0445261437908497 0.0894607843137255
1 0.6433823529411765 0.0750612745098039 0.0441176470588235 0.0919117647058824
1 0.5870098039215687 0.7034313725490197 0.0302287581699346 0.0453431372549020
1 0.5383986928104575 0.0796568627450980 0.0453431372549020 0.0912990196078431
1 0.6715686274509803 0.7031250000000000 0.0232843137254902 0.0450367647058824
1 0.5678104575163399 0.2300857843137255 0.0302287581699346 0.0670955882352941
1 0.6985294117647058 0.7015931372549019 0.0208333333333333 0.0484068627450980
1 0.6433823529411765 0.7034313725490197 0.0220588235294118 0.0453431372549020
1 0.6164215686274510 0.7034313725490197 0.0249183006535948 0.0453431372549020
1 0.0228758169934641 0.0594362745098039 0.0416666666666667 0.1161151960784314
1 0.5886437908496732 0.0772058823529412 0.0461601307189543 0.0900735294117647
1 0.0841503267973856 0.0606617647058824 0.0735294117647059 0.1185661764705882
1 0.2295751633986928 0.0768995098039216 0.0465686274509804 0.0894607843137255
1 0.2802287581699346 0.0765931372549020 0.0441176470588235 0.0919117647058824
1 0.3341503267973856 0.0747549019607843 0.0453431372549020 0.0882352941176471
1 0.3848039215686275 0.0784313725490196 0.0473856209150327 0.0888480392156863
1 0.4387254901960784 0.0787377450980392 0.0473856209150327 0.0894607843137255
1 0.4897875816993464 0.0781250000000000 0.0465686274509804 0.0919117647058824
1 0.1638071895424837 0.0600490196078431 0.0735294117647059 0.1173406862745098
1 0.7928921568627451 0.2166053921568628 0.0800653594771242 0.0916053921568627
1 0.4787581699346405 0.7064950980392157 0.0285947712418301 0.0456495098039216
1 0.9424019607843137 0.2153799019607843 0.0575980392156863 0.0922181372549020
1 0.3954248366013072 0.7043504901960784 0.0257352941176471 0.0410539215686275
1 0.7275326797385621 0.7015931372549019 0.0269607843137255 0.0484068627450980
1 0.4223856209150327 0.7046568627450981 0.0228758169934641 0.0447303921568627
1 0.4526143790849673 0.7046568627450981 0.0241013071895425 0.0447303921568627
1 0.3108660130718954 0.7043504901960784 0.0241013071895425 0.0444240196078431
1 0.4240196078431372 0.6700367647058824 0.0224673202614379 0.0140931372549020
1 0.5314542483660131 0.6832107843137255 0.0604575163398693 0.0575980392156863
1 0.4256535947712418 0.4871323529411765 0.0731209150326797 0.0811887254901961
1 0.3504901960784313 0.4862132352941176 0.0645424836601307 0.0821078431372549
1 0.2798202614379085 0.4862132352941176 0.0686274509803922 0.0790441176470588
1 0.2071078431372549 0.4865196078431372 0.0706699346405229 0.0796568627450980
1 0.1245915032679739 0.4849877450980392 0.0731209150326797 0.0830269607843137
1 0.0567810457516340 0.5235906862745098 0.0584150326797386 0.0925245098039216
1 0.9256535947712419 0.3621323529411765 0.0490196078431373 0.0793504901960784
1 0.8664215686274510 0.3602941176470588 0.0518790849673203 0.0824142156862745
1 0.8096405228758170 0.3599877450980392 0.0482026143790850 0.0750612745098039
1 0.7504084967320261 0.3575367647058824 0.0514705882352941 0.0799632352941176
1 0.0179738562091503 0.3854166666666667 0.0318627450980392 0.1225490196078431
1 0.0616830065359477 0.3900122549019608 0.0420751633986928 0.1121323529411765
1 0.1205065359477124 0.3593750000000000 0.0649509803921569 0.0738357843137255
1 0.1936274509803922 0.3612132352941176 0.0567810457516340 0.0741421568627451
1 0.2516339869281046 0.3694852941176471 0.0514705882352941 0.0585171568627451
1 0.2667483660130719 0.3189338235294117 0.0437091503267974 0.0312500000000000
1 0.8737745098039216 0.2178308823529412 0.0661764705882353 0.0968137254901961
1 0.3133169934640523 0.3572303921568628 0.0326797385620915 0.0793504901960784
1 0.4133986928104575 0.3581495098039216 0.0482026143790850 0.0811887254901961
1 0.4697712418300654 0.3566176470588235 0.0539215686274510 0.0781250000000000
1 0.5277777777777778 0.3556985294117647 0.0490196078431373 0.0793504901960784
1 0.5841503267973857 0.3572303921568628 0.0539215686274510 0.0854779411764706
1 0.6450163398692811 0.3578431372549020 0.0518790849673203 0.0802696078431373
1 0.6956699346405228 0.3572303921568628 0.0449346405228758 0.0790441176470588
1 0.3590686274509804 0.3572303921568628 0.0514705882352941 0.0790441176470588
1 0.7577614379084967 0.7022058823529411 0.0273692810457516 0.0468750000000000
1 0.6384803921568627 0.5958946078431373 0.0596405228758170 0.0664828431372549
1 0.8116830065359477 0.7006740196078431 0.0236928104575163 0.0496323529411765
1 0.3656045751633987 0.8633578431372549 0.0347222222222222 0.1102941176470588
1 0.3292483660130719 0.8618259803921569 0.0306372549019608 0.1139705882352941
1 0.7851307189542484 0.7018995098039216 0.0261437908496732 0.0459558823529412
1 0.2912581699346405 0.8630514705882353 0.0408496732026144 0.1136642156862745
1 0.2516339869281046 0.8612132352941176 0.0347222222222222 0.1130514705882353
1 0.2173202614379085 0.8511029411764706 0.0306372549019608 0.1087622549019608
1 0.1781045751633987 0.8599877450980392 0.0379901960784314 0.1133578431372549
1 0.1388888888888889 0.8642769607843137 0.0285947712418301 0.1124387254901961
1 0.0992647058823529 0.8655024509803921 0.0433006535947712 0.1148897058823529
1 0.0428921568627451 0.8489583333333334 0.0612745098039216 0.1436887254901961
1 0.8933823529411765 0.5934436274509803 0.0281862745098039 0.0579044117647059
1 0.8513071895424836 0.6023284313725490 0.0465686274509804 0.0563725490196078
1 0.8014705882352942 0.5958946078431373 0.0290032679738562 0.0563725490196078
1 0.7642973856209150 0.6007965686274510 0.0359477124183007 0.0594362745098039
1 0.7058823529411765 0.5940563725490197 0.0698529411764706 0.0716911764705882
1 0.3680555555555556 0.7052696078431373 0.0220588235294118 0.0431985294117647
1 0.5629084967320261 0.5958946078431373 0.0641339869281046 0.0664828431372549
1 0.5032679738562091 0.5931372549019608 0.0514705882352941 0.0735294117647059
1 0.4440359477124183 0.5925245098039216 0.0620915032679739 0.0756740196078431
1 0.3790849673202614 0.5928308823529411 0.0616830065359477 0.0762867647058824
1 0.3145424836601307 0.5916053921568627 0.0575980392156863 0.0765931372549020
1 0.2475490196078431 0.5903799019607843 0.0657679738562092 0.0778186274509804
1 0.1519607843137255 0.5919117647058824 0.0906862745098039 0.0710784313725490
1 0.0661764705882353 0.6583946078431373 0.0506535947712418 0.1044730392156863
1 0.0179738562091503 0.6605392156862745 0.0363562091503268 0.1050857843137255
1 0.4044117647058824 0.8379289215686274 0.0302287581699346 0.1305147058823529
1 0.4407679738562091 0.8538602941176471 0.0343137254901961 0.1268382352941176
1 0.3402777777777778 0.7061887254901961 0.0269607843137255 0.0447303921568627
1 0.5306372549019608 0.8728553921568627 0.0379901960784314 0.0876225490196078
1 0.6066176470588235 0.4831495098039216 0.0522875816993464 0.0827205882352941
1 0.5514705882352942 0.4846813725490196 0.0490196078431373 0.0888480392156863
1 0.4946895424836601 0.4840686274509804 0.0473856209150327 0.0845588235294118
1 0.8374183006535948 0.8428308823529411 0.0625000000000000 0.1406250000000000
1 0.9031862745098039 0.8400735294117647 0.0604575163398693 0.1446078431372549
1 0.1274509803921569 0.7040441176470589 0.0486111111111111 0.0465686274509804
1 0.1707516339869281 0.7058823529411765 0.0232843137254902 0.0441176470588235
1 0.6584967320261438 0.4813112745098039 0.0482026143790850 0.0919117647058824
1 0.1977124183006536 0.7061887254901961 0.0257352941176471 0.0419730392156863
1 0.7197712418300654 0.2242647058823529 0.0461601307189543 0.0842524509803922
1 0.1678921568627451 0.2276348039215686 0.0343137254901961 0.0747549019607843
1 0.1217320261437908 0.2294730392156863 0.0461601307189543 0.0735294117647059
1 0.6666666666666666 0.2227328431372549 0.0555555555555556 0.0876225490196078
1 0.6397058823529411 0.6669730392156863 0.0322712418300654 0.0208333333333333
1 0.8692810457516340 0.6994485294117647 0.0269607843137255 0.0471813725490196
1 0.8366013071895425 0.7006740196078431 0.0212418300653595 0.0496323529411765
1 0.2834967320261438 0.7046568627450981 0.0253267973856209 0.0419730392156863
1 0.4861111111111111 0.8737745098039216 0.0473856209150327 0.0897671568627451
1 0.7136437908496732 0.4800857843137255 0.0465686274509804 0.0955882352941176
1 0.8202614379084967 0.4886642156862745 0.0408496732026144 0.0805759803921569
1 0.8815359477124183 0.4950980392156863 0.0731209150326797 0.0487132352941176
1 0.7716503267973857 0.8578431372549019 0.0551470588235294 0.1188725490196078
1 0.5759803921568627 0.8569240196078431 0.0375816993464052 0.1200980392156863
1 0.6107026143790850 0.8128063725490197 0.0257352941176471 0.1032475490196078
1 0.6576797385620915 0.8538602941176471 0.0469771241830065 0.1210171568627451
1 0.7095588235294118 0.8535539215686274 0.0514705882352941 0.1200980392156863
1 0.7704248366013072 0.4819240196078431 0.0482026143790850 0.0931372549019608
