1 0.8927083333333333 0.5777343750000000 0.0473958333333333 0.1019531250000000
1 0.8437500000000000 0.5773437500000000 0.0510416666666667 0.1011718750000000
1 0.9276041666666667 0.4273437500000000 0.0536458333333333 0.1140625000000000
1 0.7937500000000000 0.6089843750000000 0.0473958333333333 0.0398437500000000
1 0.7473958333333334 0.6093750000000000 0.0458333333333333 0.0421875000000000
1 0.6989583333333333 0.6085937500000000 0.0515625000000000 0.0445312500000000
1 0.6494791666666667 0.6085937500000000 0.0468750000000000 0.0449218750000000
1 0.5984375000000000 0.6214843750000000 0.0546875000000000 0.0183593750000000
1 0.5968750000000000 0.5972656250000000 0.0510416666666667 0.0316406250000000
1 0.9416666666666667 0.5761718750000000 0.0489583333333333 0.1066406250000000
1 0.9833333333333333 0.5765625000000000 0.0343750000000000 0.1082031250000000
1 0.1505208333333333 0.7683593750000000 0.0276041666666667 0.0621093750000000
1 0.0723958333333333 0.7699218750000000 0.0401041666666667 0.0593750000000000
1 0.5411458333333333 0.6152343750000000 0.0526041666666667 0.0273437500000000
1 0.1921875000000000 0.7300781250000000 0.0458333333333333 0.1058593750000000
1 0.2369791666666667 0.7312500000000000 0.0421875000000000 0.1070312500000000
1 0.2791666666666667 0.7281250000000000 0.0406250000000000 0.1132812500000000
1 0.3192708333333333 0.7269531250000000 0.0395833333333333 0.1113281250000000
1 0.3588541666666666 0.7292968750000000 0.0395833333333333 0.1078125000000000
1 0.3994791666666667 0.7289062500000000 0.0416666666666667 0.1074218750000000
1 0.4395833333333333 0.7269531250000000 0.0385416666666667 0.1125000000000000
1 0.4828125000000000 0.7261718750000000 0.0453125000000000 0.1113281250000000
1 0.0322916666666667 0.7710937500000000 0.0416666666666667 0.0617187500000000
1 0.4843750000000000 0.6125000000000000 0.0552083333333333 0.0359375000000000
1 0.3598958333333334 0.6074218750000000 0.0572916666666667 0.0167968750000000
1 0.4223958333333334 0.6062500000000000 0.0583333333333333 0.0195312500000000
1 0.8739583333333333 0.4253906250000000 0.0531250000000000 0.1179687500000000
1 0.8197916666666667 0.4250000000000000 0.0546875000000000 0.1171875000000000
1 0.7671875000000000 0.4238281250000000 0.0510416666666667 0.1210937500000000
1 0.7140625000000000 0.4238281250000000 0.0557291666666667 0.1222656250000000
1 0.6604166666666667 0.4246093750000000 0.0494791666666667 0.1222656250000000
1 0.6098958333333333 0.4238281250000000 0.0520833333333333 0.1207031250000000
1 0.0276041666666667 0.5804687500000000 0.0557291666666667 0.0750000000000000
1 0.0791666666666667 0.5843750000000000 0.0468750000000000 0.0667968750000000
1 0.1291666666666667 0.5777343750000000 0.0458333333333333 0.0832031250000000
1 0.0427083333333333 0.6757812500000000 0.0526041666666667 0.0710937500000000
1 0.4208333333333333 0.6230468750000000 0.0562500000000000 0.0156250000000000
1 0.0911458333333333 0.6750000000000000 0.0427083333333333 0.0734375000000000
1 0.1895833333333333 0.5714843750000000 0.0557291666666667 0.1152343750000000
1 0.2989583333333333 0.5453125000000000 0.0583333333333333 0.0222656250000000
1 0.2979166666666667 0.5628906250000000 0.0567708333333333 0.0128906250000000
1 0.2989583333333333 0.5789062500000000 0.0546875000000000 0.0187500000000000
1 0.2989583333333333 0.5953125000000000 0.0552083333333333 0.0152343750000000
1 0.2989583333333333 0.6082031250000000 0.0546875000000000 0.0113281250000000
1 0.3010416666666667 0.6222656250000000 0.0583333333333333 0.0148437500000000
1 0.3598958333333334 0.5859375000000000 0.0572916666666667 0.0261718750000000
1 0.9776041666666667 0.4253906250000000 0.0458333333333333 0.1101562500000000
1 0.3593750000000000 0.6226562500000000 0.0578125000000000 0.0136718750000000
1 0.1369791666666667 0.6753906250000000 0.0479166666666667 0.0742187500000000
1 0.2442708333333333 0.5710937500000000 0.0531250000000000 0.1136718750000000
1 0.5833333333333334 0.2632812500000000 0.0552083333333333 0.1222656250000000
1 0.6822916666666666 0.7167968750000000 0.0546875000000000 0.1167968750000000
1 0.0526041666666667 0.3414062500000000 0.0505208333333333 0.0878906250000000
1 0.0135416666666667 0.3410156250000000 0.0265625000000000 0.0894531250000000
1 0.0932291666666667 0.2171875000000000 0.0598958333333333 0.0867187500000000
1 0.0348958333333333 0.2144531250000000 0.0557291666666667 0.0820312500000000
1 0.9427083333333334 0.0933593750000000 0.0885416666666667 0.1113281250000000
1 0.8526041666666667 0.0929687500000000 0.0901041666666667 0.1101562500000000
1 0.7651041666666667 0.0937500000000000 0.0848958333333333 0.1074218750000000
1 0.3880208333333333 0.4246093750000000 0.0567708333333333 0.1218750000000000
1 0.1041666666666667 0.3417968750000000 0.0536458333333333 0.0878906250000000
1 0.4432291666666667 0.4246093750000000 0.0526041666666667 0.1226562500000000
1 0.5505208333333333 0.4230468750000000 0.0562500000000000 0.1226562500000000
1 0.6781250000000000 0.0929687500000000 0.0906250000000000 0.1046875000000000
1 0.5802083333333333 0.1011718750000000 0.1041666666666667 0.0890625000000000
1 0.4776041666666667 0.1015625000000000 0.1005208333333333 0.0898437500000000
1 0.3755208333333334 0.0972656250000000 0.1052083333333333 0.0984375000000000
1 0.2677083333333333 0.0941406250000000 0.1104166666666667 0.0941406250000000
1 0.1562500000000000 0.0855468750000000 0.1067708333333333 0.1121093750000000
1 0.0744791666666667 0.0621093750000000 0.0432291666666667 0.1093750000000000
1 0.4958333333333333 0.4238281250000000 0.0520833333333333 0.1246093750000000
1 0.0317708333333333 0.0613281250000000 0.0421875000000000 0.1078125000000000
1 0.1666666666666667 0.2542968750000000 0.0677083333333333 0.1386718750000000
1 0.3015625000000000 0.2601562500000000 0.0494791666666667 0.1285156250000000
1 0.6338541666666667 0.2625000000000000 0.0453125000000000 0.1222656250000000
1 0.6807291666666667 0.2699218750000000 0.0479166666666667 0.0988281250000000
1 0.7197916666666667 0.2847656250000000 0.0296875000000000 0.0207031250000000
1 0.7593750000000000 0.2847656250000000 0.0494791666666667 0.0203125000000000
1 0.7411458333333333 0.3093750000000000 0.0630208333333333 0.0253906250000000
1 0.8041666666666667 0.3105468750000000 0.0614583333333333 0.0277343750000000
1 0.8635416666666667 0.2675781250000000 0.0437500000000000 0.1089843750000000
1 0.9119791666666667 0.2679687500000000 0.0531250000000000 0.1093750000000000
1 0.2348958333333333 0.2570312500000000 0.0692708333333333 0.1335937500000000
1 0.9718750000000000 0.3015625000000000 0.0567708333333333 0.0445312500000000
1 0.0677083333333333 0.4574218750000000 0.0494791666666667 0.0914062500000000
1 0.1177083333333333 0.4585937500000000 0.0505208333333333 0.0937500000000000
1 0.1838541666666667 0.4203125000000000 0.0640625000000000 0.1312500000000000
1 0.2520833333333333 0.4195312500000000 0.0677083333333333 0.1308593750000000
1 0.3229166666666667 0.4203125000000000 0.0739583333333333 0.1308593750000000
1 0.4718750000000000 0.2605468750000000 0.0583333333333333 0.1281250000000000
1 0.4130208333333333 0.2585937500000000 0.0593750000000000 0.1316406250000000
1 0.3557291666666667 0.2585937500000000 0.0552083333333333 0.1312500000000000
1 0.0218750000000000 0.4585937500000000 0.0427083333333333 0.0878906250000000
1 0.6270833333333333 0.7195312500000000 0.0567708333333333 0.1222656250000000
1 0.0088541666666667 0.6781250000000000 0.0166666666666667 0.0671875000000000
1 0.7057291666666666 0.8699218750000000 0.0473958333333333 0.1152343750000000
1 0.5432291666666667 0.8703125000000000 0.0593750000000000 0.1230468750000000
1 0.4859375000000000 0.8718750000000000 0.0546875000000000 0.1207031250000000
1 0.4307291666666667 0.8722656250000000 0.0557291666666667 0.1210937500000000
1 0.3770833333333333 0.8718750000000000 0.0515625000000000 0.1226562500000000
1 0.3234375000000000 0.8718750000000000 0.0552083333333333 0.1246093750000000
1 0.2687500000000000 0.8765625000000000 0.0541666666666667 0.1167968750000000
1 0.2130208333333333 0.8750000000000000 0.0557291666666667 0.1156250000000000
1 0.1614583333333333 0.8988281250000000 0.0473958333333333 0.0683593750000000
1 0.1161458333333333 0.8996093750000000 0.0421875000000000 0.0707031250000000
1 0.0703125000000000 0.8968750000000000 0.0494791666666667 0.0765625000000000
1 0.0229166666666667 0.8960937500000000 0.0453125000000000 0.0746093750000000
1 0.9859375000000000 0.7164062500000000 0.0265625000000000 0.1109375000000000
1 0.9500000000000000 0.7164062500000000 0.0442708333333333 0.1121093750000000
1 0.9046875000000000 0.7179687500000000 0.0453125000000000 0.1078125000000000
1 0.8557291666666667 0.7195312500000000 0.0520833333333333 0.1109375000000000
1 0.7994791666666666 0.7152343750000000 0.0604166666666667 0.1199218750000000
1 0.7390625000000000 0.7148437500000000 0.0562500000000000 0.1199218750000000
1 0.5984375000000000 0.8722656250000000 0.0515625000000000 0.1257812500000000
1 0.6526041666666667 0.8730468750000000 0.0572916666666667 0.1226562500000000
1 0.5703125000000000 0.7261718750000000 0.0447916666666667 0.1074218750000000
1 0.8125000000000000 0.8710937500000000 0.0463541666666667 0.1093750000000000
1 0.8588541666666667 0.8769531250000000 0.0458333333333333 0.0968750000000000
1 0.9015625000000000 0.8761718750000000 0.0375000000000000 0.0933593750000000
1 0.9427083333333334 0.8722656250000000 0.0468750000000000 0.1007812500000000
1 0.9822916666666667 0.8707031250000000 0.0307291666666667 0.0968750000000000
1 0.5265625000000000 0.7273437500000000 0.0401041666666667 0.1093750000000000
1 0.5281250000000000 0.2609375000000000 0.0541666666666667 0.1269531250000000
1 0.7593750000000000 0.8718750000000000 0.0593750000000000 0.1113281250000000
