1 0.6523692810457516 0.5778186274509803 0.0355392156862745 0.0594362745098039
1 0.6936274509803921 0.5830269607843137 0.0445261437908497 0.0484068627450980
1 0.7397875816993464 0.5808823529411765 0.0441176470588235 0.0566789215686275
1 0.4044117647058824 0.6700367647058824 0.0351307189542484 0.0428921568627451
1 0.5200163398692811 0.6657475490196079 0.0359477124183007 0.0511642156862745
1 0.3725490196078431 0.6614583333333334 0.0232843137254902 0.0523897058823529
1 0.3451797385620915 0.6393995098039216 0.0290032679738562 0.0435049019607843
1 0.3047385620915033 0.6562500000000000 0.0281862745098039 0.0585171568627451
1 0.2724673202614379 0.6556372549019608 0.0204248366013072 0.0670955882352941
1 0.2475490196078431 0.6519607843137255 0.0191993464052288 0.0618872549019608
1 0.2234477124183007 0.6534926470588235 0.0249183006535948 0.0677083333333333
1 0.1964869281045752 0.6528799019607843 0.0224673202614379 0.0661764705882353
1 0.5625000000000000 0.6620710784313726 0.0412581699346405 0.0603553921568627
1 0.1744281045751634 0.6534926470588235 0.0200163398692810 0.0628063725490196
1 0.1258169934640523 0.6443014705882353 0.0216503267973856 0.0585171568627451
1 0.9346405228758170 0.7665441176470589 0.1049836601307190 0.1035539215686275
1 0.8553921568627451 0.7806372549019608 0.0486111111111111 0.0726102941176471
1 0.8010620915032680 0.7653186274509803 0.0551470588235294 0.1038602941176471
1 0.7410130718954249 0.7659313725490197 0.0563725490196078 0.1096813725490196
1 0.4452614379084967 0.6590073529411765 0.0371732026143791 0.0689338235294118
1 0.4836601307189543 0.6608455882352942 0.0339052287581699 0.0557598039215686
1 0.1503267973856209 0.6528799019607843 0.0232843137254902 0.0637254901960784
1 0.6176470588235294 0.6639093137254902 0.0522875816993464 0.0572916666666667
1 0.1491013071895425 0.3762254901960784 0.0232843137254902 0.0667892156862745
1 0.7030228758169934 0.6712622549019608 0.0343137254901961 0.0428921568627451
1 0.4395424836601307 0.4859068627450980 0.0159313725490196 0.0560661764705882
1 0.4599673202614379 0.4843750000000000 0.0216503267973856 0.0575980392156863
1 0.4893790849673202 0.4810049019607843 0.0294117647058824 0.0603553921568627
1 0.5265522875816994 0.4837622549019608 0.0334967320261438 0.0566789215686275
1 0.5653594771241830 0.4859068627450980 0.0277777777777778 0.0609681372549020
1 0.5939542483660131 0.4794730392156863 0.0241013071895425 0.0572916666666667
1 0.6278594771241830 0.4868259803921569 0.0281862745098039 0.0600490196078431
1 0.6601307189542484 0.4880514705882353 0.0290032679738562 0.0575980392156863
1 0.6956699346405228 0.4868259803921569 0.0294117647058824 0.0579044117647059
1 0.7279411764705882 0.4880514705882353 0.0236928104575163 0.0603553921568627
1 0.7675653594771242 0.4819240196078431 0.0486111111111111 0.0695465686274510
1 0.8137254901960784 0.5000000000000000 0.0351307189542484 0.0410539215686275
1 0.7933006535947712 0.6614583333333334 0.0428921568627451 0.0572916666666667
1 0.8410947712418301 0.6602328431372549 0.0453431372549020 0.0612745098039216
1 0.8872549019607843 0.6639093137254902 0.0351307189542484 0.0572916666666667
1 0.9305555555555556 0.6694240196078431 0.0388071895424837 0.0658700980392157
1 0.9746732026143791 0.6718750000000000 0.0412581699346405 0.0514705882352941
1 0.9771241830065359 0.5854779411764706 0.0424836601307190 0.0533088235294118
1 0.9334150326797386 0.5775122549019608 0.0322712418300654 0.0637254901960784
1 0.8774509803921569 0.4779411764705883 0.0890522875816993 0.0811887254901961
1 0.9481209150326797 0.4889705882352941 0.0351307189542484 0.0646446078431373
1 0.9844771241830066 0.4935661764705883 0.0314542483660131 0.0563725490196078
1 0.9399509803921569 0.3777573529411765 0.0894607843137255 0.0891544117647059
1 0.8504901960784313 0.3786764705882353 0.0866013071895425 0.0906862745098039
1 0.7716503267973857 0.3731617647058824 0.0596405228758170 0.0873161764705882
1 0.6834150326797386 0.3731617647058824 0.1107026143790850 0.0873161764705882
1 0.6151960784313726 0.3875612745098039 0.0257352941176471 0.0557598039215686
1 0.4133986928104575 0.4803921568627451 0.0212418300653595 0.0640318627450980
1 0.5861928104575164 0.3875612745098039 0.0249183006535948 0.0560661764705882
1 0.3880718954248366 0.4791666666666667 0.0216503267973856 0.0625000000000000
1 0.3296568627450980 0.4819240196078431 0.0196078431372549 0.0646446078431373
1 0.1691176470588235 0.4822303921568628 0.0249183006535948 0.0582107843137255
1 0.1368464052287582 0.4764093137254902 0.0249183006535948 0.0536151960784314
1 0.0996732026143791 0.4712009803921569 0.0302287581699346 0.0389093137254902
1 0.1221405228758170 0.5652573529411765 0.0306372549019608 0.0517769607843137
1 0.1548202614379085 0.5603553921568627 0.0290032679738562 0.0634191176470588
1 0.2038398692810457 0.5686274509803921 0.0273692810457516 0.0723039215686275
1 0.2312091503267974 0.5637254901960784 0.0249183006535948 0.0698529411764706
1 0.2606209150326798 0.5707720588235294 0.0200163398692810 0.0628063725490196
1 0.2871732026143791 0.5716911764705882 0.0245098039215686 0.0667892156862745
1 0.3157679738562091 0.5762867647058824 0.0273692810457516 0.0474877450980392
1 0.3468137254901961 0.5646446078431373 0.0224673202614379 0.0719975490196078
1 0.3733660130718954 0.5707720588235294 0.0245098039215686 0.0625000000000000
1 0.3962418300653595 0.5710784313725490 0.0191993464052288 0.0707720588235294
1 0.4183006535947713 0.5695465686274510 0.0183823529411765 0.0652573529411765
1 0.4440359477124183 0.5704656862745098 0.0249183006535948 0.0670955882352941
1 0.4718137254901961 0.5692401960784313 0.0228758169934641 0.0713848039215686
1 0.4987745098039216 0.5821078431372549 0.0220588235294118 0.0493259803921569
1 0.5306372549019608 0.5698529411764706 0.0383986928104575 0.0723039215686275
1 0.5792483660130719 0.5772058823529411 0.0428921568627451 0.0514705882352941
1 0.6196895424836601 0.5753676470588235 0.0277777777777778 0.0643382352941176
1 0.9023692810457516 0.5971200980392157 0.0204248366013072 0.0337009803921569
1 0.8672385620915033 0.5894607843137255 0.0404411764705882 0.0450367647058824
1 0.8239379084967320 0.5824142156862745 0.0371732026143791 0.0545343137254902
1 0.7839052287581699 0.5836397058823529 0.0363562091503268 0.0520833333333333
1 0.2736928104575164 0.4785539215686275 0.0261437908496732 0.0628063725490196
1 0.6654411764705882 0.6651348039215687 0.0330882352941176 0.0450367647058824
1 0.3067810457516340 0.4803921568627451 0.0257352941176471 0.0637254901960784
1 0.3602941176470588 0.4846813725490196 0.0306372549019608 0.0582107843137255
1 0.1977124183006536 0.4810049019607843 0.0281862745098039 0.0585171568627451
1 0.2365196078431372 0.4794730392156863 0.0285947712418301 0.0618872549019608
1 0.0669934640522876 0.5340073529411765 0.0473856209150327 0.0805759803921569
1 0.0257352941176471 0.3014705882352941 0.0502450980392157 0.1090686274509804
1 0.0220588235294118 0.4270833333333333 0.0424836601307190 0.1158088235294118
1 0.5604575163398693 0.3872549019607843 0.0212418300653595 0.0625000000000000
1 0.0216503267973856 0.5373774509803921 0.0428921568627451 0.0845588235294118
1 0.0200163398692810 0.6366421568627451 0.0367647058823529 0.0741421568627451
1 0.0522875816993464 0.6311274509803921 0.0216503267973856 0.0560661764705882
1 0.0837418300653595 0.6418504901960784 0.0428921568627451 0.0873161764705882
1 0.0800653594771242 0.7264093137254902 0.0388071895424837 0.0667892156862745
1 0.1752450980392157 0.7647058823529411 0.0947712418300654 0.0955882352941176
1 0.0281862745098039 0.7772671568627451 0.0347222222222222 0.0484068627450980
1 0.2704248366013072 0.7285539215686274 0.0359477124183007 0.0588235294117647
1 0.3345588235294117 0.7683823529411765 0.0326797385620915 0.0833333333333333
1 0.2741013071895425 0.7898284313725490 0.0404411764705882 0.0499387254901961
1 0.3790849673202614 0.7631740196078431 0.0383986928104575 0.0928308823529412
1 0.4301470588235294 0.7591911764705882 0.0486111111111111 0.1060049019607843
1 0.4918300653594771 0.7616421568627451 0.0502450980392157 0.1133578431372549
1 0.5563725490196079 0.7640931372549019 0.0518790849673203 0.1161151960784314
1 0.6168300653594772 0.7634803921568627 0.0575980392156863 0.1075367647058824
1 0.6789215686274510 0.7640931372549019 0.0600490196078431 0.1060049019607843
1 0.4501633986928105 0.2754289215686275 0.0245098039215686 0.0689338235294118
1 0.4170751633986928 0.2748161764705883 0.0322712418300654 0.0634191176470588
1 0.3860294117647059 0.2778799019607843 0.0269607843137255 0.0594362745098039
1 0.3562091503267974 0.2775735294117647 0.0277777777777778 0.0591299019607843
1 0.3267973856209150 0.2830882352941176 0.0204248366013072 0.0526960784313725
1 0.2941176470588235 0.2757352941176471 0.0285947712418301 0.0526960784313725
1 0.2634803921568628 0.2757352941176471 0.0277777777777778 0.0551470588235294
1 0.2295751633986928 0.2754289215686275 0.0310457516339869 0.0548406862745098
1 0.4787581699346405 0.2738970588235294 0.0269607843137255 0.0655637254901961
1 0.1997549019607843 0.2748161764705883 0.0257352941176471 0.0609681372549020
1 0.5053104575163399 0.2858455882352941 0.0232843137254902 0.0465686274509804
1 0.5575980392156863 0.2748161764705883 0.0310457516339869 0.0698529411764706
1 0.7491830065359477 0.6590073529411765 0.0433006535947712 0.0637254901960784
1 0.1237745098039216 0.3734681372549020 0.0241013071895425 0.0683210784313725
1 0.5339052287581699 0.3866421568627451 0.0253267973856209 0.0591299019607843
1 0.0878267973856209 0.3838848039215687 0.0449346405228758 0.0435049019607843
1 0.0772058823529412 0.2693014705882353 0.0298202614379085 0.0661764705882353
1 0.1041666666666667 0.2677696078431372 0.0196078431372549 0.0729166666666667
1 0.1364379084967320 0.2735906862745098 0.0302287581699346 0.0557598039215686
1 0.5044934640522876 0.3872549019607843 0.0277777777777778 0.0600490196078431
1 0.4787581699346405 0.3851102941176471 0.0241013071895425 0.0628063725490196
1 0.4513888888888889 0.3835784313725490 0.0269607843137255 0.0618872549019608
1 0.4195261437908497 0.3863357843137255 0.0306372549019608 0.0606617647058824
1 0.3897058823529412 0.3786764705882353 0.0281862745098039 0.0643382352941176
1 0.3549836601307190 0.3946078431372549 0.0416666666666667 0.0413602941176471
1 0.3120915032679739 0.3777573529411765 0.0363562091503268 0.0199142156862745
1 0.3080065359477124 0.4044117647058824 0.0433006535947712 0.0220588235294118
1 0.2479575163398693 0.3811274509803921 0.0494281045751634 0.0189950980392157
1 0.1772875816993464 0.3753063725490196 0.0290032679738562 0.0677083333333333
1 0.2569444444444444 0.4013480392156863 0.0567810457516340 0.0162377450980392
1 0.2087418300653595 0.3848039215686275 0.0245098039215686 0.0551470588235294
1 0.0535130718954248 0.4227941176470588 0.0175653594771242 0.0870098039215686
1 0.9681372549019608 0.2735906862745098 0.0633169934640523 0.0845588235294118
1 0.9138071895424836 0.3011642156862745 0.0400326797385621 0.0269607843137255
1 0.8721405228758170 0.2987132352941176 0.0371732026143791 0.0269607843137255
1 0.8292483660130719 0.2990196078431372 0.0412581699346405 0.0297181372549020
1 0.7647058823529411 0.2705269607843137 0.0845588235294118 0.0851715686274510
1 0.6870915032679739 0.2787990196078431 0.0571895424836601 0.0661764705882353
1 0.5964052287581699 0.2775735294117647 0.0449346405228758 0.0640318627450980
1 0.5298202614379085 0.2858455882352941 0.0236928104575163 0.0465686274509804
1 0.1666666666666667 0.2766544117647059 0.0298202614379085 0.0569852941176471
