1 0.7984375000000000 0.4597656250000000 0.0526041666666667 0.0515625000000000
1 0.7244791666666667 0.4757812500000000 0.0645833333333333 0.0308593750000000
1 0.5796875000000000 0.8128906250000000 0.0380208333333333 0.0359375000000000
1 0.6578125000000000 0.4742187500000000 0.0536458333333333 0.0468750000000000
1 0.5828125000000000 0.7691406250000000 0.0442708333333333 0.0273437500000000
1 0.1593750000000000 0.6382812500000000 0.0505208333333333 0.0878906250000000
1 0.2197916666666667 0.6300781250000000 0.0500000000000000 0.0808593750000000
1 0.7187500000000000 0.4410156250000000 0.0786458333333333 0.0257812500000000
1 0.5380208333333333 0.7988281250000000 0.0338541666666667 0.0679687500000000
1 0.1182291666666667 0.8792968750000000 0.0776041666666667 0.0773437500000000
1 0.4682291666666666 0.8136718750000000 0.0380208333333333 0.0734375000000000
1 0.4177083333333333 0.8250000000000000 0.0489583333333333 0.0675781250000000
1 0.3572916666666667 0.8421875000000000 0.0598958333333333 0.0656250000000000
1 0.2755208333333333 0.8574218750000000 0.0755208333333333 0.0671875000000000
1 0.1942708333333333 0.8589843750000000 0.0625000000000000 0.0679687500000000
1 0.8515625000000000 0.4539062500000000 0.0406250000000000 0.0519531250000000
1 0.9078125000000000 0.4378906250000000 0.0635416666666667 0.0269531250000000
1 0.0463541666666667 0.6433593750000000 0.0421875000000000 0.1046875000000000
1 0.9088541666666666 0.4652343750000000 0.0531250000000000 0.0144531250000000
1 0.1005208333333333 0.6390625000000000 0.0541666666666667 0.0863281250000000
1 0.5041666666666667 0.8062500000000000 0.0302083333333333 0.0750000000000000
1 0.6135416666666667 0.4707031250000000 0.0286458333333333 0.0644531250000000
1 0.7687500000000000 0.5570312500000000 0.0348958333333333 0.0757812500000000
1 0.4390625000000000 0.6089843750000000 0.0661458333333333 0.0574218750000000
1 0.7270833333333333 0.5617187500000000 0.0473958333333333 0.0738281250000000
1 0.6682291666666667 0.5867187500000000 0.0635416666666667 0.0488281250000000
1 0.6546875000000000 0.5449218750000000 0.0875000000000000 0.0207031250000000
1 0.5921875000000000 0.5941406250000000 0.0718750000000000 0.0421875000000000
1 0.1432291666666667 0.4507812500000000 0.0500000000000000 0.0839843750000000
1 0.0921875000000000 0.3976562500000000 0.0348958333333333 0.1093750000000000
1 0.8536458333333333 0.7351562500000000 0.0416666666666667 0.0648437500000000
1 0.8125000000000000 0.7441406250000000 0.0432291666666667 0.0644531250000000
1 0.7677083333333333 0.7750000000000000 0.0463541666666667 0.0230468750000000
1 0.7291666666666666 0.7625000000000000 0.0260416666666667 0.0695312500000000
1 0.8333333333333334 0.2335937500000000 0.0364583333333333 0.0332031250000000
1 0.8723958333333334 0.2343750000000000 0.0380208333333333 0.0320312500000000
1 0.0479166666666667 0.3824218750000000 0.0359375000000000 0.0605468750000000
1 0.1671875000000000 0.3632812500000000 0.0380208333333333 0.0789062500000000
1 0.2182291666666667 0.3527343750000000 0.0562500000000000 0.0964843750000000
1 0.2854166666666667 0.3621093750000000 0.0687500000000000 0.0812500000000000
1 0.3510416666666666 0.3531250000000000 0.0468750000000000 0.0851562500000000
1 0.4020833333333333 0.3519531250000000 0.0427083333333333 0.0898437500000000
1 0.4531250000000000 0.3492187500000000 0.0401041666666667 0.0277343750000000
1 0.4500000000000000 0.3789062500000000 0.0401041666666667 0.0242187500000000
1 0.4875000000000000 0.3386718750000000 0.0250000000000000 0.1097656250000000
1 0.7005208333333334 0.7656250000000000 0.0265625000000000 0.0691406250000000
1 0.6625000000000000 0.7746093750000000 0.0395833333333333 0.0699218750000000
1 0.6250000000000000 0.7824218750000000 0.0328125000000000 0.0710937500000000
1 0.5145833333333333 0.5976562500000000 0.0572916666666667 0.0539062500000000
1 0.3744791666666666 0.6222656250000000 0.0489583333333333 0.0523437500000000
1 0.6432291666666666 0.6761718750000000 0.0307291666666667 0.0769531250000000
1 0.0276041666666667 0.5316406250000000 0.0557291666666667 0.0515625000000000
1 0.8583333333333333 0.5609375000000000 0.0541666666666667 0.0433593750000000
1 0.2776041666666667 0.5085937500000000 0.0343750000000000 0.0535156250000000
1 0.2197916666666667 0.5152343750000000 0.0432291666666667 0.0546875000000000
1 0.1666666666666667 0.5292968750000000 0.0427083333333333 0.0324218750000000
1 0.1010416666666667 0.5250000000000000 0.0614583333333333 0.0574218750000000
1 0.9557291666666666 0.7210937500000000 0.0255208333333333 0.0613281250000000
1 0.9244791666666666 0.7281250000000000 0.0291666666666667 0.0632812500000000
1 0.0385416666666667 0.8949218750000000 0.0770833333333333 0.0855468750000000
1 0.9171875000000000 0.2250000000000000 0.0411458333333333 0.0468750000000000
1 0.8729166666666667 0.1968750000000000 0.0390625000000000 0.0367187500000000
1 0.8317708333333333 0.1937500000000000 0.0333333333333333 0.0425781250000000
1 0.7958333333333333 0.2128906250000000 0.0286458333333333 0.0734375000000000
1 0.7588541666666667 0.2140625000000000 0.0343750000000000 0.0761718750000000
1 0.7197916666666667 0.2148437500000000 0.0395833333333333 0.0773437500000000
1 0.6822916666666666 0.2140625000000000 0.0348958333333333 0.0781250000000000
1 0.6421875000000000 0.2054687500000000 0.0375000000000000 0.0968750000000000
1 0.6000000000000000 0.2058593750000000 0.0369791666666667 0.0957031250000000
1 0.5536458333333333 0.2070312500000000 0.0489583333333333 0.0953125000000000
1 0.4942708333333333 0.1980468750000000 0.0453125000000000 0.1156250000000000
1 0.4260416666666667 0.2257812500000000 0.0755208333333333 0.0632812500000000
1 0.3604166666666667 0.1894531250000000 0.0463541666666667 0.1367187500000000
1 0.3057291666666667 0.1894531250000000 0.0494791666666667 0.1347656250000000
1 0.2520833333333333 0.2062500000000000 0.0437500000000000 0.1007812500000000
1 0.1947916666666667 0.2238281250000000 0.0546875000000000 0.0667968750000000
1 0.3453125000000000 0.5019531250000000 0.0869791666666667 0.0539062500000000
1 0.1401041666666667 0.2273437500000000 0.0406250000000000 0.0566406250000000
1 0.4156250000000000 0.4742187500000000 0.0421875000000000 0.0972656250000000
1 0.5088541666666667 0.4707031250000000 0.0307291666666667 0.0902343750000000
1 0.5973958333333333 0.6972656250000000 0.0562500000000000 0.0496093750000000
1 0.5442708333333334 0.6933593750000000 0.0302083333333333 0.0824218750000000
1 0.5067708333333333 0.6992187500000000 0.0359375000000000 0.0820312500000000
1 0.7223958333333333 0.6867187500000000 0.0375000000000000 0.0332031250000000
1 0.7588541666666667 0.6687500000000000 0.0286458333333333 0.0570312500000000
1 0.7953125000000000 0.6523437500000000 0.0401041666666667 0.0765625000000000
1 0.8442708333333333 0.6304687500000000 0.0421875000000000 0.0406250000000000
1 0.8875000000000000 0.6218750000000000 0.0390625000000000 0.0398437500000000
1 0.8468750000000000 0.6660156250000000 0.0437500000000000 0.0273437500000000
1 0.4677083333333333 0.7054687500000000 0.0364583333333333 0.0820312500000000
1 0.4171875000000000 0.7125000000000000 0.0541666666666667 0.0796875000000000
1 0.3609375000000000 0.7226562500000000 0.0500000000000000 0.0828125000000000
1 0.3083333333333333 0.7285156250000000 0.0515625000000000 0.0855468750000000
1 0.8927083333333333 0.6578125000000000 0.0338541666666667 0.0281250000000000
1 0.9265625000000000 0.6359375000000000 0.0270833333333333 0.0656250000000000
1 0.9515625000000000 0.6324218750000000 0.0203125000000000 0.0656250000000000
1 0.9755208333333333 0.6304687500000000 0.0229166666666667 0.0570312500000000
1 0.9869791666666666 0.7152343750000000 0.0239583333333333 0.0679687500000000
1 0.9786458333333333 0.2167968750000000 0.0421875000000000 0.0664062500000000
1 0.2692708333333333 0.6261718750000000 0.0520833333333333 0.0707031250000000
1 0.5781250000000000 0.4937500000000000 0.0380208333333333 0.0238281250000000
1 0.5770833333333333 0.4664062500000000 0.0359375000000000 0.0269531250000000
1 0.5421875000000000 0.4753906250000000 0.0291666666666667 0.0656250000000000
1 0.4671875000000000 0.4761718750000000 0.0494791666666667 0.0824218750000000
1 0.8067708333333333 0.5496093750000000 0.0375000000000000 0.0750000000000000
1 0.0432291666666667 0.2679687500000000 0.0645833333333333 0.1503906250000000
1 0.9697916666666667 0.0652343750000000 0.0348958333333333 0.0898437500000000
1 0.7109375000000000 0.3488281250000000 0.0666666666666667 0.0574218750000000
1 0.6421875000000000 0.3542968750000000 0.0630208333333333 0.0566406250000000
1 0.5812500000000000 0.3671875000000000 0.0473958333333333 0.0367187500000000
1 0.5791666666666667 0.3183593750000000 0.0458333333333333 0.0566406250000000
1 0.5364583333333334 0.3371093750000000 0.0307291666666667 0.1035156250000000
1 0.5213541666666667 0.0476562500000000 0.0354166666666667 0.0882812500000000
1 0.4744791666666667 0.0441406250000000 0.0286458333333333 0.0859375000000000
1 0.4348958333333333 0.0500000000000000 0.0390625000000000 0.0781250000000000
1 0.3390625000000000 0.0445312500000000 0.0546875000000000 0.0843750000000000
1 0.2625000000000000 0.0460937500000000 0.0708333333333333 0.0660156250000000
1 0.1968750000000000 0.0558593750000000 0.0583333333333333 0.0425781250000000
1 0.1838541666666667 0.0179687500000000 0.0515625000000000 0.0312500000000000
1 0.1328125000000000 0.0375000000000000 0.0447916666666667 0.0683593750000000
1 0.0572916666666667 0.0410156250000000 0.0703125000000000 0.0628906250000000
1 0.2531250000000000 0.7390625000000000 0.0520833333333333 0.0832031250000000
1 0.1859375000000000 0.7550781250000000 0.0583333333333333 0.0757812500000000
1 0.1135416666666667 0.7667968750000000 0.0739583333333333 0.0757812500000000
1 0.0510416666666667 0.7707031250000000 0.0421875000000000 0.0835937500000000
1 0.0140625000000000 0.7824218750000000 0.0281250000000000 0.0804687500000000
1 0.9895833333333334 0.5320312500000000 0.0218750000000000 0.0667968750000000
1 0.9656250000000000 0.5332031250000000 0.0218750000000000 0.0710937500000000
1 0.9364583333333333 0.5343750000000000 0.0312500000000000 0.0781250000000000
1 0.9031250000000000 0.5394531250000000 0.0286458333333333 0.0765625000000000
1 0.7739583333333333 0.3468750000000000 0.0484375000000000 0.0488281250000000
1 0.0442708333333333 0.1539062500000000 0.0666666666666667 0.0539062500000000
1 0.8312500000000000 0.2996093750000000 0.0572916666666667 0.0476562500000000
1 0.8807291666666667 0.3269531250000000 0.0343750000000000 0.0828125000000000
1 0.9317708333333333 0.0742187500000000 0.0348958333333333 0.0652343750000000
1 0.8968750000000000 0.0660156250000000 0.0218750000000000 0.0847656250000000
1 0.8614583333333333 0.0628906250000000 0.0348958333333333 0.0839843750000000
1 0.8166666666666667 0.0652343750000000 0.0375000000000000 0.0753906250000000
1 0.7750000000000000 0.0625000000000000 0.0380208333333333 0.0796875000000000
1 0.7395833333333334 0.0667968750000000 0.0208333333333333 0.0664062500000000
1 0.7125000000000000 0.0656250000000000 0.0208333333333333 0.0664062500000000
1 0.6703125000000000 0.0648437500000000 0.0458333333333333 0.0648437500000000
1 0.6151041666666667 0.0644531250000000 0.0500000000000000 0.0640625000000000
1 0.6010416666666667 0.0175781250000000 0.0802083333333333 0.0261718750000000
1 0.8317708333333333 0.3484375000000000 0.0552083333333333 0.0468750000000000
1 0.3223958333333333 0.6152343750000000 0.0411458333333333 0.0824218750000000
1 0.6848958333333334 0.6765625000000000 0.0302083333333333 0.0679687500000000
1 0.9583333333333334 0.4570312500000000 0.0333333333333333 0.0246093750000000
1 0.9885416666666667 0.4347656250000000 0.0239583333333333 0.0640625000000000
1 0.9578125000000000 0.3234375000000000 0.0385416666666667 0.0816406250000000
1 0.9182291666666667 0.3265625000000000 0.0333333333333333 0.0796875000000000
