1 0.1857876712328767 0.3663461538461538 0.0244006849315068 0.0451923076923077
1 0.7619863013698630 0.7338942307692308 0.0406678082191781 0.0413461538461538
1 0.8026541095890410 0.7718750000000000 0.0779109589041096 0.0310096153846154
1 0.0933219178082192 0.3617788461538461 0.0286815068493151 0.0612980769230769
1 0.1318493150684932 0.3677884615384616 0.0214041095890411 0.0411057692307692
1 0.6802226027397260 0.5225961538461539 0.0265410958904110 0.0641826923076923
1 0.7161815068493150 0.5209134615384615 0.0372431506849315 0.0656250000000000
1 0.6416952054794520 0.5427884615384615 0.0376712328767123 0.0699519230769231
1 0.5453767123287672 0.5403846153846154 0.0432363013698630 0.0745192307692308
1 0.6716609589041096 0.6492788461538461 0.0359589041095890 0.0798076923076923
1 0.4379280821917808 0.5372596153846154 0.0483732876712329 0.0762019230769231
1 0.0924657534246575 0.2831730769230769 0.0535102739726027 0.0521634615384615
1 0.1429794520547945 0.2838942307692308 0.0398116438356164 0.0536057692307692
1 0.1922089041095890 0.2769230769230769 0.0496575342465753 0.0740384615384615
1 0.2564212328767123 0.2872596153846154 0.0282534246575342 0.0531250000000000
1 0.2962328767123288 0.2838942307692308 0.0380993150684932 0.0562500000000000
1 0.3390410958904110 0.2855769230769231 0.0351027397260274 0.0519230769230769
1 0.3818493150684932 0.2860576923076923 0.0380993150684932 0.0528846153846154
1 0.4306506849315068 0.2860576923076923 0.0291095890410959 0.0507211538461538
1 0.4567636986301370 0.2865384615384615 0.0201198630136986 0.0413461538461538
1 0.4970034246575342 0.2894230769230769 0.0299657534246575 0.0423076923076923
1 0.5329623287671232 0.2884615384615384 0.0321061643835616 0.0403846153846154
1 0.5783390410958904 0.2887019230769231 0.0385273972602740 0.0411057692307692
1 0.6207191780821918 0.2838942307692308 0.0312500000000000 0.0533653846153846
1 0.6545376712328768 0.2817307692307692 0.0282534246575342 0.0545673076923077
1 0.6904965753424658 0.2817307692307692 0.0342465753424658 0.0519230769230769
1 0.7178938356164384 0.2762019230769231 0.0179794520547945 0.0680288461538461
1 0.7504280821917808 0.2762019230769231 0.0398116438356164 0.0704326923076923
1 0.8309075342465754 0.3012019230769231 0.0684931506849315 0.0141826923076923
1 0.9173801369863014 0.2824519230769231 0.1001712328767123 0.0435096153846154
1 0.0428082191780822 0.3586538461538462 0.0462328767123288 0.0228365384615385
1 0.8082191780821918 0.7338942307692308 0.0363869863013699 0.0391826923076923
1 0.1575342465753425 0.3677884615384616 0.0196917808219178 0.0459134615384615
1 0.8398972602739726 0.7382211538461538 0.0201198630136986 0.0302884615384615
1 0.7101883561643836 0.6375000000000000 0.0333904109589041 0.0737980769230769
1 0.8304794520547946 0.8519230769230769 0.0539383561643836 0.0798076923076923
1 0.5107020547945206 0.3629807692307692 0.0179794520547945 0.0461538461538462
1 0.2157534246575342 0.3677884615384616 0.0222602739726027 0.0459134615384615
1 0.3125000000000000 0.3627403846153846 0.0393835616438356 0.0581730769230769
1 0.3904109589041096 0.3632211538461538 0.0329623287671233 0.0540865384615385
1 0.4627568493150685 0.3670673076923077 0.0453767123287671 0.0495192307692308
1 0.5415239726027398 0.3653846153846154 0.0393835616438356 0.0509615384615385
1 0.5804794520547946 0.3651442307692307 0.0166952054794521 0.0483173076923077
1 0.6095890410958904 0.3651442307692307 0.0355308219178082 0.0507211538461538
1 0.6934931506849316 0.3603365384615385 0.0355308219178082 0.0632211538461538
1 0.7367294520547946 0.3608173076923077 0.0428082191780822 0.0615384615384615
1 0.7829623287671232 0.3598557692307692 0.0346746575342466 0.0598557692307692
1 0.8535958904109590 0.3586538461538462 0.0342465753424658 0.0598557692307692
1 0.8908390410958904 0.3588942307692308 0.0346746575342466 0.0600961538461538
1 0.9319349315068494 0.3598557692307692 0.0282534246575342 0.0620192307692308
1 0.6511130136986302 0.3615384615384615 0.0346746575342466 0.0608173076923077
1 0.0192636986301370 0.8430288461538461 0.0342465753424658 0.0718750000000000
1 0.0595034246575342 0.8456730769230769 0.0398116438356164 0.0699519230769231
1 0.1087328767123288 0.8459134615384616 0.0453767123287671 0.0701923076923077
1 0.8861301369863014 0.8507211538461539 0.0462328767123288 0.0721153846153846
1 0.7589897260273972 0.8401442307692307 0.0569349315068493 0.0562500000000000
1 0.7119006849315068 0.8365384615384616 0.0282534246575342 0.0492788461538462
1 0.7564212328767124 0.5173076923076924 0.0338184931506849 0.0608173076923077
1 0.6660958904109590 0.8435096153846153 0.0560787671232877 0.0632211538461538
1 0.6134417808219178 0.8365384615384616 0.0385273972602740 0.0492788461538462
1 0.5684931506849316 0.8367788461538461 0.0410958904109589 0.0519230769230769
1 0.5085616438356164 0.8375000000000000 0.0355308219178082 0.0581730769230769
1 0.4559075342465753 0.8362980769230769 0.0359589041095890 0.0536057692307692
1 0.3968321917808219 0.8444711538461539 0.0500856164383562 0.0572115384615385
1 0.3488869863013699 0.8430288461538461 0.0423801369863014 0.0692307692307692
1 0.2662671232876712 0.8463942307692308 0.0483732876712329 0.0711538461538462
1 0.2089041095890411 0.8391826923076923 0.0398116438356164 0.0591346153846154
1 0.1588184931506849 0.8425480769230769 0.0449486301369863 0.0266826923076923
1 0.1613869863013699 0.8699519230769230 0.0500856164383562 0.0192307692307692
1 0.8809931506849316 0.7286057692307693 0.0316780821917808 0.0358173076923077
1 0.8857020547945206 0.5430288461538462 0.0500856164383562 0.0846153846153846
1 0.4897260273972603 0.5418269230769230 0.0419520547945205 0.0776442307692308
1 0.8981164383561644 0.4447115384615384 0.0355308219178082 0.0492788461538462
1 0.4892979452054795 0.7588942307692308 0.0273972602739726 0.0668269230769231
1 0.5261130136986302 0.7444711538461538 0.0355308219178082 0.0579326923076923
1 0.5736301369863014 0.7524038461538461 0.0462328767123288 0.0658653846153846
1 0.6232876712328768 0.7545673076923077 0.0402397260273973 0.0605769230769231
1 0.0372431506849315 0.4338942307692308 0.0522260273972603 0.0716346153846154
1 0.3523116438356164 0.5447115384615384 0.0445205479452055 0.0685096153846154
1 0.3035102739726027 0.5425480769230769 0.0393835616438356 0.0663461538461538
1 0.2615582191780822 0.5399038461538461 0.0389554794520548 0.0711538461538462
1 0.1511130136986301 0.5435096153846154 0.0556506849315068 0.0713942307692308
1 0.2080479452054795 0.5336538461538461 0.0462328767123288 0.0661057692307692
1 0.0706335616438356 0.5432692307692307 0.0406678082191781 0.0706730769230769
1 0.0214041095890411 0.5420673076923077 0.0389554794520548 0.0733173076923077
1 0.4597602739726027 0.7596153846153846 0.0175513698630137 0.0730769230769231
1 0.0530821917808219 0.6557692307692308 0.0667808219178082 0.0677884615384615
1 0.1977739726027397 0.6459134615384615 0.0436643835616438 0.0826923076923077
1 0.2572773972602740 0.6391826923076923 0.0393835616438356 0.0745192307692308
1 0.3039383561643836 0.6406250000000000 0.0402397260273973 0.0752403846153846
1 0.3591609589041096 0.6411057692307692 0.0445205479452055 0.0882211538461539
1 0.4053938356164384 0.6423076923076924 0.0363869863013699 0.0858173076923077
1 0.4533390410958904 0.6430288461538461 0.0398116438356164 0.0824519230769231
1 0.4952910958904110 0.6324519230769231 0.0308219178082192 0.0658653846153846
1 0.5449486301369864 0.6240384615384615 0.0419520547945205 0.0593750000000000
1 0.5869006849315068 0.6324519230769231 0.0295376712328767 0.0658653846153846
1 0.6305650684931506 0.6420673076923077 0.0329623287671233 0.0778846153846154
1 0.8184931506849316 0.5319711538461539 0.0389554794520548 0.0774038461538462
1 0.6746575342465754 0.7658653846153847 0.0376712328767123 0.0637019230769231
1 0.1485445205479452 0.6459134615384615 0.0462328767123288 0.0802884615384615
1 0.4267979452054795 0.7596153846153846 0.0393835616438356 0.0709134615384615
1 0.7170376712328768 0.7423076923076923 0.0303938356164384 0.0581730769230769
1 0.3488869863013699 0.7600961538461538 0.0380993150684932 0.0615384615384615
1 0.8446061643835616 0.4588942307692307 0.0560787671232877 0.0201923076923077
1 0.7684075342465754 0.4262019230769231 0.0535102739726027 0.0192307692307692
1 0.7842465753424658 0.4579326923076923 0.0543664383561644 0.0235576923076923
1 0.7191780821917808 0.4588942307692307 0.0654965753424658 0.0201923076923077
1 0.6566780821917808 0.4562500000000000 0.0368150684931507 0.0151442307692308
1 0.6541095890410958 0.4379807692307692 0.0402397260273973 0.0129807692307692
1 0.3857020547945205 0.7560096153846154 0.0273972602739726 0.0637019230769231
1 0.5256849315068494 0.4555288461538461 0.0428082191780822 0.0213942307692308
1 0.4743150684931507 0.4603365384615384 0.0505136986301370 0.0185096153846154
1 0.4220890410958904 0.4579326923076923 0.0299657534246575 0.0262019230769231
1 0.3497431506849315 0.4555288461538461 0.0706335616438356 0.0283653846153846
1 0.2752568493150685 0.4552884615384615 0.0659246575342466 0.0281250000000000
1 0.3454623287671233 0.4252403846153846 0.0706335616438356 0.0197115384615385
1 0.2722602739726027 0.4271634615384615 0.0693493150684932 0.0259615384615385
1 0.2067636986301370 0.4555288461538461 0.0526541095890411 0.0213942307692308
1 0.5911815068493150 0.4600961538461538 0.0770547945205479 0.0228365384615385
1 0.1532534246575342 0.4447115384615384 0.0248287671232877 0.0687500000000000
1 0.2011986301369863 0.4336538461538462 0.0552226027397260 0.0170673076923077
1 0.1943493150684932 0.7425480769230769 0.0539383561643836 0.0713942307692308
1 0.1378424657534247 0.7427884615384616 0.0475171232876712 0.0718750000000000
1 0.0813356164383562 0.7495192307692308 0.0526541095890411 0.0680288461538461
1 0.8099315068493150 0.6338942307692308 0.0522260273972603 0.0240384615384615
1 0.2970890410958904 0.7483173076923076 0.0535102739726027 0.0829326923076923
1 0.8968321917808220 0.6634615384615384 0.0637842465753425 0.0365384615384615
1 0.8129280821917808 0.6605769230769231 0.0582191780821918 0.0233173076923077
1 0.7500000000000000 0.6338942307692308 0.0346746575342466 0.0689903846153846
1 0.1202910958904110 0.4401442307692308 0.0295376712328767 0.0596153846153846
