1 0.8189338235294118 0.7883986928104575 0.0208333333333333 0.0641339869281046
1 0.1341911764705882 0.8970588235294118 0.0667892156862745 0.0657679738562092
1 0.0499387254901961 0.9101307189542484 0.0729166666666667 0.0894607843137255
1 0.9736519607843137 0.7606209150326797 0.0174632352941176 0.1233660130718954
1 0.9506740196078431 0.7647058823529411 0.0260416666666667 0.1225490196078431
1 0.7126225490196079 0.7626633986928104 0.0389093137254902 0.0870098039215686
1 0.7895220588235294 0.7896241830065359 0.0254289215686275 0.0690359477124183
1 0.7622549019607843 0.7871732026143791 0.0245098039215686 0.0714869281045752
1 0.6822916666666666 0.7565359477124183 0.0174632352941176 0.0792483660130719
1 0.9025735294117647 0.7704248366013072 0.0281862745098039 0.1205065359477124
1 0.8762254901960784 0.7716503267973857 0.0238970588235294 0.1184640522875817
1 0.9267769607843137 0.7675653594771242 0.0211397058823529 0.1200980392156863
1 0.8446691176470589 0.7875816993464052 0.0183823529411765 0.0674019607843137
1 0.9794730392156863 0.6180555555555556 0.0419730392156863 0.1066176470588235
1 0.2616421568627451 0.1119281045751634 0.0594362745098039 0.0392156862745098
1 0.2628676470588235 0.0633169934640523 0.0677083333333333 0.0526960784313725
1 0.1691176470588235 0.1609477124183007 0.0793504901960784 0.1017156862745098
1 0.0885416666666667 0.1580882352941176 0.0750612745098039 0.0980392156862745
1 0.0916053921568627 0.0861928104575163 0.0701593137254902 0.0453431372549020
1 0.6130514705882353 0.7851307189542484 0.0337009803921569 0.0964052287581699
1 0.9371936274509803 0.8995098039215687 0.0511642156862745 0.0792483660130719
1 0.8848039215686274 0.9015522875816994 0.0502450980392157 0.0743464052287582
1 0.8207720588235294 0.9019607843137255 0.0747549019607843 0.0731209150326797
1 0.7573529411764706 0.9064542483660131 0.0490196078431373 0.0816993464052288
1 0.6920955882352942 0.9117647058823529 0.0802696078431373 0.0706699346405229
1 0.6302083333333334 0.9199346405228758 0.0428921568627451 0.0755718954248366
1 0.5894607843137255 0.9207516339869281 0.0386029411764706 0.0743464052287582
1 0.5523897058823529 0.9121732026143791 0.0330882352941176 0.0686274509803922
1 0.1963848039215686 0.8978758169934641 0.0548406862745098 0.0763888888888889
1 0.2444852941176471 0.7863562091503268 0.0431985294117647 0.1294934640522876
1 0.5793504901960784 0.7843137254901961 0.0343137254901961 0.0980392156862745
1 0.4987745098039216 0.7794117647058824 0.0392156862745098 0.1107026143790850
1 0.8802083333333334 0.4558823529411765 0.0484068627450980 0.1254084967320261
1 0.8336397058823529 0.4566993464052287 0.0398284313725490 0.1221405228758170
1 0.7882965686274510 0.4697712418300654 0.0481004901960784 0.1094771241830065
1 0.7411151960784313 0.4677287581699346 0.0435049019607843 0.1074346405228758
1 0.6945465686274510 0.4595588235294117 0.0471813725490196 0.1229575163398693
1 0.6488970588235294 0.4726307189542484 0.0404411764705882 0.1041666666666667
1 0.9764093137254902 0.2986111111111111 0.0484068627450980 0.1339869281045752
1 0.9264705882352942 0.4742647058823529 0.0364583333333333 0.0878267973856209
1 0.9276960784313726 0.3018790849673202 0.0459558823529412 0.1343954248366013
1 0.8391544117647058 0.3243464052287582 0.0346200980392157 0.0902777777777778
1 0.7873774509803921 0.3043300653594771 0.0692401960784314 0.1323529411764706
1 0.7248774509803921 0.3141339869281046 0.0346200980392157 0.1225490196078431
1 0.6893382352941176 0.3133169934640523 0.0312500000000000 0.1188725490196078
1 0.6596200980392157 0.3145424836601307 0.0266544117647059 0.1184640522875817
1 0.6314338235294118 0.3149509803921569 0.0291053921568627 0.1209150326797386
1 0.6020220588235294 0.3145424836601307 0.0294117647058824 0.1213235294117647
1 0.8820465686274510 0.3218954248366013 0.0428921568627451 0.0943627450980392
1 0.5732230392156863 0.3137254901960784 0.0257352941176471 0.1233660130718954
1 0.9733455882352942 0.4709967320261438 0.0548406862745098 0.0984477124183007
1 0.0278799019607843 0.5285947712418301 0.0539215686274510 0.1196895424836601
1 0.9304534313725490 0.6139705882352942 0.0481004901960784 0.1254084967320261
1 0.8857230392156863 0.6115196078431373 0.0373774509803922 0.1315359477124183
1 0.8440563725490197 0.6119281045751634 0.0404411764705882 0.1331699346405229
1 0.7977941176470589 0.6209150326797386 0.0474877450980392 0.1119281045751634
1 0.7564338235294118 0.6258169934640523 0.0361519607843137 0.0959967320261438
1 0.7172181372549019 0.6323529411764706 0.0352328431372549 0.0972222222222222
1 0.6743259803921569 0.6290849673202614 0.0465686274509804 0.1025326797385621
1 0.0327818627450980 0.6911764705882353 0.0637254901960784 0.1139705882352941
1 0.6289828431372549 0.6327614379084967 0.0404411764705882 0.1037581699346405
1 0.5428921568627451 0.6241830065359477 0.0410539215686275 0.1156045751633987
1 0.5006127450980392 0.6241830065359477 0.0431985294117647 0.1184640522875817
1 0.4549632352941176 0.6266339869281046 0.0410539215686275 0.1131535947712418
1 0.4105392156862745 0.6299019607843137 0.0407475490196078 0.1111111111111111
1 0.3314950980392157 0.6294934640522876 0.0407475490196078 0.1151960784313725
1 0.2892156862745098 0.6319444444444444 0.0407475490196078 0.1176470588235294
1 0.2441789215686274 0.6307189542483660 0.0441176470588235 0.1131535947712418
1 0.5867034313725490 0.6217320261437909 0.0444240196078431 0.1213235294117647
1 0.5441176470588235 0.3137254901960784 0.0309436274509804 0.1221405228758170
1 0.4727328431372549 0.3251633986928105 0.0321691176470588 0.1004901960784314
1 0.4427083333333333 0.3247549019607843 0.0278799019607843 0.1008986928104575
1 0.7282475490196079 0.1772875816993464 0.1130514705882353 0.0767973856209150
1 0.6026348039215687 0.1687091503267974 0.0744485294117647 0.0955882352941176
1 0.5199142156862745 0.1911764705882353 0.0597426470588235 0.0490196078431373
1 0.4617034313725490 0.1883169934640523 0.0545343137254902 0.0580065359477124
1 0.3930759803921569 0.1466503267973856 0.0542279411764706 0.0367647058823529
1 0.3961397058823529 0.1911764705882353 0.0618872549019608 0.0490196078431373
1 0.3287377450980392 0.1899509803921569 0.0600490196078431 0.0445261437908497
1 0.8244485294117647 0.1584967320261438 0.0775122549019608 0.1066176470588235
1 0.3290441176470588 0.1425653594771242 0.0560661764705882 0.0408496732026144
1 0.3311887254901961 0.1000816993464052 0.0707720588235294 0.0363562091503268
1 0.2674632352941176 0.1491013071895425 0.0563725490196078 0.0343137254901961
1 0.2898284313725490 0.7896241830065359 0.0456495098039216 0.1258169934640523
1 0.3367034313725490 0.7794117647058824 0.0386029411764706 0.1053921568627451
1 0.3753063725490196 0.7818627450980392 0.0389093137254902 0.1078431372549020
1 0.4163602941176471 0.7806372549019608 0.0413602941176471 0.1053921568627451
1 0.4571078431372549 0.7830882352941176 0.0370710784313725 0.0964052287581699
1 0.2680759803921569 0.1911764705882353 0.0575980392156863 0.0469771241830065
1 0.8979779411764706 0.1605392156862745 0.0677083333333333 0.1037581699346405
1 0.9515931372549019 0.1625816993464052 0.0343137254901961 0.1021241830065359
1 0.9852941176470589 0.1646241830065359 0.0300245098039216 0.0992647058823529
1 0.4132965686274510 0.3255718954248366 0.0318627450980392 0.1021241830065359
1 0.3857230392156863 0.3345588235294117 0.0232843137254902 0.0841503267973856
1 0.3615196078431372 0.3337418300653595 0.0232843137254902 0.0853758169934641
1 0.3379289215686275 0.3357843137254902 0.0235906862745098 0.0816993464052288
1 0.3121936274509804 0.3325163398692810 0.0269607843137255 0.0849673202614379
1 0.6096813725490197 0.4693627450980392 0.0346200980392157 0.1062091503267974
1 0.5695465686274510 0.4795751633986928 0.0419730392156863 0.0890522875816993
1 0.5278799019607843 0.4718137254901961 0.0416666666666667 0.1045751633986928
1 0.4874387254901961 0.4763071895424836 0.0382965686274510 0.0976307189542484
1 0.4476102941176471 0.4742647058823529 0.0395220588235294 0.1000816993464052
1 0.4074754901960784 0.4738562091503268 0.0379901960784314 0.1000816993464052
1 0.3658088235294117 0.4705882352941176 0.0413602941176471 0.1086601307189543
1 0.3238357843137255 0.4669117647058824 0.0398284313725490 0.1135620915032680
1 0.2582720588235294 0.4714052287581699 0.0490196078431373 0.1066176470588235
1 0.1786151960784314 0.3905228758169935 0.0677083333333333 0.0906862745098039
1 0.1056985294117647 0.3897058823529412 0.0750612745098039 0.0902777777777778
1 0.0358455882352941 0.3905228758169935 0.0646446078431373 0.0906862745098039
1 0.5389093137254902 0.7769607843137255 0.0398284313725490 0.1196895424836601
1 0.6519607843137255 0.7839052287581699 0.0398284313725490 0.0931372549019608
1 0.5150122549019608 0.9089052287581699 0.0281862745098039 0.0927287581699346
1 0.4163602941176471 0.9227941176470589 0.0364583333333333 0.0776143790849673
1 0.1875000000000000 0.8051470588235294 0.0563725490196078 0.0637254901960784
1 0.3072916666666667 0.9281045751633987 0.0392156862745098 0.0743464052287582
1 0.4849877450980392 0.9097222222222222 0.0297181372549020 0.0906862745098039
1 0.3795955882352941 0.9232026143790850 0.0346200980392157 0.0747549019607843
1 0.4503676470588235 0.9121732026143791 0.0254289215686275 0.0857843137254902
