1 0.0713734567901235 0.2877604166666667 0.0513117283950617 0.0692274305555556
1 0.4112654320987654 0.2927517361111111 0.0270061728395062 0.0644531250000000
1 0.9529320987654321 0.1872829861111111 0.0806327160493827 0.0611979166666667
1 0.1385030864197531 0.2873263888888889 0.0594135802469136 0.0707465277777778
1 0.2229938271604938 0.2630208333333333 0.0945216049382716 0.0340711805555556
1 0.2283950617283950 0.3068576388888889 0.0844907407407407 0.0297309027777778
1 0.3040123456790124 0.2899305555555556 0.0385802469135802 0.0631510416666667
1 0.3684413580246914 0.2931857638888889 0.0501543209876543 0.0635850694444444
1 0.4525462962962963 0.2892795138888889 0.0466820987654321 0.0581597222222222
1 0.7781635802469136 0.2853732638888889 0.0401234567901235 0.0622829861111111
1 0.5609567901234568 0.2862413194444444 0.0459104938271605 0.0523003472222222
1 0.6091820987654321 0.2879774305555556 0.0420524691358025 0.0575086805555556
1 0.6655092592592593 0.2840711805555556 0.0493827160493827 0.0616319444444444
1 0.7245370370370371 0.2821180555555556 0.0462962962962963 0.0670572916666667
1 0.8279320987654321 0.2851562500000000 0.0393518518518519 0.0653211805555556
1 0.8769290123456790 0.2847222222222222 0.0493827160493827 0.0562065972222222
1 0.8915895061728395 0.1812065972222222 0.0243055555555556 0.0616319444444444
1 0.9355709876543210 0.2907986111111111 0.0455246913580247 0.0518663194444444
1 0.5054012345679012 0.2873263888888889 0.0351080246913580 0.0611979166666667
1 0.8545524691358025 0.1866319444444444 0.0219907407407407 0.0531684027777778
1 0.6917438271604939 0.5653211805555556 0.0351080246913580 0.0399305555555556
1 0.7434413580246914 0.1801215277777778 0.0416666666666667 0.0614149305555556
1 0.0937500000000000 0.3858506944444444 0.0493827160493827 0.0672743055555556
1 0.0551697530864198 0.0386284722222222 0.0559413580246914 0.0724826388888889
1 0.1936728395061728 0.0455729166666667 0.0860339506172839 0.0562065972222222
1 0.1145833333333333 0.0412326388888889 0.0451388888888889 0.0707465277777778
1 0.2619598765432099 0.0394965277777778 0.0343364197530864 0.0674913194444444
1 0.3422067901234568 0.0390625000000000 0.1103395061728395 0.0687934027777778
1 0.0586419753086420 0.1848958333333333 0.0462962962962963 0.0683593750000000
1 0.1118827160493827 0.1840277777777778 0.0478395061728395 0.0703125000000000
1 0.8105709876543210 0.1792534722222222 0.0551697530864198 0.0677083333333333
1 0.1566358024691358 0.1816406250000000 0.0370370370370370 0.0594618055555556
1 0.2611882716049383 0.1840277777777778 0.0536265432098765 0.0664062500000000
1 0.3152006172839506 0.1829427083333333 0.0358796296296296 0.0648871527777778
1 0.3641975308641975 0.1879340277777778 0.0335648148148148 0.0555555555555556
1 0.4074074074074074 0.1840277777777778 0.0235339506172840 0.0607638888888889
1 0.7496141975308642 0.5644531250000000 0.0293209876543210 0.0546875000000000
1 0.5493827160493827 0.1948784722222222 0.0435956790123457 0.0414496527777778
1 0.6037808641975309 0.1751302083333333 0.0393518518518519 0.0783420138888889
1 0.6716820987654321 0.1959635416666667 0.0864197530864197 0.0425347222222222
1 0.2141203703703704 0.1855468750000000 0.0300925925925926 0.0551215277777778
1 0.1543209876543210 0.3873697916666667 0.0451388888888889 0.0705295138888889
1 0.4498456790123457 0.1840277777777778 0.0408950617283951 0.0616319444444444
1 0.2496141975308642 0.3832465277777778 0.0470679012345679 0.0720486111111111
1 0.7870370370370371 0.4761284722222222 0.0165895061728395 0.0546875000000000
1 0.7600308641975309 0.4748263888888889 0.0250771604938272 0.0583767361111111
1 0.7172067901234568 0.4750434027777778 0.0273919753086420 0.0551215277777778
1 0.6867283950617284 0.4720052083333333 0.0293209876543210 0.0618489583333333
1 0.6485339506172839 0.4800347222222222 0.0281635802469136 0.0555555555555556
1 0.6126543209876543 0.4765625000000000 0.0277777777777778 0.0668402777777778
1 0.5779320987654321 0.4828559027777778 0.0293209876543210 0.0566406250000000
1 0.5100308641975309 0.4756944444444444 0.0987654320987654 0.0753038194444444
1 0.3904320987654321 0.4811197916666667 0.0443672839506173 0.0509982638888889
1 0.2935956790123457 0.4817708333333333 0.0424382716049383 0.0542534722222222
1 0.2330246913580247 0.4728732638888889 0.0435956790123457 0.0644531250000000
1 0.1832561728395062 0.4841579861111111 0.0405092592592593 0.0570746527777778
1 0.1284722222222222 0.4850260416666667 0.0435956790123457 0.0594618055555556
1 0.0860339506172839 0.4826388888888889 0.0293209876543210 0.0703125000000000
1 0.9830246913580247 0.3843315972222222 0.0370370370370370 0.0670572916666667
1 0.9074074074074074 0.3804253472222222 0.0393518518518519 0.0590277777777778
1 0.8591820987654321 0.3851996527777778 0.0474537037037037 0.0542534722222222
1 0.8063271604938271 0.3843315972222222 0.0343364197530864 0.0531684027777778
1 0.7623456790123457 0.3884548611111111 0.0428240740740741 0.0538194444444444
1 0.8267746913580247 0.4839409722222222 0.0250771604938272 0.0470920138888889
1 0.7133487654320988 0.3856336805555556 0.0451388888888889 0.0672743055555556
1 0.8707561728395061 0.4832899305555556 0.0493827160493827 0.0505642361111111
1 0.7102623456790124 0.6527777777777778 0.0636574074074074 0.0616319444444444
1 0.9510030864197531 0.7712673611111112 0.0679012345679012 0.0394965277777778
1 0.8904320987654321 0.7146267361111112 0.0763888888888889 0.0232204861111111
1 0.8051697530864198 0.7174479166666666 0.0567129629629630 0.0214843750000000
1 0.8750000000000000 0.7708333333333334 0.0578703703703704 0.0338541666666667
1 0.8051697530864198 0.7779947916666666 0.0698302469135803 0.0266927083333333
1 0.7044753086419753 0.7766927083333334 0.0601851851851852 0.0316840277777778
1 0.6388888888888888 0.7365451388888888 0.0551697530864198 0.0674913194444444
1 0.5802469135802469 0.7363281250000000 0.0428240740740741 0.0664062500000000
1 0.5239197530864198 0.7406684027777778 0.0594135802469136 0.0733506944444444
1 0.4575617283950617 0.7408854166666666 0.0528549382716049 0.0729166666666667
1 0.3915895061728395 0.7363281250000000 0.0671296296296296 0.0631510416666667
1 0.3144290123456790 0.7365451388888888 0.0721450617283951 0.0644531250000000
1 0.2368827160493827 0.7411024305555556 0.0551697530864198 0.0703125000000000
1 0.1705246913580247 0.7413194444444444 0.0686728395061728 0.0692274305555556
1 0.9714506172839507 0.6673177083333334 0.0586419753086420 0.0414496527777778
1 0.8842592592592593 0.6271701388888888 0.0814043209876543 0.0273437500000000
1 0.7897376543209876 0.6295572916666666 0.0721450617283951 0.0249565972222222
1 0.8942901234567902 0.6644965277777778 0.0586419753086420 0.0381944444444444
1 0.8086419753086420 0.6655815972222222 0.0763888888888889 0.0397135416666667
1 0.9266975308641975 0.4822048611111111 0.0528549382716049 0.0533854166666667
1 0.6593364197530864 0.3912760416666667 0.0459104938271605 0.0616319444444444
1 0.3437500000000000 0.4867621527777778 0.0385802469135802 0.0579427083333333
1 0.5605709876543210 0.3910590277777778 0.0497685185185185 0.0590277777777778
1 0.8838734567901234 0.5536024305555556 0.0513117283950617 0.0186631944444444
1 0.8780864197530864 0.5818142361111112 0.0351080246913580 0.0188802083333333
1 0.4486882716049383 0.5904947916666666 0.0300925925925926 0.0245225694444444
1 0.5617283950617284 0.5720486111111112 0.0300925925925926 0.0536024305555556
1 0.5320216049382716 0.5720486111111112 0.0173611111111111 0.0523003472222222
1 0.5061728395061729 0.5692274305555556 0.0200617283950617 0.0546875000000000
1 0.4810956790123457 0.5627170138888888 0.0200617283950617 0.0499131944444444
1 0.3804012345679013 0.5792100694444444 0.0621141975308642 0.0358072916666667
1 0.3013117283950617 0.5783420138888888 0.0667438271604938 0.0329861111111111
1 0.3869598765432099 0.5427517361111112 0.0748456790123457 0.0312500000000000
1 0.6138117283950617 0.3938802083333333 0.0385802469135802 0.0603298611111111
1 0.8294753086419753 0.5611979166666666 0.0258487654320988 0.0579427083333333
1 0.7881944444444444 0.5642361111111112 0.0308641975308642 0.0542534722222222
1 0.9745370370370371 0.4802517361111111 0.0354938271604938 0.0583767361111111
1 0.1381172839506173 0.5405815972222222 0.0794753086419753 0.0164930555555556
1 0.3067129629629630 0.5440538194444444 0.0736882716049383 0.0284288194444444
1 0.2168209876543210 0.5796440972222222 0.0652006172839506 0.0418836805555556
1 0.1392746913580247 0.5807291666666666 0.0698302469135803 0.0399305555555556
1 0.6273148148148148 0.5833333333333334 0.0736882716049383 0.0366753472222222
1 0.9270833333333334 0.5809461805555556 0.0412808641975309 0.0208333333333333
1 0.6284722222222222 0.5453559027777778 0.0760030864197531 0.0186631944444444
1 0.5042438271604939 0.3871527777777778 0.0493827160493827 0.0592447916666667
1 0.4537037037037037 0.3821614583333333 0.0366512345679012 0.0696614583333333
1 0.6392746913580247 0.6512586805555556 0.0605709876543210 0.0635850694444444
1 0.2013888888888889 0.3849826388888889 0.0300925925925926 0.0772569444444444
1 0.5663580246913580 0.6519097222222222 0.0736882716049383 0.0648871527777778
1 0.4888117283950617 0.6536458333333334 0.0686728395061728 0.0635850694444444
1 0.3688271604938271 0.6660156250000000 0.1265432098765432 0.0414496527777778
1 0.2226080246913580 0.5425347222222222 0.0690586419753086 0.0177951388888889
1 0.2079475308641975 0.6608072916666666 0.0435956790123457 0.0301649305555556
1 0.1601080246913580 0.6627604166666666 0.0393518518518519 0.0253906250000000
1 0.0821759259259259 0.7541232638888888 0.0509259259259259 0.0696614583333333
1 0.0289351851851852 0.7530381944444444 0.0408950617283951 0.0670572916666667
1 0.9803240740740741 0.5824652777777778 0.0389660493827160 0.0386284722222222
1 0.4097222222222222 0.3825954861111111 0.0401234567901235 0.0759548611111111
1 0.3344907407407408 0.4010416666666667 0.0744598765432099 0.0462239583333333
