1 0.2238562091503268 0.5364583333333334 0.0253267973856209 0.1167279411764706
1 0.3529411764705883 0.7120098039215687 0.0269607843137255 0.1102941176470588
1 0.7724673202614379 0.9549632352941176 0.0253267973856209 0.0912990196078431
1 0.6940359477124183 0.9448529411764706 0.0339052287581699 0.1096813725490196
1 0.2549019607843137 0.5459558823529411 0.0298202614379085 0.1026348039215686
1 0.2863562091503268 0.5496323529411765 0.0257352941176471 0.1130514705882353
1 0.3186274509803921 0.5450367647058824 0.0355392156862745 0.1228553921568627
1 0.3562091503267974 0.5484068627450981 0.0339052287581699 0.1271446078431372
1 0.3901143790849673 0.5566789215686274 0.0249183006535948 0.1228553921568627
1 0.4236111111111111 0.5621936274509803 0.0339052287581699 0.1271446078431372
1 0.4742647058823529 0.5704656862745098 0.0465686274509804 0.1384803921568628
1 0.5102124183006536 0.5704656862745098 0.0171568627450980 0.1344975490196078
1 0.7361111111111112 0.9500612745098039 0.0441176470588235 0.1001838235294118
1 0.5416666666666666 0.5747549019607843 0.0412581699346405 0.1302083333333333
1 0.6282679738562091 0.5808823529411765 0.0486111111111111 0.1381740196078431
1 0.6768790849673203 0.5851715686274510 0.0420751633986928 0.1403186274509804
1 0.2226307189542484 0.9442401960784313 0.1090686274509804 0.0517769607843137
1 0.1311274509803922 0.9218750000000000 0.0571895424836601 0.0477941176470588
1 0.0330882352941176 0.8771446078431373 0.0665849673202614 0.0548406862745098
1 0.9742647058823529 0.9684436274509803 0.0502450980392157 0.0634191176470588
1 0.9174836601307189 0.9656862745098039 0.0526960784313725 0.0692401960784314
1 0.8165849673202614 0.9549632352941176 0.0559640522875817 0.0912990196078431
1 0.5833333333333334 0.5799632352941176 0.0351307189542484 0.1390931372549020
1 0.6617647058823529 0.9420955882352942 0.0261437908496732 0.1124387254901961
1 0.5849673202614379 0.9209558823529411 0.0326797385620915 0.1053921568627451
1 0.3835784313725490 0.7193627450980392 0.0273692810457516 0.1179534313725490
1 0.6090686274509803 0.7622549019607843 0.0290032679738562 0.1277573529411765
1 0.5718954248366013 0.7527573529411765 0.0404411764705882 0.1295955882352941
1 0.5359477124183006 0.7401960784313726 0.0196078431372549 0.1133578431372549
1 0.5028594771241830 0.7380514705882353 0.0396241830065359 0.1200980392156863
1 0.7332516339869281 0.5891544117647058 0.0420751633986928 0.1482843137254902
1 0.7806372549019608 0.5775122549019608 0.0420751633986928 0.1302083333333333
1 0.8390522875816994 0.6124387254901961 0.0482026143790850 0.0759803921568627
1 0.8999183006535948 0.6020220588235294 0.0665849673202614 0.1446078431372549
1 0.9591503267973857 0.6194852941176471 0.0437091503267974 0.1703431372549020
1 0.0232843137254902 0.6467524509803921 0.0187908496732026 0.1014093137254902
1 0.0437091503267974 0.6510416666666666 0.0171568627450980 0.0968137254901961
1 0.0698529411764706 0.6608455882352942 0.0269607843137255 0.0946691176470588
1 0.0980392156862745 0.6626838235294118 0.0249183006535948 0.0965073529411765
1 0.1315359477124183 0.6694240196078431 0.0339052287581699 0.0983455882352941
1 0.1715686274509804 0.6596200980392157 0.0277777777777778 0.0842524509803922
1 0.2046568627450980 0.6776960784313726 0.0306372549019608 0.0986519607843137
1 0.2553104575163399 0.6960784313725490 0.0249183006535948 0.1081495098039216
1 0.4595588235294117 0.7316176470588235 0.0351307189542484 0.1213235294117647
1 0.4199346405228758 0.7230392156862745 0.0383986928104575 0.1155024509803922
1 0.2883986928104575 0.7012867647058824 0.0355392156862745 0.1066176470588235
1 0.3223039215686275 0.7068014705882353 0.0273692810457516 0.1109068627450980
1 0.6511437908496732 0.7656250000000000 0.0486111111111111 0.1292892156862745
1 0.6952614379084967 0.7778799019607843 0.0330882352941176 0.1406250000000000
1 0.7389705882352942 0.8118872549019608 0.0437091503267974 0.0940563725490196
1 0.7945261437908496 0.8210784313725490 0.0539215686274510 0.0851715686274510
1 0.5404411764705882 0.9197303921568627 0.0355392156862745 0.1053921568627451
1 0.5053104575163399 0.8615196078431373 0.0261437908496732 0.0762867647058824
1 0.4362745098039216 0.8756127450980392 0.0379901960784314 0.1130514705882353
1 0.3970588235294117 0.8716299019607843 0.0330882352941176 0.1148897058823529
1 0.3415032679738562 0.8486519607843137 0.0375816993464052 0.1078431372549020
1 0.3067810457516340 0.8385416666666666 0.0236928104575163 0.1130514705882353
1 0.2736928104575164 0.8342524509803921 0.0277777777777778 0.1020220588235294
1 0.2459150326797385 0.8302696078431373 0.0183823529411765 0.1053921568627451
1 0.2205882352941176 0.8207720588235294 0.0253267973856209 0.0992647058823529
1 0.1944444444444444 0.8155637254901961 0.0224673202614379 0.1084558823529412
1 0.6245915032679739 0.9332107843137255 0.0355392156862745 0.1167279411764706
1 0.1674836601307189 0.8051470588235294 0.0265522875816993 0.1004901960784314
1 0.1156045751633987 0.7910539215686274 0.0265522875816993 0.0992647058823529
1 0.0874183006535948 0.7876838235294118 0.0191993464052288 0.1004901960784314
1 0.0645424836601307 0.7794117647058824 0.0224673202614379 0.0949754901960784
1 0.0412581699346405 0.7738970588235294 0.0183823529411765 0.0965073529411765
1 0.0216503267973856 0.7668504901960784 0.0159313725490196 0.0922181372549020
1 0.0049019607843137 0.7662377450980392 0.0102124183006536 0.0900735294117647
1 0.9824346405228758 0.8596813725490197 0.0351307189542484 0.0931372549019608
1 0.9346405228758170 0.8489583333333334 0.0465686274509804 0.0796568627450980
1 0.8876633986928104 0.8419117647058824 0.0388071895424837 0.0900735294117647
1 0.8451797385620915 0.8183210784313726 0.0330882352941176 0.0814950980392157
1 0.1405228758169935 0.8008578431372549 0.0179738562091503 0.1020220588235294
1 0.1952614379084967 0.5309436274509803 0.0269607843137255 0.1142769607843137
1 0.3811274509803921 0.4007352941176471 0.0253267973856209 0.1001838235294118
1 0.0943627450980392 0.5217524509803921 0.0359477124183007 0.1050857843137255
1 0.9697712418300654 0.0248161764705882 0.0620915032679739 0.0490196078431373
1 0.0138888888888889 0.2843137254901961 0.0187908496732026 0.0643382352941176
1 0.0392156862745098 0.2837009803921569 0.0261437908496732 0.0680147058823529
1 0.0674019607843137 0.2833946078431372 0.0245098039215686 0.0646446078431373
1 0.0984477124183007 0.2806372549019608 0.0351307189542484 0.0692401960784314
1 0.1343954248366013 0.2812500000000000 0.0306372549019608 0.0667892156862745
1 0.1789215686274510 0.2772671568627451 0.0367647058823529 0.0738357843137255
1 0.2124183006535948 0.2772671568627451 0.0269607843137255 0.0729166666666667
1 0.2450980392156863 0.2766544117647059 0.0347222222222222 0.0726102941176471
1 0.2810457516339869 0.2787990196078431 0.0330882352941176 0.0713848039215686
1 0.3402777777777778 0.2766544117647059 0.0416666666666667 0.0719975490196078
1 0.3835784313725490 0.2748161764705883 0.0236928104575163 0.0716911764705882
1 0.4093137254901961 0.2738970588235294 0.0241013071895425 0.0729166666666667
1 0.4436274509803921 0.2696078431372549 0.0371732026143791 0.0778186274509804
1 0.5118464052287581 0.2686887254901961 0.0420751633986928 0.0765931372549020
1 0.8941993464052288 0.0355392156862745 0.0694444444444444 0.0431985294117647
1 0.5849673202614379 0.2625612745098039 0.0383986928104575 0.0830269607843137
1 0.8178104575163399 0.0321691176470588 0.0604575163398693 0.0640318627450980
1 0.6454248366013072 0.0435049019607843 0.0494281045751634 0.0867034313725490
1 0.0110294117647059 0.1277573529411765 0.0191993464052288 0.0652573529411765
1 0.0449346405228758 0.1225490196078431 0.0412581699346405 0.0756740196078431
1 0.0992647058823529 0.1188725490196078 0.0392156862745098 0.0637254901960784
1 0.1433823529411765 0.1096813725490196 0.0326797385620915 0.0719975490196078
1 0.1768790849673203 0.1081495098039216 0.0261437908496732 0.0649509803921569
1 0.2054738562091503 0.1004901960784314 0.0257352941176471 0.0683210784313725
1 0.2418300653594771 0.0980392156862745 0.0404411764705882 0.0762867647058824
1 0.2871732026143791 0.0934436274509804 0.0326797385620915 0.0698529411764706
1 0.3231209150326798 0.0867034313725490 0.0318627450980392 0.0704656862745098
1 0.3676470588235294 0.0805759803921569 0.0441176470588235 0.0796568627450980
1 0.4121732026143791 0.0756740196078431 0.0388071895424837 0.0738357843137255
1 0.4554738562091503 0.0683210784313725 0.0359477124183007 0.0833333333333333
1 0.4971405228758170 0.0640318627450980 0.0433006535947712 0.0799632352941176
1 0.5412581699346405 0.0575980392156863 0.0339052287581699 0.0842524509803922
1 0.5890522875816994 0.0468750000000000 0.0555555555555556 0.0919117647058824
1 0.7508169934640523 0.0364583333333333 0.0526960784313725 0.0692401960784314
1 0.6282679738562091 0.2598039215686275 0.0424836601307190 0.0854779411764706
1 0.6846405228758170 0.2653186274509804 0.0241013071895425 0.0741421568627451
1 0.7181372549019608 0.2570465686274510 0.0383986928104575 0.0912990196078431
1 0.4481209150326798 0.4019607843137255 0.0334967320261438 0.1069240196078431
1 0.4795751633986928 0.4016544117647059 0.0265522875816993 0.1072303921568627
1 0.5089869281045751 0.4031862745098039 0.0273692810457516 0.1090686274509804
1 0.5449346405228758 0.4013480392156863 0.0375816993464052 0.1075367647058824
1 0.5861928104575164 0.4037990196078431 0.0351307189542484 0.1155024509803922
1 0.6233660130718954 0.4034926470588235 0.0359477124183007 0.1170343137254902
1 0.6707516339869281 0.4068627450980392 0.0482026143790850 0.1139705882352941
1 0.7226307189542484 0.4099264705882353 0.0355392156862745 0.1133578431372549
1 0.7794117647058824 0.4090073529411765 0.0637254901960784 0.1197916666666667
1 0.8500816993464052 0.4090073529411765 0.0494281045751634 0.1418504901960784
1 0.9064542483660131 0.4102328431372549 0.0551470588235294 0.1289828431372549
1 0.9616013071895425 0.4111519607843137 0.0461601307189543 0.1390931372549020
1 0.0171568627450980 0.5168504901960784 0.0191993464052288 0.1026348039215686
1 0.0400326797385621 0.5171568627450981 0.0224673202614379 0.1035539215686275
1 0.0637254901960784 0.5205269607843137 0.0204248366013072 0.1078431372549020
1 0.4133986928104575 0.3995098039215687 0.0322712418300654 0.1047794117647059
1 0.3406862745098039 0.9687500000000000 0.1066176470588235 0.0572916666666667
1 0.3537581699346405 0.3995098039215687 0.0290032679738562 0.0980392156862745
1 0.3247549019607843 0.4010416666666667 0.0253267973856209 0.0955882352941176
1 0.7638888888888888 0.2567401960784313 0.0388071895424837 0.0894607843137255
1 0.8120915032679739 0.2509191176470588 0.0469771241830065 0.0940563725490196
1 0.8590686274509803 0.2506127450980392 0.0396241830065359 0.0931372549019608
1 0.9129901960784313 0.2447916666666667 0.0584150326797386 0.1020220588235294
1 0.9734477124183006 0.2457107843137255 0.0543300653594771 0.0995710784313725
1 0.0310457516339869 0.3808210784313725 0.0196078431372549 0.0579044117647059
1 0.0514705882352941 0.3921568627450980 0.0171568627450980 0.0502450980392157
1 0.1633986928104575 0.5318627450980392 0.0306372549019608 0.1167279411764706
1 0.0755718954248366 0.3921568627450980 0.0232843137254902 0.0851715686274510
1 0.1429738562091503 0.3952205882352941 0.0196078431372549 0.0882352941176471
1 0.1674836601307189 0.3973651960784313 0.0228758169934641 0.0882352941176471
1 0.1924019607843137 0.3973651960784313 0.0212418300653595 0.0906862745098039
1 0.2177287581699346 0.3979779411764706 0.0253267973856209 0.0919117647058824
1 0.2467320261437909 0.3973651960784313 0.0257352941176471 0.0949754901960784
1 0.2720588235294117 0.4010416666666667 0.0216503267973856 0.0931372549019608
1 0.2973856209150327 0.3982843137254902 0.0232843137254902 0.0952818627450980
1 0.1053921568627451 0.3955269607843137 0.0339052287581699 0.0894607843137255
