1 0.4109477124183006 0.1776960784313726 0.1184640522875817 0.0533088235294118
1 0.2238562091503268 0.1767769607843137 0.0735294117647059 0.0542279411764706
1 0.1495098039215686 0.1856617647058824 0.0690359477124183 0.0435049019607843
1 0.0653594771241830 0.1348039215686274 0.0706699346405229 0.0493259803921569
1 0.3084150326797386 0.1764705882352941 0.0825163398692810 0.0517769607843137
1 0.5339052287581699 0.1776960784313726 0.1086601307189543 0.0545343137254902
1 0.5151143790849673 0.4050245098039216 0.0898692810457516 0.0496323529411765
1 0.7414215686274510 0.1200980392156863 0.0927287581699346 0.0628063725490196
1 0.2888071895424836 0.6439950980392157 0.0980392156862745 0.0291053921568627
1 0.2013888888888889 0.6890318627450981 0.0800653594771242 0.0413602941176471
1 0.1213235294117647 0.6914828431372549 0.0759803921568627 0.0422794117647059
1 0.1209150326797386 0.6488970588235294 0.0849673202614379 0.0321691176470588
1 0.0408496732026144 0.6896446078431373 0.0755718954248366 0.0410539215686275
1 0.0371732026143791 0.6498161764705882 0.0682189542483660 0.0312500000000000
1 0.8643790849673203 0.5680147058823529 0.1531862745098039 0.0389093137254902
1 0.7083333333333334 0.5707720588235294 0.1437908496732026 0.0389093137254902
1 0.5890522875816994 0.5729166666666666 0.0788398692810457 0.0410539215686275
1 0.2945261437908497 0.6835171568627451 0.0964052287581699 0.0364583333333333
1 0.5073529411764706 0.5719975490196079 0.0812908496732026 0.0413602941176471
1 0.7156862745098039 0.5232843137254902 0.1466503267973856 0.0367647058823529
1 0.6384803921568627 0.1161151960784314 0.1107026143790850 0.0646446078431373
1 0.5130718954248366 0.5254289215686274 0.0829248366013072 0.0459558823529412
1 0.3982843137254902 0.5698529411764706 0.1062091503267974 0.0468750000000000
1 0.2883986928104575 0.5716911764705882 0.1037581699346405 0.0453431372549020
1 0.1997549019607843 0.5677083333333334 0.0669934640522876 0.0447303921568627
1 0.1058006535947712 0.5793504901960784 0.0776143790849673 0.0410539215686275
1 0.2054738562091503 0.5226715686274510 0.0788398692810457 0.0382965686274510
1 0.0988562091503268 0.5306372549019608 0.0829248366013072 0.0474877450980392
1 0.8766339869281046 0.5232843137254902 0.1548202614379085 0.0392156862745098
1 0.3901143790849673 0.6801470588235294 0.0898692810457516 0.0419730392156863
1 0.4125816993464052 0.6412377450980392 0.0649509803921569 0.0257352941176471
1 0.4906045751633987 0.6449142156862745 0.0857843137254902 0.0355392156862745
1 0.8194444444444444 0.9037990196078431 0.0755718954248366 0.0379901960784314
1 0.8991013071895425 0.8661151960784313 0.0780228758169935 0.0324754901960784
1 0.9076797385620915 0.9056372549019608 0.0727124183006536 0.0398284313725490
1 0.9003267973856209 0.9491421568627451 0.0776143790849673 0.0349264705882353
1 0.8202614379084967 0.9469975490196079 0.0702614379084967 0.0343137254901961
1 0.7234477124183006 0.9509803921568627 0.0849673202614379 0.0389093137254902
1 0.6278594771241830 0.9528186274509803 0.0792483660130719 0.0413602941176471
1 0.5490196078431373 0.9522058823529411 0.0690359477124183 0.0459558823529412
1 0.7181372549019608 0.8737745098039216 0.0547385620915033 0.0459558823529412
1 0.6417483660130719 0.9025735294117647 0.0874183006535948 0.0508578431372549
1 0.5498366013071896 0.9025735294117647 0.0800653594771242 0.0499387254901961
1 0.4440359477124183 0.9592524509803921 0.1049836601307190 0.0364583333333333
1 0.4452614379084967 0.9243259803921569 0.0939542483660131 0.0193014705882353
1 0.4464869281045752 0.8897058823529411 0.0964052287581699 0.0502450980392157
1 0.3361928104575164 0.9669117647058824 0.1033496732026144 0.0278799019607843
1 0.6944444444444444 0.6819852941176471 0.1421568627450980 0.0330882352941176
1 0.5702614379084967 0.6844362745098039 0.0792483660130719 0.0382965686274510
1 0.4889705882352941 0.6844362745098039 0.0759803921568627 0.0407475490196078
1 0.8639705882352942 0.6393995098039216 0.1486928104575163 0.0376838235294118
1 0.7005718954248366 0.6409313725490197 0.1576797385620915 0.0349264705882353
1 0.5751633986928104 0.6433823529411765 0.0792483660130719 0.0392156862745098
1 0.8946078431372549 0.4497549019607843 0.1617647058823529 0.0462622549019608
1 0.8982843137254902 0.3958333333333333 0.1593137254901961 0.0523897058823529
1 0.5992647058823529 0.5275735294117647 0.0829248366013072 0.0428921568627451
1 0.6078431372549019 0.4537377450980392 0.0866013071895425 0.0422794117647059
1 0.5857843137254902 0.7907475490196079 0.0755718954248366 0.0297181372549020
1 0.5057189542483660 0.7864583333333334 0.0682189542483660 0.0431985294117647
1 0.4129901960784313 0.7886029411764706 0.0939542483660131 0.0416666666666667
1 0.3141339869281046 0.7922794117647058 0.0972222222222222 0.0355392156862745
1 0.4146241830065360 0.7490808823529411 0.0972222222222222 0.0269607843137255
1 0.7336601307189542 0.4491421568627451 0.1527777777777778 0.0450367647058824
1 0.3112745098039216 0.7527573529411765 0.0951797385620915 0.0281862745098039
1 0.2156862745098039 0.7977941176470589 0.0829248366013072 0.0465686274509804
1 0.1319444444444444 0.7996323529411765 0.0755718954248366 0.0407475490196078
1 0.0482026143790850 0.7913602941176471 0.0902777777777778 0.0477941176470588
1 0.8647875816993464 0.6773897058823529 0.1470588235294118 0.0358455882352941
1 0.1895424836601307 0.3180147058823529 0.0915032679738562 0.0444240196078431
1 0.0902777777777778 0.3210784313725490 0.0976307189542484 0.0431985294117647
1 0.1830065359477124 0.2643995098039216 0.1037581699346405 0.0560661764705882
1 0.0755718954248366 0.2671568627450980 0.1000816993464052 0.0545343137254902
1 0.9522058823529411 0.1761642156862745 0.0951797385620915 0.0502450980392157
1 0.8513071895424836 0.1789215686274510 0.0976307189542484 0.0484068627450980
1 0.7565359477124183 0.1789215686274510 0.0845588235294118 0.0493259803921569
1 0.6548202614379085 0.1783088235294118 0.1135620915032680 0.0523897058823529
1 0.9395424836601307 0.1188725490196078 0.1017156862745098 0.0603553921568627
1 0.8366013071895425 0.1219362745098039 0.0972222222222222 0.0603553921568627
1 0.5935457516339869 0.7518382352941176 0.0714869281045752 0.0337009803921569
1 0.7034313725490197 0.7490808823529411 0.1405228758169935 0.0281862745098039
1 0.0735294117647059 0.1844362745098039 0.0800653594771242 0.0456495098039216
1 0.8558006535947712 0.7454044117647058 0.1384803921568628 0.0291053921568627
1 0.5224673202614379 0.3210784313725490 0.0890522875816993 0.0431985294117647
1 0.6086601307189542 0.3198529411764706 0.0792483660130719 0.0435049019607843
1 0.7026143790849673 0.7846200980392157 0.1360294117647059 0.0367647058823529
1 0.7401960784313726 0.3192401960784313 0.1601307189542484 0.0435049019607843
1 0.9056372549019608 0.2683823529411765 0.1674836601307189 0.0557598039215686
1 0.9101307189542484 0.3223039215686275 0.1646241830065359 0.0453431372549020
1 0.1209150326797386 0.3943014705882353 0.0535130718954248 0.0431985294117647
1 0.2234477124183007 0.4028799019607843 0.0894607843137255 0.0337009803921569
1 0.0298202614379085 0.4506740196078431 0.0535130718954248 0.0407475490196078
1 0.0992647058823529 0.4491421568627451 0.0804738562091503 0.0514705882352941
1 0.4187091503267974 0.3201593137254902 0.1086601307189543 0.0450367647058824
1 0.1862745098039216 0.4479166666666667 0.0849673202614379 0.0471813725490196
1 0.6094771241830066 0.4016544117647059 0.0931372549019608 0.0499387254901961
1 0.5142973856209150 0.4540441176470588 0.0886437908496732 0.0450367647058824
1 0.2998366013071895 0.3192401960784313 0.1139705882352941 0.0487132352941176
1 0.3296568627450980 0.9344362745098039 0.1098856209150327 0.0223651960784314
1 0.1911764705882353 0.9659926470588235 0.1683006535947713 0.0349264705882353
1 0.1817810457516340 0.9218750000000000 0.1850490196078431 0.0505514705882353
1 0.1785130718954248 0.8728553921568627 0.1940359477124183 0.0382965686274510
1 0.8480392156862745 0.7833946078431373 0.1360294117647059 0.0392156862745098
1 0.1401143790849673 0.1366421568627451 0.0665849673202614 0.0477941176470588
1 0.5245098039215687 0.2696078431372549 0.0968137254901961 0.0530024509803922
