1 0.2781862745098039 0.3063725490196079 0.0518790849673203 0.0560661764705882
1 0.3284313725490196 0.3048406862745098 0.0473856209150327 0.0634191176470588
1 0.3745915032679739 0.2993259803921569 0.0461601307189543 0.0664828431372549
1 0.4268790849673202 0.3017769607843137 0.0571895424836601 0.0652573529411765
1 0.4816176470588235 0.3051470588235294 0.0396241830065359 0.0661764705882353
1 0.1870915032679739 0.2968750000000000 0.0584150326797386 0.0759803921568627
1 0.1229575163398693 0.3324142156862745 0.0645424836601307 0.0775122549019608
1 0.9726307189542484 0.3017769607843137 0.0457516339869281 0.0811887254901961
1 0.5285947712418301 0.3060661764705883 0.0531045751633987 0.0640318627450980
1 0.5751633986928104 0.3045343137254902 0.0408496732026144 0.0625000000000000
1 0.9170751633986928 0.3039215686274510 0.0563725490196078 0.0710784313725490
1 0.8586601307189542 0.3020833333333333 0.0355392156862745 0.0744485294117647
1 0.6209150326797386 0.3008578431372549 0.0428921568627451 0.0768995098039216
1 0.0294117647058824 0.3915441176470588 0.0339052287581699 0.0542279411764706
1 0.0396241830065359 0.3278186274509804 0.0575980392156863 0.0655637254901961
1 0.7516339869281046 0.3125000000000000 0.1486928104575163 0.2870710784313725
1 0.8141339869281046 0.4810049019607843 0.0424836601307190 0.0410539215686275
1 0.8917483660130719 0.2101715686274510 0.0473856209150327 0.0747549019607843
1 0.0661764705882353 0.4016544117647059 0.0371732026143791 0.0719975490196078
1 0.3954248366013072 0.0462622549019608 0.1066176470588235 0.0373774509803922
1 0.4640522875816994 0.1014093137254902 0.0645424836601307 0.0563725490196078
1 0.5400326797385621 0.0992647058823529 0.0808823529411765 0.0674019607843137
1 0.6017156862745098 0.0438112745098039 0.0371732026143791 0.0591299019607843
1 0.5984477124183006 0.1060049019607843 0.0339052287581699 0.0591299019607843
1 0.6356209150326797 0.0992647058823529 0.0281862745098039 0.0667892156862745
1 0.6687091503267973 0.0833333333333333 0.0330882352941176 0.0303308823529412
1 0.6670751633986928 0.1173406862745098 0.0294117647058824 0.0330882352941176
1 0.7238562091503268 0.0719975490196078 0.0698529411764706 0.0263480392156863
1 0.7234477124183006 0.1118259803921569 0.0718954248366013 0.0508578431372549
1 0.7822712418300654 0.1020220588235294 0.0428921568627451 0.0698529411764706
1 0.8374183006535948 0.0912990196078431 0.0665849673202614 0.0928308823529412
1 0.8937908496732027 0.1066176470588235 0.0420751633986928 0.0643382352941176
1 0.9436274509803921 0.0952818627450980 0.0547385620915033 0.0876225490196078
1 0.0486111111111111 0.2337622549019608 0.0939542483660131 0.0526960784313725
1 0.1625816993464052 0.2031250000000000 0.0473856209150327 0.0704656862745098
1 0.2214052287581699 0.1933210784313726 0.0620915032679739 0.0854779411764706
1 0.2794117647058824 0.2110906862745098 0.0539215686274510 0.0603553921568627
1 0.3419117647058824 0.1933210784313726 0.0375816993464052 0.0962009803921569
1 0.3856209150326798 0.2120098039215686 0.0457516339869281 0.0582107843137255
1 0.4379084967320261 0.1942401960784314 0.0575980392156863 0.0940563725490196
1 0.4983660130718954 0.1948529411764706 0.0600490196078431 0.0946691176470588
1 0.5526960784313726 0.2022058823529412 0.0473856209150327 0.0851715686274510
1 0.6017156862745098 0.1969975490196078 0.0490196078431373 0.0940563725490196
1 0.6523692810457516 0.2126225490196078 0.0486111111111111 0.0634191176470588
1 0.8492647058823529 0.2101715686274510 0.0326797385620915 0.0747549019607843
1 0.9395424836601307 0.2083333333333333 0.0465686274509804 0.0787377450980392
1 0.1299019607843137 0.4102328431372549 0.0747549019607843 0.0747549019607843
1 0.0232843137254902 0.5873161764705882 0.0457516339869281 0.0382965686274510
1 0.3125000000000000 0.3848039215686275 0.0649509803921569 0.0753676470588235
1 0.4542483660130719 0.5560661764705882 0.0837418300653595 0.0545343137254902
1 0.5388071895424836 0.5572916666666666 0.0837418300653595 0.0496323529411765
1 0.6074346405228758 0.5585171568627451 0.0510620915032680 0.0481004901960784
1 0.6540032679738562 0.5444240196078431 0.0416666666666667 0.0413602941176471
1 0.7079248366013072 0.5603553921568627 0.0539215686274510 0.0465686274509804
1 0.7516339869281046 0.5563725490196079 0.0326797385620915 0.0386029411764706
1 0.7982026143790850 0.5514705882352942 0.0396241830065359 0.0670955882352941
1 0.8541666666666666 0.5572916666666666 0.0363562091503268 0.0643382352941176
1 0.8876633986928104 0.5670955882352942 0.0298202614379085 0.0407475490196078
1 0.9509803921568627 0.5557598039215687 0.0375816993464052 0.0615808823529412
1 0.9861111111111112 0.5530024509803921 0.0277777777777778 0.0557598039215686
1 0.3758169934640523 0.1017156862745098 0.0837418300653595 0.0545343137254902
1 0.3709150326797386 0.5530024509803921 0.0253267973856209 0.0618872549019608
1 0.0477941176470588 0.6418504901960784 0.0477941176470588 0.0484068627450980
1 0.1719771241830065 0.6295955882352942 0.0690359477124183 0.0818014705882353
1 0.2426470588235294 0.6191789215686274 0.0600490196078431 0.0563725490196078
1 0.3647875816993464 0.6148897058823529 0.0326797385620915 0.0456495098039216
1 0.4072712418300654 0.6231617647058824 0.0473856209150327 0.0569852941176471
1 0.4562908496732026 0.6225490196078431 0.0457516339869281 0.0585171568627451
1 0.5004084967320261 0.6234681372549019 0.0416666666666667 0.0551470588235294
1 0.5522875816993464 0.6403186274509803 0.0588235294117647 0.0625000000000000
1 0.6111111111111112 0.6210171568627451 0.0526960784313725 0.0481004901960784
1 0.6678921568627451 0.6246936274509803 0.0543300653594771 0.0477941176470588
1 0.7389705882352942 0.6204044117647058 0.0363562091503268 0.0493259803921569
1 0.8423202614379085 0.6354166666666666 0.0412581699346405 0.0670955882352941
1 0.9084967320261438 0.6384803921568627 0.0461601307189543 0.0781250000000000
1 0.0996732026143791 0.6443014705882353 0.0490196078431373 0.0465686274509804
1 0.3443627450980392 0.5508578431372549 0.0236928104575163 0.0655637254901961
1 0.3153594771241830 0.5499387254901961 0.0298202614379085 0.0701593137254902
1 0.2875816993464052 0.5456495098039216 0.0257352941176471 0.0603553921568627
1 0.3692810457516340 0.3897058823529412 0.0486111111111111 0.0716911764705882
1 0.4334150326797386 0.3881740196078431 0.0735294117647059 0.0762867647058824
1 0.4950980392156863 0.3884803921568628 0.0469771241830065 0.0762867647058824
1 0.5539215686274510 0.3869485294117647 0.0657679738562092 0.0762867647058824
1 0.6115196078431373 0.3918504901960784 0.0498366013071895 0.0670955882352941
1 0.8459967320261438 0.3930759803921569 0.0359477124183007 0.0667892156862745
1 0.9031862745098039 0.3903186274509804 0.0416666666666667 0.0732230392156863
1 0.9534313725490197 0.3952205882352941 0.0588235294117647 0.0652573529411765
1 0.0767973856209150 0.4895833333333333 0.0804738562091503 0.0511642156862745
1 0.0821078431372549 0.5379901960784313 0.0653594771241830 0.0425857843137255
1 0.1519607843137255 0.5337009803921569 0.0669934640522876 0.0551470588235294
1 0.1580882352941176 0.4791666666666667 0.0510620915032680 0.0425857843137255
1 0.2802287581699346 0.4675245098039216 0.0649509803921569 0.0618872549019608
1 0.2181372549019608 0.4644607843137255 0.0490196078431373 0.0585171568627451
1 0.3962418300653595 0.4690563725490196 0.0445261437908497 0.0560661764705882
1 0.4407679738562091 0.4687500000000000 0.0441176470588235 0.0575980392156863
1 0.4857026143790850 0.4678308823529412 0.0441176470588235 0.0585171568627451
1 0.5375816993464052 0.4779411764705883 0.0396241830065359 0.0447303921568627
1 0.5759803921568627 0.4797794117647059 0.0359477124183007 0.0425857843137255
1 0.6168300653594772 0.4754901960784313 0.0441176470588235 0.0447303921568627
1 0.8623366013071896 0.4837622549019608 0.0490196078431373 0.0349264705882353
1 0.9129901960784313 0.4874387254901961 0.0486111111111111 0.0263480392156863
1 0.9093137254901961 0.4558823529411765 0.0506535947712418 0.0171568627450980
1 0.9603758169934641 0.4880514705882353 0.0441176470588235 0.0263480392156863
1 0.2046568627450980 0.5438112745098039 0.0253267973856209 0.0735294117647059
1 0.2312091503267974 0.5438112745098039 0.0245098039215686 0.0753676470588235
1 0.2565359477124183 0.5435049019607843 0.0269607843137255 0.0750612745098039
1 0.2209967320261438 0.3832720588235294 0.0780228758169935 0.0713848039215686
1 0.3108660130718954 0.1118259803921569 0.0469771241830065 0.0346200980392157
1 0.3970588235294117 0.5511642156862745 0.0269607843137255 0.0615808823529412
1 0.1687091503267974 0.1075367647058824 0.0690359477124183 0.0373774509803922
1 0.2581699346405229 0.0701593137254902 0.0653594771241830 0.0254289215686275
1 0.2001633986928105 0.0719975490196078 0.0428921568627451 0.0266544117647059
1 0.1495098039215686 0.0756740196078431 0.0498366013071895 0.0220588235294118
1 0.0400326797385621 0.0386029411764706 0.0772058823529412 0.0508578431372549
1 0.0433006535947712 0.0958946078431373 0.0845588235294118 0.0600490196078431
1 0.2410130718954248 0.1047794117647059 0.0633169934640523 0.0416666666666667
