1 0.0800781250000000 0.8979166666666667 0.0312500000000000 0.0567708333333333
1 0.0332031250000000 0.9046875000000000 0.0597656250000000 0.0447916666666667
1 0.7656250000000000 0.7854166666666667 0.0386718750000000 0.0833333333333333
1 0.7195312500000000 0.7817708333333333 0.0437500000000000 0.0854166666666667
1 0.6812500000000000 0.7885416666666667 0.0265625000000000 0.0734375000000000
1 0.1140625000000000 0.8973958333333333 0.0347656250000000 0.0645833333333333
1 0.6203125000000000 0.7875000000000000 0.0285156250000000 0.0713541666666667
1 0.4585937500000000 0.7885416666666667 0.0281250000000000 0.0791666666666667
1 0.5628906250000000 0.7880208333333333 0.0289062500000000 0.0671875000000000
1 0.5300781250000000 0.7755208333333333 0.0371093750000000 0.0906250000000000
1 0.4917968750000000 0.7760416666666666 0.0335937500000000 0.0822916666666667
1 0.6511718750000000 0.7869791666666667 0.0320312500000000 0.0765625000000000
1 0.5921875000000000 0.7859375000000000 0.0269531250000000 0.0692708333333333
1 0.5378906250000000 0.8765625000000000 0.0414062500000000 0.0375000000000000
1 0.2019531250000000 0.9046875000000000 0.0226562500000000 0.0651041666666667
1 0.2308593750000000 0.9000000000000000 0.0316406250000000 0.0630208333333333
1 0.2582031250000000 0.8921875000000000 0.0214843750000000 0.0546875000000000
1 0.2960937500000000 0.8968750000000000 0.0476562500000000 0.0708333333333333
1 0.3507812500000000 0.8947916666666667 0.0593750000000000 0.0744791666666667
1 0.4105468750000000 0.8953125000000000 0.0500000000000000 0.0802083333333333
1 0.4789062500000000 0.8968750000000000 0.0746093750000000 0.0812500000000000
1 0.5398437500000000 0.9192708333333334 0.0386718750000000 0.0395833333333333
1 0.6089843750000000 0.8984375000000000 0.0734375000000000 0.0744791666666667
1 0.6691406250000000 0.9083333333333333 0.0390625000000000 0.0578125000000000
1 0.7101562500000000 0.8984375000000000 0.0363281250000000 0.0843750000000000
1 0.7503906250000000 0.9000000000000000 0.0394531250000000 0.0822916666666667
1 0.7042968750000000 0.1609375000000000 0.0339843750000000 0.0937500000000000
1 0.4300781250000000 0.7890625000000000 0.0265625000000000 0.0765625000000000
1 0.1765625000000000 0.9000000000000000 0.0207031250000000 0.0625000000000000
1 0.4015625000000000 0.7921875000000000 0.0261718750000000 0.0661458333333333
1 0.7019531250000000 0.6458333333333334 0.0218750000000000 0.0531250000000000
1 0.3503906250000000 0.7911458333333333 0.0277343750000000 0.0682291666666667
1 0.0761718750000000 0.6411458333333333 0.0277343750000000 0.0786458333333333
1 0.0453125000000000 0.6390625000000000 0.0320312500000000 0.0765625000000000
1 0.0144531250000000 0.6395833333333333 0.0281250000000000 0.0729166666666667
1 0.7890625000000000 0.4822916666666667 0.0468750000000000 0.1213541666666667
1 0.6699218750000000 0.1557291666666667 0.0328125000000000 0.1104166666666667
1 0.6019531250000000 0.1593750000000000 0.0390625000000000 0.1052083333333333
1 0.5593750000000000 0.1546875000000000 0.0441406250000000 0.1140625000000000
1 0.5187500000000000 0.1609375000000000 0.0347656250000000 0.1067708333333333
1 0.4847656250000000 0.1755208333333333 0.0289062500000000 0.0796875000000000
1 0.4542968750000000 0.1755208333333333 0.0292968750000000 0.0807291666666667
1 0.4234375000000000 0.1703125000000000 0.0335937500000000 0.0927083333333333
1 0.3894531250000000 0.1739583333333333 0.0335937500000000 0.0807291666666667
1 0.3531250000000000 0.1703125000000000 0.0359375000000000 0.0880208333333333
1 0.3179687500000000 0.1739583333333333 0.0304687500000000 0.0864583333333333
1 0.2824218750000000 0.1625000000000000 0.0406250000000000 0.1093750000000000
1 0.2441406250000000 0.1734375000000000 0.0300781250000000 0.0895833333333333
1 0.2113281250000000 0.1734375000000000 0.0343750000000000 0.0895833333333333
1 0.1742187500000000 0.1578125000000000 0.0359375000000000 0.0802083333333333
1 0.1316406250000000 0.1661458333333333 0.0367187500000000 0.1119791666666667
1 0.0890625000000000 0.1604166666666667 0.0425781250000000 0.1302083333333333
1 0.0476562500000000 0.1703125000000000 0.0402343750000000 0.1109375000000000
1 0.1078125000000000 0.6427083333333333 0.0316406250000000 0.0880208333333333
1 0.1386718750000000 0.6447916666666667 0.0289062500000000 0.0890625000000000
1 0.1726562500000000 0.6390625000000000 0.0382812500000000 0.0984375000000000
1 0.2046875000000000 0.6421875000000000 0.0238281250000000 0.0916666666666667
1 0.3203125000000000 0.7687500000000000 0.0296875000000000 0.0895833333333333
1 0.2710937500000000 0.7812500000000000 0.0636718750000000 0.0906250000000000
1 0.2078125000000000 0.7953125000000000 0.0570312500000000 0.0671875000000000
1 0.1660156250000000 0.7885416666666667 0.0269531250000000 0.0828125000000000
1 0.1332031250000000 0.7864583333333334 0.0308593750000000 0.0859375000000000
1 0.0996093750000000 0.7765625000000000 0.0324218750000000 0.1057291666666667
1 0.0574218750000000 0.7750000000000000 0.0468750000000000 0.1020833333333333
1 0.7753906250000000 0.6364583333333333 0.0398437500000000 0.0765625000000000
1 0.7332031250000000 0.6364583333333333 0.0402343750000000 0.0755208333333333
1 0.6714843750000000 0.6265625000000000 0.0382812500000000 0.0932291666666667
1 0.3765625000000000 0.7916666666666666 0.0230468750000000 0.0666666666666667
1 0.6335937500000000 0.6453125000000000 0.0375000000000000 0.0817708333333333
1 0.5578125000000000 0.6473958333333333 0.0371093750000000 0.0802083333333333
1 0.5207031250000000 0.6473958333333333 0.0367187500000000 0.0750000000000000
1 0.4851562500000000 0.6463541666666667 0.0351562500000000 0.0765625000000000
1 0.4488281250000000 0.6239583333333333 0.0332031250000000 0.0625000000000000
1 0.4125000000000000 0.6489583333333333 0.0394531250000000 0.0828125000000000
1 0.3734375000000000 0.6468750000000000 0.0367187500000000 0.0848958333333333
1 0.3382812500000000 0.6473958333333333 0.0320312500000000 0.0786458333333333
1 0.3054687500000000 0.6468750000000000 0.0316406250000000 0.0796875000000000
1 0.2722656250000000 0.6468750000000000 0.0324218750000000 0.0796875000000000
1 0.2363281250000000 0.6380208333333334 0.0382812500000000 0.0932291666666667
1 0.5949218750000000 0.6473958333333333 0.0359375000000000 0.0786458333333333
1 0.7449218750000000 0.1531250000000000 0.0468750000000000 0.1026041666666667
1 0.1484375000000000 0.8973958333333333 0.0320312500000000 0.0697916666666667
1 0.9523437500000000 0.1041666666666667 0.0863281250000000 0.1937500000000000
1 0.0105468750000000 0.3427083333333333 0.0207031250000000 0.0921875000000000
1 0.7339843750000000 0.3291666666666667 0.0324218750000000 0.0921875000000000
1 0.7687500000000000 0.3317708333333333 0.0343750000000000 0.0916666666666667
1 0.8066406250000000 0.3239583333333333 0.0359375000000000 0.0911458333333333
1 0.0531250000000000 0.5171875000000000 0.0308593750000000 0.0750000000000000
1 0.0851562500000000 0.5171875000000000 0.0332031250000000 0.0750000000000000
1 0.1203125000000000 0.5145833333333333 0.0328125000000000 0.0770833333333333
1 0.1515625000000000 0.5156250000000000 0.0289062500000000 0.0802083333333333
1 0.2605468750000000 0.5062500000000000 0.0312500000000000 0.0880208333333333
1 0.3394531250000000 0.4901041666666667 0.0441406250000000 0.1187500000000000
1 0.3761718750000000 0.5062500000000000 0.0292968750000000 0.0895833333333333
1 0.4058593750000000 0.5015625000000000 0.0242187500000000 0.0708333333333333
1 0.4335937500000000 0.5010416666666667 0.0312500000000000 0.0697916666666667
1 0.7789062500000000 0.1500000000000000 0.0214843750000000 0.1062500000000000
1 0.4710937500000000 0.4875000000000000 0.0421875000000000 0.0994791666666667
1 0.5132812500000000 0.4869791666666667 0.0398437500000000 0.1026041666666667
1 0.5492187500000000 0.4979166666666667 0.0289062500000000 0.0734375000000000
1 0.5808593750000000 0.4947916666666667 0.0320312500000000 0.0796875000000000
1 0.6140625000000000 0.5000000000000000 0.0324218750000000 0.0875000000000000
1 0.6457031250000000 0.4807291666666667 0.0289062500000000 0.0765625000000000
1 0.6761718750000000 0.5046875000000000 0.0308593750000000 0.0807291666666667
1 0.7109375000000000 0.4953125000000000 0.0320312500000000 0.0973958333333333
1 0.7445312500000000 0.4963541666666667 0.0339843750000000 0.1026041666666667
1 0.0195312500000000 0.5192708333333333 0.0339843750000000 0.0776041666666667
1 0.6996093750000000 0.3307291666666667 0.0343750000000000 0.1057291666666667
1 0.2988281250000000 0.4932291666666667 0.0363281250000000 0.1125000000000000
1 0.6242187500000000 0.3348958333333333 0.0320312500000000 0.1031250000000000
1 0.0398437500000000 0.3531250000000000 0.0320312500000000 0.0911458333333333
1 0.0742187500000000 0.3463541666666667 0.0363281250000000 0.1072916666666667
1 0.1167968750000000 0.3437500000000000 0.0425781250000000 0.1036458333333333
1 0.1984375000000000 0.2932291666666667 0.0496093750000000 0.1401041666666667
1 0.9488281250000000 0.6843750000000000 0.0789062500000000 0.1713541666666667
1 0.8636718750000000 0.6734375000000000 0.0617187500000000 0.1671875000000000
1 0.6613281250000000 0.3322916666666667 0.0382812500000000 0.1052083333333333
1 0.9644531250000000 0.4994791666666666 0.0718750000000000 0.1937500000000000
1 0.8886718750000000 0.4942708333333333 0.0671875000000000 0.1864583333333333
1 0.9203125000000000 0.3015625000000000 0.0515625000000000 0.1963541666666667
1 0.8585937500000000 0.8463541666666666 0.0640625000000000 0.1692708333333333
1 0.2035156250000000 0.4270833333333333 0.0390625000000000 0.0557291666666667
1 0.9363281250000000 0.8510416666666667 0.0765625000000000 0.1458333333333333
1 0.3156250000000000 0.3385416666666667 0.0386718750000000 0.1005208333333333
1 0.5914062500000000 0.3359375000000000 0.0332031250000000 0.1020833333333333
1 0.5562500000000000 0.3442708333333334 0.0324218750000000 0.0859375000000000
1 0.5265625000000000 0.3401041666666667 0.0269531250000000 0.0765625000000000
1 0.4875000000000000 0.3229166666666667 0.0449218750000000 0.1328125000000000
1 0.4417968750000000 0.3312500000000000 0.0425781250000000 0.1177083333333333
1 0.2460937500000000 0.3468750000000000 0.0335937500000000 0.0859375000000000
1 0.2785156250000000 0.3489583333333333 0.0308593750000000 0.0817708333333333
1 0.2089843750000000 0.5062500000000000 0.0410156250000000 0.0901041666666667
1 0.3605468750000000 0.3276041666666666 0.0476562500000000 0.1229166666666667
1 0.4019531250000000 0.3354166666666666 0.0355468750000000 0.1098958333333333
