1 0.2957264957264957 0.5139423076923076 0.1102564102564103 0.0134615384615385
1 0.2944444444444445 0.4947115384615385 0.1076923076923077 0.0153846153846154
1 0.0970085470085470 0.6197115384615385 0.0269230769230769 0.0651442307692308
1 0.4136752136752136 0.5156250000000000 0.1141025641025641 0.0141826923076923
1 0.4136752136752136 0.5338942307692308 0.1098290598290598 0.0122596153846154
1 0.2923076923076923 0.5288461538461539 0.1081196581196581 0.0108173076923077
1 0.0897435897435897 0.5468750000000000 0.0324786324786325 0.0689903846153846
1 0.1773504273504274 0.4961538461538462 0.1145299145299145 0.0141826923076923
1 0.1760683760683761 0.5120192307692307 0.1153846153846154 0.0122596153846154
1 0.1752136752136752 0.5302884615384615 0.1136752136752137 0.0127403846153846
1 0.0517094017094017 0.5161057692307692 0.0341880341880342 0.0730769230769231
1 0.4183760683760684 0.4985576923076923 0.1188034188034188 0.0144230769230769
1 0.1636752136752137 0.4774038461538462 0.1111111111111111 0.0177884615384615
1 0.4239316239316239 0.4778846153846154 0.1059829059829060 0.0144230769230769
1 0.9452991452991453 0.4444711538461538 0.1089743589743590 0.0076923076923077
1 0.5431623931623931 0.4987980769230769 0.1123931623931624 0.0137019230769231
1 0.5401709401709401 0.4838942307692308 0.1136752136752137 0.0115384615384615
1 0.6653846153846154 0.5158653846153847 0.1200854700854701 0.0117788461538462
1 0.6632478632478632 0.4997596153846154 0.1158119658119658 0.0144230769230769
1 0.6568376068376068 0.4793269230769231 0.1188034188034188 0.0137019230769231
1 0.7935897435897435 0.5314903846153847 0.1153846153846154 0.0103365384615385
1 0.7910256410256410 0.5173076923076924 0.1226495726495726 0.0134615384615385
1 0.7957264957264957 0.4985576923076923 0.1239316239316239 0.0185096153846154
1 0.9094017094017094 0.5098557692307693 0.0162393162393162 0.0653846153846154
1 0.9316239316239316 0.5093750000000000 0.0209401709401709 0.0663461538461538
1 0.9611111111111111 0.5086538461538461 0.0303418803418803 0.0677884615384615
1 0.9418803418803419 0.4319711538461539 0.1179487179487179 0.0120192307692308
1 0.0290598290598291 0.5721153846153846 0.0581196581196581 0.0163461538461538
1 0.5431623931623931 0.5158653846153847 0.1200854700854701 0.0163461538461538
1 0.0153846153846154 0.5473557692307692 0.0311965811965812 0.0175480769230769
1 0.5722222222222222 0.6009615384615384 0.1243589743589744 0.0115384615384615
1 0.1829059829059829 0.6009615384615384 0.1217948717948718 0.0112980769230769
1 0.9431623931623931 0.4146634615384616 0.1128205128205128 0.0146634615384615
1 0.2790598290598291 0.6978365384615385 0.1260683760683761 0.0081730769230769
1 0.2790598290598291 0.6865384615384615 0.1183760683760684 0.0100961538461538
1 0.2803418803418803 0.6728365384615385 0.1166666666666667 0.0117788461538462
1 0.2867521367521367 0.6569711538461539 0.1085470085470085 0.0112980769230769
1 0.1491452991452991 0.7185096153846153 0.1072649572649573 0.0081730769230769
1 0.1478632478632479 0.7057692307692308 0.1047008547008547 0.0127403846153846
1 0.1448717948717949 0.6887019230769231 0.1029914529914530 0.0146634615384615
1 0.0311965811965812 0.7271634615384616 0.0623931623931624 0.0132211538461538
1 0.0303418803418803 0.7084134615384615 0.0606837606837607 0.0187500000000000
1 0.0380341880341880 0.6478365384615384 0.0764957264957265 0.0161057692307692
1 0.0384615384615385 0.6290865384615385 0.0773504273504274 0.0146634615384615
1 0.1376068376068376 0.4382211538461538 0.1371794871794872 0.0413461538461538
1 0.1782051282051282 0.5858173076923077 0.1200854700854701 0.0120192307692308
1 0.9405982905982906 0.6187500000000000 0.1081196581196581 0.0149038461538462
1 0.9423076923076923 0.5838942307692307 0.1158119658119658 0.0158653846153846
1 0.8209401709401709 0.6343750000000000 0.1252136752136752 0.0177884615384615
1 0.8188034188034188 0.6153846153846154 0.1252136752136752 0.0125000000000000
1 0.8170940170940171 0.5959134615384616 0.1098290598290598 0.0144230769230769
1 0.6965811965811965 0.6264423076923077 0.1132478632478632 0.0084134615384615
1 0.7000000000000000 0.6122596153846154 0.1115384615384615 0.0112980769230769
1 0.5726495726495726 0.6185096153846154 0.1179487179487179 0.0129807692307692
1 0.4388888888888889 0.6158653846153846 0.1153846153846154 0.0112980769230769
1 0.4414529914529914 0.6019230769230769 0.1209401709401709 0.0112980769230769
1 0.3149572649572649 0.6156250000000000 0.1282051282051282 0.0117788461538462
1 0.3141025641025641 0.6016826923076923 0.1188034188034188 0.0100961538461538
1 0.3213675213675214 0.5846153846153846 0.1205128205128205 0.0141826923076923
1 0.1811965811965812 0.6146634615384615 0.1222222222222222 0.0115384615384615
1 0.9371794871794872 0.6016826923076923 0.1055555555555556 0.0141826923076923
1 0.8188034188034188 0.4411057692307692 0.1085470085470085 0.0125000000000000
1 0.1542735042735043 0.2312500000000000 0.0440170940170940 0.0901442307692308
1 0.8209401709401709 0.4086538461538461 0.1217948717948718 0.0177884615384615
1 0.7666666666666667 0.3250000000000000 0.0324786324786325 0.0492788461538462
1 0.8495726495726496 0.3264423076923077 0.0397435897435897 0.0557692307692308
1 0.8094017094017094 0.3259615384615385 0.0367521367521368 0.0564903846153846
1 0.9384615384615385 0.3603365384615385 0.1196581196581197 0.0153846153846154
1 0.9358974358974359 0.3399038461538462 0.1226495726495726 0.0173076923076923
1 0.9504273504273504 0.2312500000000000 0.0256410256410256 0.0853365384615385
1 0.9230769230769231 0.2298076923076923 0.0153846153846154 0.0884615384615385
1 0.8606837606837607 0.2644230769230769 0.0910256410256410 0.0213942307692308
1 0.8688034188034188 0.2403846153846154 0.0910256410256410 0.0189903846153846
1 0.7837606837606838 0.2444711538461538 0.0547008547008547 0.0567307692307692
1 0.7200854700854701 0.2615384615384616 0.0585470085470085 0.0314903846153846
1 0.7196581196581197 0.2307692307692308 0.0534188034188034 0.0269230769230769
1 0.7247863247863248 0.2000000000000000 0.0512820512820513 0.0288461538461538
1 0.7269230769230769 0.3250000000000000 0.0350427350427350 0.0492788461538462
1 0.6709401709401709 0.2387019230769231 0.0337606837606838 0.0752403846153846
1 0.5782051282051283 0.2387019230769231 0.0602564102564103 0.0569711538461538
1 0.5192307692307693 0.2408653846153846 0.0478632478632479 0.0569711538461538
1 0.2589743589743590 0.2663461538461538 0.1431623931623932 0.0151442307692308
1 0.4098290598290598 0.2677884615384615 0.1427350427350427 0.0173076923076923
1 0.4094017094017094 0.2487980769230769 0.1461538461538462 0.0137019230769231
1 0.4051282051282051 0.2305288461538462 0.1380341880341880 0.0137019230769231
1 0.4145299145299146 0.2158653846153846 0.1401709401709402 0.0086538461538462
1 0.2568376068376068 0.2461538461538462 0.1427350427350427 0.0141826923076923
1 0.2572649572649572 0.2314903846153846 0.1397435897435897 0.0137019230769231
1 0.2628205128205128 0.2161057692307692 0.1461538461538462 0.0127403846153846
1 0.2786324786324786 0.7103365384615384 0.1213675213675214 0.0105769230769231
1 0.1000000000000000 0.2274038461538462 0.0529914529914530 0.0956730769230769
1 0.0358974358974359 0.2444711538461538 0.0636752136752137 0.0752403846153846
1 0.6294871794871795 0.2418269230769231 0.0358974358974359 0.0735576923076923
1 0.6470085470085470 0.3043269230769231 0.1119658119658120 0.0153846153846154
1 0.6440170940170941 0.3221153846153846 0.1141025641025641 0.0163461538461538
1 0.6431623931623932 0.3411057692307692 0.1119658119658120 0.0146634615384615
1 0.6820512820512821 0.4067307692307692 0.1367521367521368 0.0165865384615385
1 0.6833333333333333 0.4257211538461538 0.1354700854700855 0.0151442307692308
1 0.6837606837606838 0.4408653846153846 0.1282051282051282 0.0079326923076923
1 0.5457264957264957 0.4430288461538461 0.1337606837606838 0.0086538461538462
1 0.5427350427350427 0.4276442307692307 0.1277777777777778 0.0163461538461538
1 0.4081196581196581 0.4396634615384615 0.1354700854700855 0.0079326923076923
1 0.4094017094017094 0.4250000000000000 0.1299145299145299 0.0149038461538462
1 0.4085470085470085 0.4057692307692308 0.1282051282051282 0.0139423076923077
1 0.2752136752136752 0.4447115384615384 0.1264957264957265 0.0141826923076923
1 0.2722222222222222 0.4266826923076923 0.1252136752136752 0.0158653846153846
1 0.2837606837606838 0.4036057692307692 0.1025641025641026 0.0180288461538462
1 0.1371794871794872 0.4375000000000000 0.1260683760683761 0.0093750000000000
1 0.1388888888888889 0.4225961538461538 0.1235042735042735 0.0170673076923077
1 0.1414529914529915 0.4028846153846154 0.1239316239316239 0.0151442307692308
1 0.0358974358974359 0.4665865384615385 0.0722222222222222 0.0137019230769231
1 0.0380341880341880 0.4500000000000000 0.0764957264957265 0.0173076923076923
1 0.0358974358974359 0.3600961538461538 0.0722222222222222 0.0918269230769231
1 0.1491452991452991 0.3187500000000000 0.1149572649572650 0.0161057692307692
1 0.1470085470085470 0.3403846153846154 0.1145299145299145 0.0144230769230769
1 0.2662393162393162 0.3572115384615385 0.1162393162393162 0.0125000000000000
1 0.2666666666666667 0.3401442307692308 0.1136752136752137 0.0146634615384615
1 0.2683760683760684 0.3228365384615385 0.1132478632478632 0.0149038461538462
1 0.3914529914529915 0.3403846153846154 0.1149572649572650 0.0161057692307692
1 0.3914529914529915 0.3218750000000000 0.1149572649572650 0.0165865384615385
1 0.3901709401709402 0.3016826923076923 0.1153846153846154 0.0158653846153846
1 0.5205128205128206 0.3562500000000000 0.1111111111111111 0.0168269230769231
1 0.5166666666666667 0.3394230769230769 0.1200854700854701 0.0139423076923077
1 0.5196581196581197 0.3221153846153846 0.1136752136752137 0.0161057692307692
1 0.6410256410256411 0.3588942307692308 0.1200854700854701 0.0163461538461538
1 0.8196581196581196 0.4259615384615384 0.1188034188034188 0.0149038461538462
1 0.4192307692307692 0.6598557692307693 0.1170940170940171 0.0081730769230769
1 0.0303418803418803 0.7437500000000000 0.0606837606837607 0.0146634615384615
1 0.4042735042735043 0.6865384615384615 0.1200854700854701 0.0120192307692308
1 0.2794871794871795 0.7862980769230770 0.1235042735042735 0.0122596153846154
1 0.2811965811965812 0.8004807692307693 0.1183760683760684 0.0112980769230769
1 0.4076923076923077 0.7899038461538461 0.1226495726495726 0.0117788461538462
1 0.4068376068376068 0.8055288461538461 0.1162393162393162 0.0129807692307692
1 0.2824786324786325 0.8274038461538461 0.1166666666666667 0.0146634615384615
1 0.2820512820512820 0.8425480769230769 0.1115384615384615 0.0120192307692308
1 0.4136752136752136 0.8322115384615385 0.1260683760683761 0.0144230769230769
1 0.4106837606837607 0.8463942307692308 0.1196581196581197 0.0112980769230769
1 0.5568376068376069 0.7694711538461538 0.1235042735042735 0.0206730769230769
1 0.5525641025641026 0.7903846153846154 0.1264957264957265 0.0151442307692308
1 0.5551282051282052 0.8086538461538462 0.1277777777777778 0.0132211538461538
1 0.1564102564102564 0.8394230769230769 0.1170940170940171 0.0112980769230769
1 0.5542735042735043 0.8298076923076924 0.1222222222222222 0.0168269230769231
1 0.6876068376068376 0.7718750000000000 0.1158119658119658 0.0180288461538462
1 0.6914529914529914 0.7956730769230769 0.1235042735042735 0.0209134615384615
1 0.6876068376068376 0.8288461538461539 0.1230769230769231 0.0185096153846154
1 0.6876068376068376 0.8451923076923077 0.1235042735042735 0.0088942307692308
1 0.8282051282051283 0.7838942307692308 0.1320512820512821 0.0170673076923077
1 0.8282051282051283 0.8004807692307693 0.1320512820512821 0.0137019230769231
1 0.8243589743589743 0.8317307692307693 0.1243589743589744 0.0199519230769231
1 0.8235042735042735 0.8487980769230770 0.1264957264957265 0.0132211538461538
1 0.9615384615384616 0.8293269230769231 0.0764957264957265 0.0158653846153846
1 0.9623931623931624 0.8497596153846154 0.0739316239316239 0.0182692307692308
1 0.4115384615384615 0.6725961538461539 0.1217948717948718 0.0125000000000000
1 0.5512820512820513 0.8461538461538461 0.1282051282051282 0.0139423076923077
1 0.1517094017094017 0.8247596153846154 0.1243589743589744 0.0134615384615385
1 0.5508547008547009 0.8581730769230769 0.1235042735042735 0.0084134615384615
1 0.0354700854700855 0.8502403846153846 0.0709401709401709 0.0129807692307692
1 0.4076923076923077 0.6987980769230769 0.1222222222222222 0.0079326923076923
1 0.1525641025641026 0.7980769230769231 0.1141025641025641 0.0139423076923077
1 0.4055555555555556 0.7117788461538461 0.1094017094017094 0.0098557692307692
1 0.4059829059829060 0.7254807692307692 0.1149572649572650 0.0100961538461538
1 0.5192307692307693 0.6925480769230770 0.0927350427350427 0.0137019230769231
1 0.5196581196581197 0.7088942307692307 0.0935897435897436 0.0156250000000000
1 0.5200854700854701 0.7257211538461539 0.0867521367521367 0.0137019230769231
1 0.6179487179487180 0.7120192307692308 0.0901709401709402 0.0139423076923077
1 0.6136752136752137 0.7283653846153846 0.0858974358974359 0.0156250000000000
1 0.7183760683760684 0.6843750000000000 0.0918803418803419 0.0144230769230769
1 0.7196581196581197 0.7110576923076923 0.0940170940170940 0.0156250000000000
1 0.8367521367521368 0.6971153846153846 0.1038461538461539 0.0163461538461538
1 0.6188034188034188 0.6942307692307692 0.0918803418803419 0.0153846153846154
1 0.9444444444444444 0.7593750000000000 0.1115384615384615 0.0086538461538462
1 0.8316239316239317 0.7141826923076923 0.1021367521367521 0.0120192307692308
1 0.0354700854700855 0.8165865384615385 0.0709401709401709 0.0182692307692308
1 0.9474358974358974 0.7723557692307692 0.1055555555555556 0.0122596153846154
1 0.9444444444444444 0.7456730769230769 0.1115384615384615 0.0151442307692308
1 0.9465811965811965 0.7045673076923077 0.1068376068376068 0.0105769230769231
1 0.0337606837606838 0.8343750000000000 0.0679487179487179 0.0149038461538462
1 0.9474358974358974 0.6894230769230769 0.1051282051282051 0.0156250000000000
1 0.9474358974358974 0.6699519230769231 0.1055555555555556 0.0153846153846154
1 0.7166666666666667 0.7269230769230769 0.0957264957264957 0.0096153846153846
1 0.8333333333333334 0.7288461538461538 0.0931623931623932 0.0100961538461538
