1 0.7532679738562091 0.2248774509803922 0.0665849673202614 0.0707720588235294
1 0.0326797385620915 0.3462009803921569 0.0347222222222222 0.1102941176470588
1 0.0751633986928105 0.3498774509803921 0.0379901960784314 0.1044730392156863
1 0.1131535947712418 0.3560049019607843 0.0318627450980392 0.1106004901960784
1 0.1507352941176471 0.3676470588235294 0.0253267973856209 0.0772058823529412
1 0.1781045751633987 0.3697916666666667 0.0191993464052288 0.0768995098039216
1 0.2087418300653595 0.3697916666666667 0.0294117647058824 0.0762867647058824
1 0.2418300653594771 0.3707107843137255 0.0241013071895425 0.0750612745098039
1 0.2696078431372549 0.3336397058823529 0.0232843137254902 0.0453431372549020
1 0.3047385620915033 0.3314950980392157 0.0273692810457516 0.0505514705882353
1 0.3370098039215687 0.3336397058823529 0.0257352941176471 0.0569852941176471
1 0.3717320261437909 0.3339460784313725 0.0228758169934641 0.0511642156862745
1 0.4072712418300654 0.3336397058823529 0.0330882352941176 0.0603553921568627
1 0.4428104575163399 0.3336397058823529 0.0220588235294118 0.0618872549019608
1 0.4844771241830065 0.3412990196078431 0.0445261437908497 0.0487132352941176
1 0.5302287581699346 0.3394607843137255 0.0285947712418301 0.0545343137254902
1 0.9897875816993464 0.2178308823529412 0.0183823529411765 0.0661764705882353
1 0.9575163398692811 0.2144607843137255 0.0453431372549020 0.0612745098039216
1 0.9121732026143791 0.2184436274509804 0.0212418300653595 0.0615808823529412
1 0.8157679738562091 0.9087009803921569 0.0735294117647059 0.1743259803921569
1 0.6879084967320261 0.2310049019607843 0.0477941176470588 0.0674019607843137
1 0.6254084967320261 0.2294730392156863 0.0400326797385621 0.0716911764705882
1 0.5845588235294118 0.2300857843137255 0.0249183006535948 0.0799632352941176
1 0.5424836601307189 0.2337622549019608 0.0330882352941176 0.0729166666666667
1 0.0171568627450980 0.7837009803921569 0.0343137254901961 0.0159313725490196
1 0.4673202614379085 0.2447916666666667 0.0408496732026144 0.0643382352941176
1 0.4260620915032680 0.2429534313725490 0.0298202614379085 0.0695465686274510
1 0.3954248366013072 0.2447916666666667 0.0249183006535948 0.0643382352941176
1 0.8553921568627451 0.2049632352941176 0.0808823529411765 0.0955882352941176
1 0.3651960784313725 0.2386642156862745 0.0253267973856209 0.0781250000000000
1 0.1450163398692811 0.7830882352941176 0.0249183006535948 0.0156250000000000
1 0.0187908496732026 0.7576593137254902 0.0375816993464052 0.0287990196078431
1 0.0686274509803922 0.8376225490196079 0.0555555555555556 0.1023284313725490
1 0.0134803921568627 0.8440563725490197 0.0269607843137255 0.1060049019607843
1 0.0665849673202614 0.7567401960784313 0.0567810457516340 0.0235906862745098
1 0.6870915032679739 0.8443627450980392 0.0359477124183007 0.0870098039215686
1 0.9767156862745098 0.9332107843137255 0.0486111111111111 0.1351102941176471
1 0.9080882352941176 0.9237132352941176 0.0792483660130719 0.1541053921568628
1 0.1107026143790850 0.7843137254901961 0.0224673202614379 0.0174632352941176
1 0.5065359477124183 0.2380514705882353 0.0273692810457516 0.0750612745098039
1 0.1580882352941176 0.1308210784313726 0.0559640522875817 0.1124387254901961
1 0.1727941176470588 0.7778799019607843 0.0236928104575163 0.0150122549019608
1 0.4803921568627451 0.1133578431372549 0.0723039215686275 0.1142769607843137
1 0.4084967320261438 0.1326593137254902 0.0510620915032680 0.0818014705882353
1 0.3464052287581699 0.1421568627450980 0.0539215686274510 0.0946691176470588
1 0.2945261437908497 0.1403186274509804 0.0322712418300654 0.1084558823529412
1 0.6715686274509803 0.5909926470588235 0.0616830065359477 0.0821078431372549
1 0.6029411764705882 0.5824142156862745 0.0469771241830065 0.0848651960784314
1 0.5314542483660131 0.5600490196078431 0.0612745098039216 0.0818014705882353
1 0.4550653594771242 0.5539215686274510 0.0625000000000000 0.0723039215686275
1 0.3713235294117647 0.5392156862745098 0.0535130718954248 0.0631127450980392
1 0.3055555555555556 0.5625000000000000 0.0441176470588235 0.0600490196078431
1 0.2430555555555556 0.5585171568627451 0.0620915032679739 0.0441176470588235
1 0.1875000000000000 0.5909926470588235 0.0379901960784314 0.0628063725490196
1 0.1397058823529412 0.5968137254901961 0.0445261437908497 0.0597426470588235
1 0.3337418300653595 0.8238357843137255 0.0347222222222222 0.0762867647058824
1 0.3803104575163399 0.8428308823529411 0.0461601307189543 0.0765931372549020
1 0.4293300653594771 0.8609068627450981 0.0363562091503268 0.0707720588235294
1 0.6707516339869281 0.9607843137254902 0.0490196078431373 0.0784313725490196
1 0.6021241830065359 0.9356617647058824 0.0702614379084967 0.1317401960784314
1 0.5196078431372549 0.9068627450980392 0.0641339869281046 0.0894607843137255
1 0.4669117647058824 0.8707107843137255 0.0298202614379085 0.0750612745098039
1 0.0910947712418301 0.5992647058823529 0.0490196078431373 0.0615808823529412
1 0.0220588235294118 0.1142769607843137 0.0445261437908497 0.1096813725490196
1 0.0845588235294118 0.1253063725490196 0.0567810457516340 0.0860906862745098
1 0.5866013071895425 0.1093750000000000 0.0396241830065359 0.0732230392156863
1 0.6323529411764706 0.1004901960784314 0.0441176470588235 0.0824142156862745
1 0.6801470588235294 0.0922181372549020 0.0428921568627451 0.0946691176470588
1 0.7263071895424836 0.0863970588235294 0.0326797385620915 0.0885416666666667
1 0.1495098039215686 0.7622549019607843 0.0290032679738562 0.0147058823529412
1 0.3366013071895425 0.2457107843137255 0.0249183006535948 0.0698529411764706
1 0.2973856209150327 0.2478553921568628 0.0486111111111111 0.0707720588235294
1 0.2557189542483660 0.2591911764705883 0.0261437908496732 0.0523897058823529
1 0.2156862745098039 0.2539828431372549 0.0330882352941176 0.0597426470588235
1 0.1703431372549020 0.2450980392156863 0.0396241830065359 0.0572916666666667
1 0.1989379084967320 0.7582720588235294 0.0257352941176471 0.0150122549019608
1 0.8120915032679739 0.7110906862745098 0.0408496732026144 0.1580882352941176
1 0.7536764705882353 0.6106004901960784 0.0669934640522876 0.0799632352941176
1 0.1160130718954248 0.2405024509803922 0.0486111111111111 0.0634191176470588
1 0.0604575163398693 0.2359068627450980 0.0490196078431373 0.0603553921568627
1 0.5739379084967320 0.3474264705882353 0.0551470588235294 0.0364583333333333
1 0.0147058823529412 0.2294730392156863 0.0294117647058824 0.0680147058823529
1 0.8598856209150327 0.0615808823529412 0.0800653594771242 0.1066176470588235
1 0.2328431372549020 0.7604166666666666 0.0322712418300654 0.0153186274509804
1 0.1997549019607843 0.7763480392156863 0.0216503267973856 0.0140931372549020
1 0.2340686274509804 0.7757352941176471 0.0241013071895425 0.0113357843137255
1 0.1111111111111111 0.8412990196078431 0.0183823529411765 0.0891544117647059
1 0.1388888888888889 0.8342524509803921 0.0277777777777778 0.0824142156862745
1 0.1695261437908497 0.8302696078431373 0.0277777777777778 0.0860906862745098
1 0.1973039215686274 0.8281250000000000 0.0224673202614379 0.0814950980392157
1 0.2312091503267974 0.8238357843137255 0.0290032679738562 0.0799632352941176
1 0.2912581699346405 0.8063725490196079 0.0359477124183007 0.0842524509803922
1 0.7794117647058824 0.0790441176470588 0.0625000000000000 0.1020220588235294
1 0.9562908496732027 0.0533088235294118 0.0890522875816993 0.1038602941176471
1 0.7430555555555556 0.8811274509803921 0.0665849673202614 0.1724877450980392
1 0.6184640522875817 0.4733455882352941 0.0825163398692810 0.0925245098039216
1 0.5522875816993464 0.7711397058823529 0.0575980392156863 0.0784313725490196
1 0.0608660130718954 0.4659926470588235 0.0249183006535948 0.1004901960784314
1 0.0310457516339869 0.4650735294117647 0.0265522875816993 0.1001838235294118
1 0.6331699346405228 0.3247549019607843 0.0555555555555556 0.0781250000000000
1 0.6936274509803921 0.3290441176470588 0.0437091503267974 0.0833333333333333
1 0.7508169934640523 0.3226102941176471 0.0510620915032680 0.0943627450980392
1 0.8827614379084967 0.3471200980392157 0.1209150326797386 0.0928308823529412
1 0.9808006535947712 0.3489583333333333 0.0408496732026144 0.1026348039215686
1 0.0061274509803922 0.4662990196078431 0.0122549019607843 0.1014093137254902
1 0.0947712418300654 0.4684436274509804 0.0363562091503268 0.1050857843137255
1 0.2553104575163399 0.6559436274509803 0.0294117647058824 0.0652573529411765
1 0.6286764705882353 0.8008578431372549 0.0669934640522876 0.0683210784313725
1 0.1830065359477124 0.6764705882352942 0.0285947712418301 0.0585171568627451
1 0.1425653594771242 0.6825980392156863 0.0404411764705882 0.0713848039215686
1 0.0919117647058824 0.6881127450980392 0.0408496732026144 0.0661764705882353
1 0.0477941176470588 0.6905637254901961 0.0396241830065359 0.0747549019607843
1 0.0089869281045752 0.6982230392156863 0.0179738562091503 0.0670955882352941
1 0.9387254901960784 0.7349877450980392 0.0837418300653595 0.1862745098039216
1 0.8672385620915033 0.7251838235294118 0.0494281045751634 0.1786151960784314
1 0.2181372549019608 0.6712622549019608 0.0375816993464052 0.0670955882352941
1 0.1376633986928105 0.4705882352941176 0.0306372549019608 0.0980392156862745
1 0.2238562091503268 0.1384803921568628 0.0596405228758170 0.0983455882352941
1 0.2124183006535948 0.4828431372549020 0.0420751633986928 0.0612745098039216
1 0.3558006535947713 0.6280637254901961 0.0428921568627451 0.0536151960784314
1 0.2949346405228758 0.6485906862745098 0.0383986928104575 0.0664828431372549
1 0.1719771241830065 0.4672181372549020 0.0273692810457516 0.1041666666666667
1 0.3464052287581699 0.6982230392156863 0.0396241830065359 0.0670955882352941
1 0.4064542483660131 0.7181372549019608 0.0620915032679739 0.0465686274509804
1 0.5302287581699346 0.6602328431372549 0.0796568627450980 0.0790441176470588
1 0.6548202614379085 0.7022058823529411 0.0988562091503268 0.1056985294117647
1 0.7638888888888888 0.7156862745098039 0.0518790849673203 0.1173406862745098
1 0.2986111111111111 0.4574142156862745 0.0302287581699346 0.0851715686274510
1 0.4534313725490196 0.6516544117647058 0.0637254901960784 0.0756740196078431
1 0.4293300653594771 0.4433210784313725 0.0567810457516340 0.0707720588235294
1 0.4832516339869281 0.4571078431372549 0.0371732026143791 0.0753676470588235
1 0.5408496732026143 0.4629289215686275 0.0600490196078431 0.0741421568627451
1 0.7152777777777778 0.4816176470588235 0.0972222222222222 0.0790441176470588
1 0.2581699346405229 0.4993872549019608 0.0412581699346405 0.0281862745098039
1 0.8063725490196079 0.4969362745098039 0.0816993464052288 0.1455269607843137
1 0.8790849673202614 0.5076593137254902 0.0551470588235294 0.1801470588235294
1 0.0383986928104575 0.6035539215686274 0.0412581699346405 0.0612745098039216
1 0.3680555555555556 0.4381127450980392 0.0567810457516340 0.1179534313725490
1 0.9562908496732027 0.5211397058823529 0.0894607843137255 0.1681985294117647
