1 0.9162581699346405 0.5551470588235294 0.0465686274509804 0.0637254901960784
1 0.0694444444444444 0.1363357843137255 0.0285947712418301 0.0667892156862745
1 0.3390522875816994 0.5508578431372549 0.0661764705882353 0.0842524509803922
1 0.0322712418300654 0.1381740196078431 0.0322712418300654 0.0631127450980392
1 0.3950163398692810 0.5533088235294118 0.0359477124183007 0.0643382352941176
1 0.4566993464052287 0.5502450980392157 0.0657679738562092 0.0888480392156863
1 0.5208333333333334 0.5563725490196079 0.0469771241830065 0.0701593137254902
1 0.5804738562091504 0.5514705882352942 0.0559640522875817 0.0802696078431373
1 0.6380718954248366 0.5557598039215687 0.0449346405228758 0.0716911764705882
1 0.6797385620915033 0.5582107843137255 0.0265522875816993 0.0606617647058824
1 0.7393790849673203 0.5542279411764706 0.0392156862745098 0.0355392156862745
1 0.8043300653594772 0.5575980392156863 0.0437091503267974 0.0649509803921569
1 0.8607026143790850 0.5594362745098039 0.0461601307189543 0.0609681372549020
1 0.9709967320261438 0.5496323529411765 0.0584150326797386 0.0805759803921569
1 0.0522875816993464 0.6485906862745098 0.0314542483660131 0.0698529411764706
1 0.0866013071895425 0.6504289215686274 0.0265522875816993 0.0723039215686275
1 0.1266339869281046 0.6501225490196079 0.0371732026143791 0.0759803921568627
1 0.1809640522875817 0.6623774509803921 0.0567810457516340 0.0572916666666667
1 0.2450980392156863 0.6479779411764706 0.0665849673202614 0.0802696078431373
1 0.3157679738562091 0.6534926470588235 0.0604575163398693 0.0689338235294118
1 0.3725490196078431 0.6571691176470589 0.0445261437908497 0.0523897058823529
1 0.4183006535947713 0.6516544117647058 0.0339052287581699 0.0545343137254902
1 0.4783496732026144 0.6553308823529411 0.0273692810457516 0.0533088235294118
1 0.2785947712418301 0.5539215686274510 0.0396241830065359 0.0781250000000000
1 0.5118464052287581 0.6590073529411765 0.0245098039215686 0.0548406862745098
1 0.2152777777777778 0.5536151960784313 0.0804738562091503 0.0790441176470588
1 0.0759803921568627 0.5545343137254902 0.0584150326797386 0.0710784313725490
1 0.2087418300653595 0.4543504901960784 0.0588235294117647 0.0851715686274510
1 0.2753267973856209 0.4546568627450980 0.0616830065359477 0.0784313725490196
1 0.3296568627450980 0.4638480392156863 0.0396241830065359 0.0508578431372549
1 0.3329248366013072 0.4246323529411765 0.0420751633986928 0.0220588235294118
1 0.3852124183006536 0.4276960784313725 0.0330882352941176 0.0186887254901961
1 0.3762254901960784 0.4681372549019608 0.0433006535947712 0.0545343137254902
1 0.4268790849673202 0.4669117647058824 0.0383986928104575 0.0539215686274510
1 0.4358660130718954 0.4258578431372549 0.0404411764705882 0.0193014705882353
1 0.4714052287581699 0.4641544117647059 0.0375816993464052 0.0499387254901961
1 0.4779411764705883 0.4243259803921569 0.0306372549019608 0.0162377450980392
1 0.5678104575163399 0.4194240196078431 0.0343137254901961 0.0171568627450980
1 0.5633169934640523 0.4647671568627451 0.0416666666666667 0.0551470588235294
1 0.6090686274509803 0.4666053921568628 0.0404411764705882 0.0572916666666667
1 0.6556372549019608 0.4644607843137255 0.0433006535947712 0.0618872549019608
1 0.7026143790849673 0.4607843137254902 0.0396241830065359 0.0600490196078431
1 0.7455065359477124 0.4954044117647059 0.0437091503267974 0.0333946078431373
1 0.8108660130718954 0.4528186274509804 0.0400326797385621 0.0787377450980392
1 0.8643790849673203 0.4653799019607843 0.0494281045751634 0.0646446078431373
1 0.9746732026143791 0.4678308823529412 0.0412581699346405 0.0612745098039216
1 0.5122549019607843 0.4613970588235294 0.0294117647058824 0.0465686274509804
1 0.0212418300653595 0.5465686274509803 0.0424836601307190 0.0719975490196078
1 0.1495098039215686 0.5533088235294118 0.0388071895424837 0.0674019607843137
1 0.1237745098039216 0.4476102941176471 0.0596405228758170 0.0891544117647059
1 0.5469771241830066 0.6556372549019608 0.0334967320261438 0.0585171568627451
1 0.7197712418300654 0.6553308823529411 0.0490196078431373 0.0563725490196078
1 0.0473856209150327 0.8033088235294118 0.0171568627450980 0.0444240196078431
1 0.0702614379084967 0.8268995098039216 0.0224673202614379 0.0588235294117647
1 0.1004901960784314 0.8330269607843137 0.0294117647058824 0.0649509803921569
1 0.1368464052287582 0.8296568627450981 0.0294117647058824 0.0655637254901961
1 0.1719771241830065 0.8262867647058824 0.0306372549019608 0.0661764705882353
1 0.2344771241830065 0.8275122549019608 0.0326797385620915 0.0603553921568627
1 0.2091503267973856 0.8091299019607843 0.0147058823529412 0.0514705882352941
1 0.2700163398692810 0.8256740196078431 0.0306372549019608 0.0582107843137255
1 0.3002450980392157 0.8066789215686274 0.0216503267973856 0.0591299019607843
1 0.3623366013071895 0.8167892156862745 0.0359477124183007 0.0848651960784314
1 0.4011437908496732 0.8180147058823529 0.0363562091503268 0.0827205882352941
1 0.4383169934640523 0.8174019607843137 0.0326797385620915 0.0836397058823529
1 0.4918300653594771 0.8201593137254902 0.0334967320261438 0.0845588235294118
1 0.5339052287581699 0.8014705882352942 0.0318627450980392 0.0634191176470588
1 0.5735294117647058 0.8048406862745098 0.0302287581699346 0.0750612745098039
1 0.6446078431372549 0.8207720588235294 0.0420751633986928 0.0710784313725490
1 0.7083333333333334 0.8125000000000000 0.0388071895424837 0.0661764705882353
1 0.7614379084967320 0.8137254901960784 0.0343137254901961 0.0664828431372549
1 0.7965686274509803 0.7886029411764706 0.0241013071895425 0.0401348039215686
1 0.8288398692810458 0.7904411764705882 0.0269607843137255 0.0459558823529412
1 0.9607843137254902 0.8311887254901961 0.0784313725490196 0.0318627450980392
1 0.9836601307189542 0.7325367647058824 0.0318627450980392 0.0453431372549020
1 0.6625816993464052 0.6574754901960784 0.0453431372549020 0.0398284313725490
1 0.9436274509803921 0.7340686274509803 0.0400326797385621 0.0358455882352941
1 0.8496732026143791 0.7215073529411765 0.0486111111111111 0.0220588235294118
1 0.7863562091503268 0.6537990196078431 0.0473856209150327 0.0591299019607843
1 0.8517156862745098 0.6617647058823529 0.0526960784313725 0.0431985294117647
1 0.9138071895424836 0.6626838235294118 0.0416666666666667 0.0536151960784314
1 0.9587418300653595 0.6620710784313726 0.0420751633986928 0.0517769607843137
1 0.9926470588235294 0.6596200980392157 0.0155228758169935 0.0566789215686275
1 0.0367647058823529 0.7331495098039216 0.0612745098039216 0.0530024509803922
1 0.1066176470588235 0.7331495098039216 0.0416666666666667 0.0560661764705882
1 0.1568627450980392 0.7334558823529411 0.0490196078431373 0.0493259803921569
1 0.2079248366013072 0.7395833333333334 0.0408496732026144 0.0401348039215686
1 0.2879901960784313 0.7334558823529411 0.0298202614379085 0.0404411764705882
1 0.3852124183006536 0.7153799019607843 0.0285947712418301 0.0248161764705882
1 0.4272875816993464 0.7264093137254902 0.0396241830065359 0.0542279411764706
1 0.5057189542483660 0.7261029411764706 0.0371732026143791 0.0251225490196078
1 0.5629084967320261 0.7420343137254902 0.0453431372549020 0.0232843137254902
1 0.6213235294117647 0.7202818627450981 0.0482026143790850 0.0214460784313725
1 0.6205065359477124 0.7454044117647058 0.0465686274509804 0.0196078431372549
1 0.6768790849673203 0.7408088235294118 0.0453431372549020 0.0193014705882353
1 0.6793300653594772 0.7175245098039216 0.0416666666666667 0.0208333333333333
1 0.7308006535947712 0.7408088235294118 0.0428921568627451 0.0223651960784314
1 0.7671568627450981 0.7162990196078431 0.0257352941176471 0.0168504901960784
1 0.8476307189542484 0.7438725490196079 0.0482026143790850 0.0165441176470588
1 0.8982843137254902 0.7340686274509803 0.0396241830065359 0.0419730392156863
1 0.0649509803921569 0.4482230392156863 0.0563725490196078 0.0851715686274510
1 0.2508169934640523 0.7270220588235294 0.0371732026143791 0.0444240196078431
1 0.9656862745098039 0.3661151960784313 0.0559640522875817 0.0661764705882353
1 0.2046568627450980 0.1320465686274510 0.0388071895424837 0.0873161764705882
1 0.2459150326797385 0.1326593137254902 0.0351307189542484 0.0830269607843137
1 0.2798202614379085 0.1381740196078431 0.0171568627450980 0.0753676470588235
1 0.3047385620915033 0.1387867647058824 0.0183823529411765 0.0772058823529412
1 0.1058006535947712 0.2395833333333333 0.0404411764705882 0.0165441176470588
1 0.3312908496732026 0.1476715686274510 0.0261437908496732 0.0621936274509804
1 0.3643790849673202 0.1461397058823529 0.0318627450980392 0.0621936274509804
1 0.4101307189542484 0.1495098039215686 0.0298202614379085 0.0585171568627451
1 0.4648692810457516 0.1400122549019608 0.0653594771241830 0.0805759803921569
1 0.5379901960784313 0.1397058823529412 0.0645424836601307 0.0845588235294118
1 0.6000816993464052 0.1452205882352941 0.0343137254901961 0.0735294117647059
1 0.6544117647058824 0.1583946078431372 0.0657679738562092 0.0533088235294118
1 0.7095588235294118 0.1415441176470588 0.0285947712418301 0.0867034313725490
1 0.7483660130718954 0.1590073529411765 0.0330882352941176 0.0612745098039216
1 0.1466503267973856 0.1397058823529412 0.0535130718954248 0.0723039215686275
1 0.8014705882352942 0.1369485294117647 0.0575980392156863 0.0989583333333333
1 0.9035947712418301 0.1626838235294118 0.0375816993464052 0.0536151960784314
1 0.9493464052287581 0.1617647058823529 0.0437091503267974 0.0585171568627451
1 0.9881535947712419 0.1654411764705882 0.0232843137254902 0.0542279411764706
1 0.5339052287581699 0.2809436274509804 0.0441176470588235 0.0554534313725490
1 0.6417483660130719 0.1139705882352941 0.0457516339869281 0.0367647058823529
1 0.0351307189542484 0.2536764705882353 0.0702614379084967 0.0949754901960784
1 0.0155228758169935 0.4491421568627451 0.0310457516339869 0.0891544117647059
1 0.4828431372549020 0.2791053921568628 0.0482026143790850 0.0499387254901961
1 0.4293300653594771 0.2812500000000000 0.0433006535947712 0.0582107843137255
1 0.3754084967320261 0.2769607843137255 0.0502450980392157 0.0606617647058824
1 0.3031045751633987 0.2653186274509804 0.0759803921568627 0.0870098039215686
1 0.2250816993464052 0.2616421568627451 0.0669934640522876 0.0879289215686275
1 0.1515522875816993 0.2732843137254902 0.0469771241830065 0.0585171568627451
1 0.1147875816993464 0.2169117647058824 0.0416666666666667 0.0159313725490196
1 0.8578431372549019 0.1605392156862745 0.0441176470588235 0.0582107843137255
1 0.1045751633986928 0.1406250000000000 0.0257352941176471 0.0612745098039216
1 0.0947712418300654 0.2781862745098039 0.0424836601307190 0.0459558823529412
1 0.9195261437908496 0.2423406862745098 0.0245098039215686 0.0349264705882353
1 0.6846405228758170 0.2846200980392157 0.0486111111111111 0.0603553921568627
1 0.7238562091503268 0.2867647058823529 0.0204248366013072 0.0499387254901961
1 0.7524509803921569 0.2907475490196079 0.0285947712418301 0.0481004901960784
1 0.8133169934640523 0.2892156862745098 0.0245098039215686 0.0514705882352941
1 0.8447712418300654 0.2886029411764706 0.0261437908496732 0.0496323529411765
1 0.8508986928104575 0.2398897058823529 0.0261437908496732 0.0425857843137255
1 0.7888071895424836 0.2395833333333333 0.0281862745098039 0.0193014705882353
1 0.8852124183006536 0.2460171568627451 0.0253267973856209 0.0272671568627451
1 0.6319444444444444 0.2824754901960784 0.0412581699346405 0.0649509803921569
1 0.8986928104575164 0.2812500000000000 0.0281862745098039 0.0337009803921569
1 0.9317810457516340 0.2806372549019608 0.0249183006535948 0.0376838235294118
1 0.0633169934640523 0.3514093137254902 0.0616830065359477 0.0768995098039216
1 0.0151143790849673 0.3556985294117647 0.0302287581699346 0.0594362745098039
1 0.2459150326797385 0.3584558823529412 0.0600490196078431 0.0661764705882353
1 0.8831699346405228 0.3670343137254902 0.0457516339869281 0.0674019607843137
1 0.8329248366013072 0.3648897058823529 0.0473856209150327 0.0686274509803922
1 0.7561274509803921 0.3621323529411765 0.0808823529411765 0.0677083333333333
1 0.6903594771241830 0.3648897058823529 0.0473856209150327 0.0625000000000000
1 0.5878267973856209 0.3658088235294117 0.0424836601307190 0.0606617647058824
1 0.1466503267973856 0.3566176470588235 0.0571895424836601 0.0726102941176471
1 0.5400326797385621 0.3639705882352941 0.0482026143790850 0.0643382352941176
1 0.4771241830065360 0.3630514705882353 0.0531045751633987 0.0631127450980392
1 0.4227941176470588 0.3636642156862745 0.0465686274509804 0.0646446078431373
1 0.3709150326797386 0.3615196078431372 0.0490196078431373 0.0628063725490196
1 0.3125000000000000 0.3639705882352941 0.0580065359477124 0.0643382352941176
1 0.5825163398692811 0.2800245098039216 0.0482026143790850 0.0664828431372549
