1 0.7328431372549019 0.8255718954248366 0.0649509803921569 0.0596405228758170
1 0.1899509803921569 0.1376633986928105 0.0520833333333333 0.0241013071895425
1 0.0735294117647059 0.1294934640522876 0.0431985294117647 0.0404411764705882
1 0.1672794117647059 0.1789215686274510 0.0597426470588235 0.0575980392156863
1 0.1145833333333333 0.1793300653594771 0.0459558823529412 0.0571895424836601
1 0.0670955882352941 0.1789215686274510 0.0481004901960784 0.0559640522875817
1 0.0220588235294118 0.1817810457516340 0.0428921568627451 0.0551470588235294
1 0.8691789215686274 0.7867647058823529 0.0379901960784314 0.0784313725490196
1 0.6801470588235294 0.7847222222222222 0.0386029411764706 0.0665849673202614
1 0.8235294117647058 0.8288398692810458 0.0441176470588235 0.0980392156862745
1 0.7840073529411765 0.7336601307189542 0.0407475490196078 0.0641339869281046
1 0.2113970588235294 0.1854575163398693 0.0269607843137255 0.0445261437908497
1 0.8247549019607843 0.7602124183006536 0.0327818627450980 0.0379901960784314
1 0.7821691176470589 0.8116830065359477 0.0343137254901961 0.0919117647058824
1 0.0257352941176471 0.1233660130718954 0.0505514705882353 0.0571895424836601
1 0.2591911764705883 0.1736111111111111 0.0382965686274510 0.0633169934640523
1 0.4209558823529412 0.1662581699346405 0.0407475490196078 0.0739379084967320
1 0.3391544117647059 0.1666666666666667 0.0416666666666667 0.0776143790849673
1 0.3740808823529412 0.8986928104575164 0.0465686274509804 0.0539215686274510
1 0.4221813725490196 0.9236111111111112 0.0477941176470588 0.0486111111111111
1 0.4325980392156863 0.7749183006535948 0.0517769607843137 0.0494281045751634
1 0.4895833333333333 0.8827614379084967 0.0502450980392157 0.0445261437908497
1 0.4742647058823529 0.9432189542483660 0.0514705882352941 0.0461601307189543
1 0.5263480392156863 0.9587418300653595 0.0526960784313725 0.0547385620915033
1 0.2175245098039216 0.8868464052287581 0.0238970588235294 0.0641339869281046
1 0.5818014705882353 0.9693627450980392 0.0557598039215686 0.0580065359477124
1 0.6859681372549019 0.9787581699346405 0.0612745098039216 0.0420751633986928
1 0.7405024509803921 0.9170751633986928 0.0548406862745098 0.0486111111111111
1 0.7435661764705882 0.9714052287581699 0.0539215686274510 0.0514705882352941
1 0.8474264705882353 0.9440359477124183 0.0459558823529412 0.0870098039215686
1 0.8005514705882353 0.9742647058823529 0.0438112745098039 0.0526960784313725
1 0.0122549019607843 0.3321078431372549 0.0248161764705882 0.0980392156862745
1 0.6341911764705882 0.9379084967320261 0.0410539215686275 0.1180555555555556
1 0.1890318627450980 0.8852124183006536 0.0321691176470588 0.0735294117647059
1 0.1547181372549020 0.8897058823529411 0.0364583333333333 0.0522875816993464
1 0.1544117647058824 0.8251633986928104 0.0370710784313725 0.0743464052287582
1 0.3802083333333333 0.1670751633986928 0.0398284313725490 0.0723039215686275
1 0.6792279411764706 0.7189542483660131 0.0428921568627451 0.0665849673202614
1 0.4626225490196079 0.1662581699346405 0.0404411764705882 0.0743464052287582
1 0.5049019607843137 0.1642156862745098 0.0428921568627451 0.0751633986928105
1 0.5502450980392157 0.1642156862745098 0.0462622549019608 0.0714869281045752
1 0.6265318627450981 0.1278594771241830 0.0545343137254902 0.0404411764705882
1 0.9218750000000000 0.1147875816993464 0.1124387254901961 0.0947712418300654
1 0.0747549019607843 0.3517156862745098 0.0419730392156863 0.0645424836601307
1 0.9172794117647058 0.7373366013071896 0.0533088235294118 0.0445261437908497
1 0.9430147058823529 0.8415032679738562 0.0768995098039216 0.0996732026143791
1 0.9773284313725490 0.7491830065359477 0.0419730392156863 0.0490196078431373
1 0.0193014705882353 0.8459967320261438 0.0254289215686275 0.0682189542483660
1 0.0468750000000000 0.8549836601307189 0.0294117647058824 0.0649509803921569
1 0.0790441176470588 0.8594771241830066 0.0337009803921569 0.0665849673202614
1 0.1240808823529412 0.8721405228758170 0.0235906862745098 0.0723039215686275
1 0.2987132352941176 0.1670751633986928 0.0404411764705882 0.0784313725490196
1 0.6317401960784313 0.8026960784313726 0.0389093137254902 0.0641339869281046
1 0.4580269607843137 0.7095588235294118 0.0496323529411765 0.0453431372549020
1 0.6354166666666666 0.7303921568627451 0.0407475490196078 0.0808823529411765
1 0.5937500000000000 0.7986111111111112 0.0373774509803922 0.0600490196078431
1 0.1666666666666667 0.5232843137254902 0.0533088235294118 0.0661764705882353
1 0.1213235294117647 0.5669934640522876 0.0358455882352941 0.0800653594771242
1 0.1210171568627451 0.4852941176470588 0.0358455882352941 0.0780228758169935
1 0.0753676470588235 0.5629084967320261 0.0505514705882353 0.0804738562091503
1 0.0281862745098039 0.5694444444444444 0.0431985294117647 0.0653594771241830
1 0.0352328431372549 0.4901960784313725 0.0468750000000000 0.0620915032679739
1 0.2218137254901961 0.4922385620915033 0.0560661764705882 0.0853758169934641
1 0.3180147058823529 0.5976307189542484 0.0533088235294118 0.0608660130718954
1 0.3722426470588235 0.5857843137254902 0.0530024509803922 0.0923202614379085
1 0.3841911764705883 0.4942810457516340 0.0300245098039216 0.0837418300653595
1 0.4276960784313725 0.5044934640522876 0.0572916666666667 0.0919117647058824
1 0.4981617647058824 0.4910130718954248 0.0557598039215686 0.0923202614379085
1 0.4837622549019608 0.5923202614379085 0.0548406862745098 0.1058006535947712
1 0.5404411764705882 0.5959967320261438 0.0560661764705882 0.1029411764705882
1 0.5502450980392157 0.4922385620915033 0.0456495098039216 0.0886437908496732
1 0.3177083333333333 0.5343137254901961 0.0551470588235294 0.0633169934640523
1 0.2166053921568628 0.5759803921568627 0.0438112745098039 0.0829248366013072
1 0.2647058823529412 0.5825163398692811 0.0533088235294118 0.0910947712418301
1 0.2993259803921569 0.4730392156862745 0.0554534313725490 0.0477941176470588
1 0.4185049019607843 0.6903594771241830 0.0278799019607843 0.0388071895424837
1 0.3823529411764706 0.6842320261437909 0.0447303921568627 0.0412581699346405
1 0.3308823529411765 0.6858660130718954 0.0419730392156863 0.0404411764705882
1 0.2941176470588235 0.6760620915032680 0.0306372549019608 0.0343137254901961
1 0.3826593137254902 0.7663398692810458 0.0471813725490196 0.0465686274509804
1 0.3345588235294117 0.7622549019607843 0.0468750000000000 0.0469771241830065
1 0.2778799019607843 0.7659313725490197 0.0490196078431373 0.0428921568627451
1 0.2297794117647059 0.7581699346405228 0.0441176470588235 0.0424836601307190
1 0.1807598039215686 0.7483660130718954 0.0474877450980392 0.0506535947712418
1 0.2043504901960784 0.6589052287581699 0.0202205882352941 0.0400326797385621
1 0.1832107843137255 0.6642156862745098 0.0229779411764706 0.0502450980392157
1 0.1537990196078431 0.6756535947712419 0.0352328431372549 0.0612745098039216
1 0.1458333333333333 0.7365196078431373 0.0199142156862745 0.0584150326797386
1 0.1204044117647059 0.7308006535947712 0.0315563725490196 0.0555555555555556
1 0.1200980392156863 0.6740196078431373 0.0294117647058824 0.0551470588235294
1 0.0919117647058824 0.7193627450980392 0.0257352941176471 0.0351307189542484
1 0.0281862745098039 0.7295751633986928 0.0487132352941176 0.0420751633986928
1 0.5971200980392157 0.6168300653594772 0.0533088235294118 0.0661764705882353
1 0.6127450980392157 0.4669117647058824 0.0517769607843137 0.0600490196078431
1 0.1669730392156863 0.5857843137254902 0.0554534313725490 0.0580065359477124
1 0.6629901960784313 0.6245915032679739 0.0600490196078431 0.0780228758169935
1 0.5392156862745098 0.3668300653594771 0.0545343137254902 0.0678104575163399
1 0.5536151960784313 0.2994281045751634 0.0579044117647059 0.0616830065359477
1 0.4840686274509804 0.3651960784313725 0.0569852941176471 0.0678104575163399
1 0.4292279411764706 0.3635620915032680 0.0520833333333333 0.0645424836601307
1 0.4525122549019608 0.3002450980392157 0.0514705882352941 0.0535130718954248
1 0.3961397058823529 0.2982026143790850 0.0514705882352941 0.0612745098039216
1 0.3753063725490196 0.3623366013071895 0.0542279411764706 0.0669934640522876
1 0.3455882352941176 0.2977941176470588 0.0468750000000000 0.0620915032679739
1 0.3226102941176471 0.3607026143790850 0.0517769607843137 0.0641339869281046
1 0.2717524509803921 0.3517156862745098 0.0502450980392157 0.0788398692810457
1 0.2322303921568628 0.3541666666666667 0.0287990196078431 0.0743464052287582
1 0.1740196078431372 0.3549836601307190 0.0582107843137255 0.0665849673202614
1 0.1724877450980392 0.2879901960784313 0.0566789215686275 0.0661764705882353
1 0.1204044117647059 0.3537581699346405 0.0484068627450980 0.0657679738562092
1 0.4908088235294117 0.7843137254901961 0.0435049019607843 0.0433006535947712
1 0.5560661764705882 0.7667483660130719 0.0361519607843137 0.0723039215686275
1 0.6032475490196079 0.5445261437908496 0.0569852941176471 0.0776143790849673
1 0.6158088235294118 0.3010620915032680 0.0575980392156863 0.0698529411764706
1 0.6093750000000000 0.3684640522875817 0.0612745098039216 0.0641339869281046
1 0.5949754901960784 0.7291666666666666 0.0392156862745098 0.0763888888888889
1 0.7487745098039216 0.3680555555555556 0.0667892156862745 0.0772058823529412
1 0.6780024509803921 0.3680555555555556 0.0658700980392157 0.0776143790849673
1 0.7233455882352942 0.6352124183006536 0.0579044117647059 0.0682189542483660
1 0.7310049019607843 0.5604575163398693 0.0425857843137255 0.0788398692810457
1 0.7852328431372549 0.6090686274509803 0.0245098039215686 0.0992647058823529
1 0.8207720588235294 0.6401143790849673 0.0453431372549020 0.0816993464052288
1 0.8783700980392157 0.6241830065359477 0.0618872549019608 0.1172385620915033
1 0.8014705882352942 0.5040849673202614 0.0618872549019608 0.1062091503267974
1 0.8584558823529411 0.4991830065359477 0.0462622549019608 0.0992647058823529
1 0.6697303921568627 0.5433006535947712 0.0618872549019608 0.0808823529411765
1 0.9433210784313726 0.5592320261437909 0.0680147058823529 0.0816993464052288
1 0.9880514705882353 0.4979575163398693 0.0235906862745098 0.0661764705882353
1 0.9632352941176471 0.3770424836601307 0.0732230392156863 0.0784313725490196
1 0.9552696078431373 0.3010620915032680 0.0732230392156863 0.0731209150326797
1 0.8823529411764706 0.3741830065359477 0.0677083333333333 0.0772058823529412
1 0.8814338235294118 0.3018790849673202 0.0631127450980392 0.0661764705882353
1 0.8149509803921569 0.3733660130718954 0.0646446078431373 0.0723039215686275
1 0.9460784313725490 0.6425653594771242 0.0615808823529412 0.0816993464052288
1 0.8152573529411765 0.3026960784313725 0.0667892156862745 0.0669934640522876
