1 0.8505208333333333 0.7363281250000000 0.0296875000000000 0.0656250000000000
1 0.8119791666666667 0.7371093750000000 0.0416666666666667 0.0636718750000000
1 0.7645833333333333 0.7378906250000000 0.0369791666666667 0.0605468750000000
1 0.7192708333333333 0.7300781250000000 0.0401041666666667 0.0753906250000000
1 0.6744791666666666 0.7320312500000000 0.0437500000000000 0.0761718750000000
1 0.6234375000000000 0.7312500000000000 0.0484375000000000 0.0785156250000000
1 0.5776041666666667 0.7324218750000000 0.0421875000000000 0.0769531250000000
1 0.5333333333333333 0.7316406250000000 0.0354166666666667 0.0750000000000000
1 0.1734375000000000 0.7425781250000000 0.0411458333333333 0.0570312500000000
1 0.0901041666666667 0.7351562500000000 0.0375000000000000 0.0664062500000000
1 0.1312500000000000 0.7347656250000000 0.0348958333333333 0.0687500000000000
1 0.2203125000000000 0.7410156250000000 0.0411458333333333 0.0574218750000000
1 0.2656250000000000 0.7402343750000000 0.0421875000000000 0.0578125000000000
1 0.3104166666666667 0.7378906250000000 0.0421875000000000 0.0636718750000000
1 0.3572916666666667 0.7347656250000000 0.0416666666666667 0.0656250000000000
1 0.4458333333333334 0.7351562500000000 0.0442708333333333 0.0664062500000000
1 0.4947916666666667 0.7320312500000000 0.0359375000000000 0.0757812500000000
1 0.4015625000000000 0.7339843750000000 0.0411458333333333 0.0671875000000000
1 0.7473958333333334 0.6269531250000000 0.0432291666666667 0.0761718750000000
1 0.0104166666666667 0.7386718750000000 0.0213541666666667 0.0675781250000000
1 0.0750000000000000 0.1761718750000000 0.0437500000000000 0.0847656250000000
1 0.1208333333333333 0.1753906250000000 0.0463541666666667 0.0824218750000000
1 0.7093750000000000 0.4132812500000000 0.0447916666666667 0.0773437500000000
1 0.1734375000000000 0.1738281250000000 0.0494791666666667 0.0863281250000000
1 0.2244791666666667 0.1761718750000000 0.0447916666666667 0.0777343750000000
1 0.2729166666666666 0.1730468750000000 0.0479166666666667 0.0785156250000000
1 0.3234375000000000 0.1699218750000000 0.0442708333333333 0.0710937500000000
1 0.3729166666666667 0.1699218750000000 0.0453125000000000 0.0722656250000000
1 0.4213541666666666 0.1738281250000000 0.0437500000000000 0.0812500000000000
1 0.8552083333333333 0.2949218750000000 0.0427083333333333 0.0789062500000000
1 0.8078125000000000 0.2964843750000000 0.0458333333333333 0.0789062500000000
1 0.7572916666666667 0.2925781250000000 0.0468750000000000 0.0839843750000000
1 0.7093750000000000 0.2960937500000000 0.0447916666666667 0.0753906250000000
1 0.6630208333333333 0.2921875000000000 0.0416666666666667 0.0863281250000000
1 0.6161458333333333 0.2992187500000000 0.0458333333333333 0.0792968750000000
1 0.5677083333333334 0.2980468750000000 0.0432291666666667 0.0789062500000000
1 0.5213541666666667 0.2957031250000000 0.0437500000000000 0.0835937500000000
1 0.4750000000000000 0.2964843750000000 0.0447916666666667 0.0820312500000000
1 0.4270833333333333 0.2960937500000000 0.0468750000000000 0.0816406250000000
1 0.6135416666666667 0.1714843750000000 0.0447916666666667 0.0828125000000000
1 0.5651041666666666 0.1718750000000000 0.0458333333333333 0.0804687500000000
1 0.5161458333333333 0.1730468750000000 0.0458333333333333 0.0777343750000000
1 0.4682291666666666 0.1742187500000000 0.0458333333333333 0.0781250000000000
1 0.0244791666666667 0.1773437500000000 0.0447916666666667 0.0800781250000000
1 0.7125000000000000 0.1718750000000000 0.0468750000000000 0.0781250000000000
1 0.6635416666666667 0.1742187500000000 0.0432291666666667 0.0796875000000000
1 0.7625000000000000 0.1703125000000000 0.0447916666666667 0.0773437500000000
1 0.8802083333333334 0.6250000000000000 0.0442708333333333 0.0730468750000000
1 0.8359375000000000 0.6246093750000000 0.0390625000000000 0.0746093750000000
1 0.7942708333333334 0.6265625000000000 0.0427083333333333 0.0730468750000000
1 0.7437500000000000 0.8671875000000000 0.0421875000000000 0.0710937500000000
1 0.0348958333333333 0.0562500000000000 0.0291666666666667 0.1000000000000000
1 0.0687500000000000 0.0558593750000000 0.0312500000000000 0.0937500000000000
1 0.1265625000000000 0.0597656250000000 0.0447916666666667 0.0765625000000000
1 0.1822916666666667 0.0589843750000000 0.0468750000000000 0.0816406250000000
1 0.2354166666666667 0.0574218750000000 0.0473958333333333 0.0812500000000000
1 0.2875000000000000 0.0550781250000000 0.0489583333333333 0.0800781250000000
1 0.3380208333333333 0.0554687500000000 0.0442708333333333 0.0804687500000000
1 0.0447916666666667 0.7371093750000000 0.0406250000000000 0.0644531250000000
1 0.3932291666666667 0.0562500000000000 0.0520833333333333 0.0824218750000000
1 0.6046875000000000 0.0570312500000000 0.0510416666666667 0.0777343750000000
1 0.6583333333333333 0.0554687500000000 0.0494791666666667 0.0753906250000000
1 0.7078125000000000 0.0542968750000000 0.0505208333333333 0.0781250000000000
1 0.7593750000000000 0.0527343750000000 0.0473958333333333 0.0812500000000000
1 0.8098958333333334 0.0523437500000000 0.0458333333333333 0.0742187500000000
1 0.8520833333333333 0.0449218750000000 0.0343750000000000 0.0902343750000000
1 0.8864583333333333 0.0449218750000000 0.0312500000000000 0.0902343750000000
1 0.9208333333333333 0.0449218750000000 0.0317708333333333 0.0902343750000000
1 0.8614583333333333 0.1671875000000000 0.0427083333333333 0.0746093750000000
1 0.9515625000000000 0.1804687500000000 0.0927083333333333 0.0496093750000000
1 0.8114583333333333 0.1699218750000000 0.0447916666666667 0.0765625000000000
1 0.4484375000000000 0.0589843750000000 0.0494791666666667 0.0761718750000000
1 0.7880208333333333 0.8656250000000000 0.0432291666666667 0.0707031250000000
1 0.6630208333333333 0.4121093750000000 0.0416666666666667 0.0785156250000000
1 0.8713541666666667 0.8652343750000000 0.0390625000000000 0.0644531250000000
1 0.5703125000000000 0.4136718750000000 0.0442708333333333 0.0785156250000000
1 0.4817708333333333 0.4132812500000000 0.0463541666666667 0.0757812500000000
1 0.4343750000000000 0.4132812500000000 0.0447916666666667 0.0773437500000000
1 0.3854166666666667 0.4144531250000000 0.0447916666666667 0.0765625000000000
1 0.3364583333333334 0.4140625000000000 0.0406250000000000 0.0742187500000000
1 0.2906250000000000 0.4132812500000000 0.0385416666666667 0.0742187500000000
1 0.1921875000000000 0.4125000000000000 0.0380208333333333 0.0757812500000000
1 0.3369791666666667 0.6304687500000000 0.0421875000000000 0.0710937500000000
1 0.0927083333333333 0.4128906250000000 0.0427083333333333 0.0785156250000000
1 0.0442708333333333 0.4144531250000000 0.0484375000000000 0.0804687500000000
1 0.3843750000000000 0.2968750000000000 0.0343750000000000 0.0742187500000000
1 0.3458333333333333 0.2972656250000000 0.0312500000000000 0.0722656250000000
1 0.3052083333333334 0.2976562500000000 0.0317708333333333 0.0730468750000000
1 0.2302083333333333 0.2976562500000000 0.0322916666666667 0.0761718750000000
1 0.1526041666666667 0.3007812500000000 0.0369791666666667 0.0730468750000000
1 0.1838541666666667 0.5312500000000000 0.0458333333333333 0.0808593750000000
1 0.1348958333333333 0.5324218750000000 0.0421875000000000 0.0804687500000000
1 0.6171875000000000 0.4121093750000000 0.0442708333333333 0.0812500000000000
1 0.0875000000000000 0.5312500000000000 0.0406250000000000 0.0812500000000000
1 0.7026041666666667 0.6273437500000000 0.0437500000000000 0.0746093750000000
1 0.6109375000000000 0.6289062500000000 0.0395833333333333 0.0777343750000000
1 0.2916666666666667 0.6304687500000000 0.0411458333333333 0.0722656250000000
1 0.2463541666666667 0.6292968750000000 0.0437500000000000 0.0722656250000000
1 0.8317708333333333 0.8679687500000000 0.0322916666666667 0.0632812500000000
1 0.2015625000000000 0.6308593750000000 0.0369791666666667 0.0718750000000000
1 0.1588541666666667 0.6308593750000000 0.0406250000000000 0.0718750000000000
1 0.1156250000000000 0.6316406250000000 0.0395833333333333 0.0765625000000000
1 0.0750000000000000 0.6320312500000000 0.0401041666666667 0.0726562500000000
1 0.0296875000000000 0.6320312500000000 0.0427083333333333 0.0714843750000000
1 0.3828125000000000 0.5304687500000000 0.0442708333333333 0.0820312500000000
1 0.3338541666666667 0.5296875000000000 0.0437500000000000 0.0808593750000000
1 0.2838541666666667 0.5312500000000000 0.0505208333333333 0.0804687500000000
1 0.2338541666666667 0.5312500000000000 0.0437500000000000 0.0789062500000000
1 0.3833333333333334 0.6304687500000000 0.0406250000000000 0.0722656250000000
1 0.4281250000000000 0.6289062500000000 0.0447916666666667 0.0746093750000000
1 0.4755208333333333 0.6296875000000000 0.0416666666666667 0.0742187500000000
1 0.5218750000000000 0.6292968750000000 0.0406250000000000 0.0785156250000000
1 0.5666666666666667 0.6292968750000000 0.0406250000000000 0.0777343750000000
1 0.6578125000000000 0.6281250000000000 0.0401041666666667 0.0738281250000000
1 0.0385416666666667 0.5328125000000000 0.0453125000000000 0.0781250000000000
1 0.1432291666666667 0.4148437500000000 0.0463541666666667 0.0757812500000000
1 0.7505208333333333 0.5281250000000000 0.0458333333333333 0.0839843750000000
1 0.6625000000000000 0.8699218750000000 0.0328125000000000 0.0640625000000000
1 0.6239583333333333 0.8683593750000000 0.0364583333333333 0.0644531250000000
1 0.5822916666666667 0.8691406250000000 0.0359375000000000 0.0656250000000000
1 0.5385416666666667 0.8667968750000000 0.0416666666666667 0.0703125000000000
1 0.4927083333333334 0.8656250000000000 0.0447916666666667 0.0753906250000000
1 0.4484375000000000 0.8664062500000000 0.0411458333333333 0.0722656250000000
1 0.4052083333333333 0.8636718750000000 0.0401041666666667 0.0730468750000000
1 0.3614583333333333 0.8652343750000000 0.0421875000000000 0.0695312500000000
1 0.3171875000000000 0.8644531250000000 0.0427083333333333 0.0742187500000000
1 0.7963541666666667 0.5277343750000000 0.0442708333333333 0.0828125000000000
1 0.2109375000000000 0.8726562500000000 0.0265625000000000 0.0570312500000000
1 0.1713541666666667 0.8738281250000000 0.0296875000000000 0.0562500000000000
1 0.1416666666666667 0.8746093750000000 0.0260416666666667 0.0546875000000000
1 0.0947916666666667 0.8710937500000000 0.0385416666666667 0.0542968750000000
1 0.0520833333333333 0.8714843750000000 0.0385416666666667 0.0582031250000000
1 0.0151041666666667 0.8722656250000000 0.0302083333333333 0.0597656250000000
1 0.5708333333333333 0.8175781250000000 0.0453125000000000 0.0265625000000000
1 0.7000000000000000 0.8699218750000000 0.0385416666666667 0.0644531250000000
1 0.9593750000000000 0.0480468750000000 0.0421875000000000 0.0898437500000000
1 0.2484375000000000 0.8554687500000000 0.0364583333333333 0.0898437500000000
1 0.5645833333333333 0.5292968750000000 0.0447916666666667 0.0816406250000000
1 0.7041666666666667 0.5285156250000000 0.0427083333333333 0.0816406250000000
1 0.1135416666666667 0.2996093750000000 0.0317708333333333 0.0738281250000000
1 0.6567708333333333 0.5281250000000000 0.0463541666666667 0.0843750000000000
1 0.6114583333333333 0.5289062500000000 0.0411458333333333 0.0792968750000000
1 0.0593750000000000 0.3000000000000000 0.0619791666666667 0.0710937500000000
1 0.5177083333333333 0.5281250000000000 0.0447916666666667 0.0835937500000000
1 0.0098958333333333 0.3015625000000000 0.0203125000000000 0.0742187500000000
1 0.4744791666666667 0.5292968750000000 0.0395833333333333 0.0789062500000000
1 0.8432291666666667 0.5312500000000000 0.0395833333333333 0.0628906250000000
1 0.8916666666666667 0.5328125000000000 0.0458333333333333 0.0656250000000000
1 0.8963541666666667 0.4089843750000000 0.0484375000000000 0.0812500000000000
1 0.8479166666666667 0.4085937500000000 0.0427083333333333 0.0808593750000000
1 0.8041666666666667 0.4093750000000000 0.0427083333333333 0.0789062500000000
1 0.7562500000000000 0.4125000000000000 0.0447916666666667 0.0789062500000000
1 0.4302083333333334 0.5296875000000000 0.0411458333333333 0.0773437500000000
1 0.9182291666666667 0.7332031250000000 0.0609375000000000 0.0445312500000000
