1 0.0171875000000000 0.9390625000000000 0.0338541666666667 0.0734375000000000
1 0.8291666666666667 0.8191406250000000 0.0260416666666667 0.0855468750000000
1 0.1708333333333333 0.3632812500000000 0.0473958333333333 0.0867187500000000
1 0.1218750000000000 0.3636718750000000 0.0432291666666667 0.0859375000000000
1 0.0755208333333333 0.3640625000000000 0.0458333333333333 0.0847656250000000
1 0.0250000000000000 0.3648437500000000 0.0453125000000000 0.0863281250000000
1 0.3072916666666667 0.8910156250000000 0.0338541666666667 0.0953125000000000
1 0.3432291666666666 0.8855468750000000 0.0322916666666667 0.0902343750000000
1 0.1588541666666667 0.2500000000000000 0.0463541666666667 0.0859375000000000
1 0.3781250000000000 0.8796875000000000 0.0369791666666667 0.0945312500000000
1 0.4843750000000000 0.8664062500000000 0.0302083333333333 0.0894531250000000
1 0.5203125000000000 0.8617187500000000 0.0333333333333333 0.0914062500000000
1 0.5536458333333333 0.8566406250000000 0.0302083333333333 0.0894531250000000
1 0.5828125000000000 0.8515625000000000 0.0265625000000000 0.0902343750000000
1 0.6161458333333333 0.8480468750000000 0.0270833333333333 0.0886718750000000
1 0.6598958333333333 0.8429687500000000 0.0546875000000000 0.0875000000000000
1 0.4484375000000000 0.8722656250000000 0.0348958333333333 0.0917968750000000
1 0.7057291666666666 0.8363281250000000 0.0291666666666667 0.0859375000000000
1 0.1088541666666667 0.2511718750000000 0.0489583333333333 0.0875000000000000
1 0.0151041666666667 0.2539062500000000 0.0307291666666667 0.0871093750000000
1 0.8765625000000000 0.6042968750000000 0.0416666666666667 0.0886718750000000
1 0.8270833333333333 0.6316406250000000 0.0505208333333333 0.0519531250000000
1 0.7473958333333334 0.5609375000000000 0.0651041666666667 0.0343750000000000
1 0.7723958333333333 0.6277343750000000 0.0489583333333333 0.0683593750000000
1 0.6244791666666667 0.6300781250000000 0.0505208333333333 0.0917968750000000
1 0.5723958333333333 0.6324218750000000 0.0432291666666667 0.1074218750000000
1 0.0572916666666667 0.2519531250000000 0.0473958333333333 0.0890625000000000
1 0.5291666666666667 0.6343750000000000 0.0359375000000000 0.1078125000000000
1 0.4520833333333333 0.6382812500000000 0.0322916666666667 0.1078125000000000
1 0.4083333333333333 0.6484375000000000 0.0484375000000000 0.1023437500000000
1 0.3588541666666666 0.6636718750000000 0.0432291666666667 0.0750000000000000
1 0.3182291666666667 0.6675781250000000 0.0328125000000000 0.0726562500000000
1 0.2906250000000000 0.6648437500000000 0.0192708333333333 0.0847656250000000
1 0.2546875000000000 0.6609375000000000 0.0515625000000000 0.0957031250000000
1 0.4885416666666667 0.6496093750000000 0.0364583333333333 0.0812500000000000
1 0.9161458333333333 0.6054687500000000 0.0354166666666667 0.0820312500000000
1 0.7375000000000000 0.8324218750000000 0.0265625000000000 0.0835937500000000
1 0.8000000000000000 0.8246093750000000 0.0265625000000000 0.0871093750000000
1 0.1020833333333333 0.5804687500000000 0.0406250000000000 0.0828125000000000
1 0.1468750000000000 0.5785156250000000 0.0416666666666667 0.0796875000000000
1 0.1911458333333333 0.5761718750000000 0.0369791666666667 0.0765625000000000
1 0.0119791666666667 0.5886718750000000 0.0239583333333333 0.0851562500000000
1 0.0510416666666667 0.5859375000000000 0.0473958333333333 0.0816406250000000
1 0.0401041666666667 0.4773437500000000 0.0427083333333333 0.0871093750000000
1 0.2026041666666667 0.6746093750000000 0.0390625000000000 0.0722656250000000
1 0.0880208333333333 0.4742187500000000 0.0453125000000000 0.0843750000000000
1 0.1807291666666667 0.4703125000000000 0.0453125000000000 0.0808593750000000
1 0.0828125000000000 0.8015625000000000 0.0447916666666667 0.0750000000000000
1 0.0343750000000000 0.8050781250000000 0.0437500000000000 0.0785156250000000
1 0.0286458333333333 0.6964843750000000 0.0500000000000000 0.0718750000000000
1 0.0781250000000000 0.6917968750000000 0.0411458333333333 0.0691406250000000
1 0.1213541666666667 0.6871093750000000 0.0380208333333333 0.0679687500000000
1 0.1348958333333333 0.4722656250000000 0.0411458333333333 0.0843750000000000
1 0.7687500000000000 0.8289062500000000 0.0307291666666667 0.0859375000000000
1 0.1619791666666667 0.6816406250000000 0.0364583333333333 0.0652343750000000
1 0.1697916666666667 0.7988281250000000 0.0354166666666667 0.0656250000000000
1 0.9682291666666667 0.8121093750000000 0.0651041666666667 0.0605468750000000
1 0.8567708333333334 0.8148437500000000 0.0234375000000000 0.0832031250000000
1 0.8854166666666666 0.8097656250000000 0.0229166666666667 0.0816406250000000
1 0.9161458333333333 0.8078125000000000 0.0260416666666667 0.0839843750000000
1 0.9182291666666667 0.7074218750000000 0.0343750000000000 0.0859375000000000
1 0.7828125000000000 0.7257812500000000 0.0510416666666667 0.0890625000000000
1 0.1286458333333333 0.7976562500000000 0.0385416666666667 0.0726562500000000
1 0.8265625000000000 0.7187500000000000 0.0333333333333333 0.0886718750000000
1 0.3984375000000000 0.7656250000000000 0.0307291666666667 0.0980468750000000
1 0.3651041666666667 0.7699218750000000 0.0312500000000000 0.0988281250000000
1 0.3312500000000000 0.7746093750000000 0.0333333333333333 0.1027343750000000
1 0.2932291666666667 0.7753906250000000 0.0354166666666667 0.1042968750000000
1 0.2526041666666667 0.7777343750000000 0.0375000000000000 0.1023437500000000
1 0.2088541666666667 0.7921875000000000 0.0411458333333333 0.0621093750000000
1 0.8723958333333334 0.7144531250000000 0.0494791666666667 0.0875000000000000
1 0.8828125000000000 0.5324218750000000 0.0593750000000000 0.0437500000000000
1 0.6786458333333333 0.6363281250000000 0.0520833333333333 0.0718750000000000
1 0.9765625000000000 0.4492187500000000 0.0468750000000000 0.0761718750000000
1 0.7656250000000000 0.1292968750000000 0.0401041666666667 0.0937500000000000
1 0.7156250000000000 0.1277343750000000 0.0520833333333333 0.0980468750000000
1 0.6432291666666666 0.1269531250000000 0.0583333333333333 0.0941406250000000
1 0.2822916666666667 0.1214843750000000 0.0661458333333333 0.1019531250000000
1 0.5442708333333334 0.1253906250000000 0.0645833333333333 0.0828125000000000
1 0.4661458333333333 0.1246093750000000 0.0375000000000000 0.0785156250000000
1 0.3625000000000000 0.1203125000000000 0.0656250000000000 0.1039062500000000
1 0.2098958333333333 0.1175781250000000 0.0635416666666667 0.1023437500000000
1 0.1427083333333333 0.1257812500000000 0.0546875000000000 0.0804687500000000
1 0.0864583333333333 0.1210937500000000 0.0531250000000000 0.0761718750000000
1 0.9734375000000000 0.5375000000000000 0.0520833333333333 0.0691406250000000
1 0.2671875000000000 0.8937500000000000 0.0369791666666667 0.0960937500000000
1 0.2244791666666667 0.8960937500000000 0.0385416666666667 0.1015625000000000
1 0.1817708333333333 0.9019531250000000 0.0369791666666667 0.1042968750000000
1 0.1421875000000000 0.9250000000000000 0.0406250000000000 0.0710937500000000
1 0.1005208333333333 0.9304687500000000 0.0380208333333333 0.0691406250000000
1 0.0598958333333333 0.9367187500000000 0.0395833333333333 0.0753906250000000
1 0.7390625000000000 0.7292968750000000 0.0265625000000000 0.0906250000000000
1 0.7067708333333333 0.7320312500000000 0.0307291666666667 0.0921875000000000
1 0.6744791666666666 0.7351562500000000 0.0307291666666667 0.0875000000000000
1 0.6395833333333333 0.7378906250000000 0.0317708333333333 0.0890625000000000
1 0.6057291666666667 0.7410156250000000 0.0312500000000000 0.0941406250000000
1 0.5718750000000000 0.7457031250000000 0.0343750000000000 0.0972656250000000
1 0.5354166666666667 0.7500000000000000 0.0322916666666667 0.0949218750000000
1 0.5015625000000000 0.7550781250000000 0.0322916666666667 0.0968750000000000
1 0.4645833333333333 0.7570312500000000 0.0364583333333333 0.0933593750000000
1 0.4291666666666666 0.7609375000000000 0.0260416666666667 0.0953125000000000
1 0.5463541666666667 0.2136718750000000 0.0500000000000000 0.0792968750000000
1 0.8135416666666667 0.1316406250000000 0.0411458333333333 0.0972656250000000
1 0.0359375000000000 0.1203125000000000 0.0411458333333333 0.0742187500000000
1 0.9166666666666666 0.1539062500000000 0.0593750000000000 0.1027343750000000
1 0.9104166666666667 0.4546875000000000 0.0546875000000000 0.0832031250000000
1 0.8463541666666666 0.4832031250000000 0.0635416666666667 0.0503906250000000
1 0.7859375000000000 0.4585937500000000 0.0468750000000000 0.0441406250000000
1 0.7229166666666667 0.4925781250000000 0.0786458333333333 0.0558593750000000
1 0.6239583333333333 0.4816406250000000 0.0770833333333333 0.0531250000000000
1 0.8598958333333333 0.1335937500000000 0.0463541666666667 0.0980468750000000
1 0.3901041666666666 0.4773437500000000 0.0708333333333333 0.0707031250000000
1 0.3125000000000000 0.5007812500000000 0.0750000000000000 0.0605468750000000
1 0.2401041666666667 0.5058593750000000 0.0645833333333333 0.0605468750000000
1 0.9791666666666666 0.3554687500000000 0.0416666666666667 0.0585937500000000
1 0.9213541666666667 0.3453125000000000 0.0682291666666667 0.0539062500000000
1 0.8468750000000000 0.3789062500000000 0.0479166666666667 0.0484375000000000
1 0.7869791666666667 0.3589843750000000 0.0666666666666667 0.0445312500000000
1 0.4859375000000000 0.4871093750000000 0.0838541666666667 0.0582031250000000
1 0.6234375000000000 0.3847656250000000 0.0765625000000000 0.0582031250000000
1 0.8536458333333333 0.2773437500000000 0.0687500000000000 0.0546875000000000
1 0.6968750000000000 0.2847656250000000 0.0640625000000000 0.0523437500000000
1 0.9807291666666667 0.2578125000000000 0.0395833333333333 0.0585937500000000
1 0.6250000000000000 0.2835937500000000 0.0708333333333333 0.0585937500000000
1 0.4921875000000000 0.2871093750000000 0.0843750000000000 0.0617187500000000
1 0.3911458333333334 0.2800781250000000 0.0812500000000000 0.0753906250000000
1 0.9750000000000000 0.2062500000000000 0.0500000000000000 0.0441406250000000
1 0.3135416666666667 0.2804687500000000 0.0718750000000000 0.0648437500000000
1 0.4895833333333333 0.3863281250000000 0.0708333333333333 0.0570312500000000
1 0.7140625000000000 0.3855468750000000 0.0755208333333333 0.0531250000000000
1 0.3937500000000000 0.3738281250000000 0.0781250000000000 0.0667968750000000
1 0.9276041666666667 0.2585937500000000 0.0635416666666667 0.0582031250000000
