1 0.3683593750000000 0.4854166666666667 0.0507812500000000 0.0755208333333333
1 0.2125000000000000 0.4802083333333333 0.0609375000000000 0.0718750000000000
1 0.2675781250000000 0.4848958333333334 0.0460937500000000 0.0744791666666667
1 0.3164062500000000 0.4864583333333333 0.0503906250000000 0.0708333333333333
1 0.4210937500000000 0.4843750000000000 0.0515625000000000 0.0713541666666667
1 0.4742187500000000 0.4697916666666667 0.0527343750000000 0.0421875000000000
1 0.4769531250000000 0.5130208333333334 0.0535156250000000 0.0375000000000000
1 0.5328125000000000 0.4645833333333333 0.0550781250000000 0.0411458333333333
1 0.5320312500000000 0.5119791666666667 0.0531250000000000 0.0406250000000000
1 0.0808593750000000 0.4083333333333333 0.0339843750000000 0.1036458333333333
1 0.1488281250000000 0.4770833333333334 0.0597656250000000 0.0661458333333333
1 0.0457031250000000 0.3869791666666667 0.0328125000000000 0.1421875000000000
1 0.0425781250000000 0.2182291666666667 0.0285156250000000 0.1244791666666667
1 0.1277343750000000 0.3265625000000000 0.0570312500000000 0.1130208333333333
1 0.0421875000000000 0.0463541666666667 0.0292968750000000 0.0854166666666667
1 0.0132812500000000 0.2187500000000000 0.0269531250000000 0.1203125000000000
1 0.5812500000000000 0.4937500000000000 0.0414062500000000 0.0796875000000000
1 0.0710937500000000 0.2192708333333333 0.0265625000000000 0.1281250000000000
1 0.1035156250000000 0.1619791666666667 0.0367187500000000 0.1140625000000000
1 0.1445312500000000 0.1718750000000000 0.0371093750000000 0.1026041666666667
1 0.1812500000000000 0.1703125000000000 0.0320312500000000 0.1010416666666667
1 0.2250000000000000 0.1755208333333333 0.0515625000000000 0.0953125000000000
1 0.2800781250000000 0.1750000000000000 0.0570312500000000 0.0968750000000000
1 0.3890625000000000 0.1765625000000000 0.0601562500000000 0.1020833333333333
1 0.8875000000000000 0.3541666666666667 0.0347656250000000 0.1093750000000000
1 0.8539062500000000 0.3687500000000000 0.0304687500000000 0.0796875000000000
1 0.8207031250000000 0.3666666666666666 0.0296875000000000 0.0776041666666667
1 0.0140625000000000 0.3854166666666667 0.0285156250000000 0.1401041666666667
1 0.7847656250000000 0.3645833333333333 0.0359375000000000 0.0843750000000000
1 0.7480468750000000 0.3510416666666666 0.0343750000000000 0.1171875000000000
1 0.7125000000000000 0.3468750000000000 0.0335937500000000 0.1135416666666667
1 0.6785156250000000 0.3468750000000000 0.0332031250000000 0.1156250000000000
1 0.6437500000000000 0.3458333333333333 0.0339843750000000 0.1088541666666667
1 0.6085937500000000 0.3468750000000000 0.0355468750000000 0.1088541666666667
1 0.5613281250000000 0.3479166666666667 0.0566406250000000 0.1031250000000000
1 0.5066406250000000 0.3421875000000000 0.0515625000000000 0.1161458333333333
1 0.4515625000000000 0.3421875000000000 0.0558593750000000 0.1182291666666667
1 0.3953125000000000 0.3427083333333333 0.0535156250000000 0.1171875000000000
1 0.3417968750000000 0.3385416666666667 0.0523437500000000 0.1177083333333333
1 0.2878906250000000 0.3375000000000000 0.0531250000000000 0.1229166666666667
1 0.2347656250000000 0.3416666666666667 0.0488281250000000 0.1036458333333333
1 0.1828125000000000 0.3479166666666667 0.0511718750000000 0.0875000000000000
1 0.7863281250000000 0.2953125000000000 0.0355468750000000 0.0458333333333333
1 0.6160156250000000 0.4875000000000000 0.0273437500000000 0.0963541666666667
1 0.2957031250000000 0.6244791666666667 0.0246093750000000 0.0911458333333333
1 0.6945312500000000 0.4937500000000000 0.0554687500000000 0.0880208333333333
1 0.0410156250000000 0.7406250000000000 0.0390625000000000 0.1359375000000000
1 0.0863281250000000 0.7401041666666667 0.0503906250000000 0.1369791666666667
1 0.1300781250000000 0.7281250000000000 0.0292968750000000 0.1109375000000000
1 0.1542968750000000 0.7348958333333333 0.0175781250000000 0.1052083333333333
1 0.1761718750000000 0.7713541666666667 0.0246093750000000 0.0916666666666667
1 0.2042968750000000 0.7651041666666667 0.0269531250000000 0.1135416666666667
1 0.2343750000000000 0.7651041666666667 0.0296875000000000 0.1182291666666667
1 0.2679687500000000 0.7651041666666667 0.0347656250000000 0.1255208333333333
1 0.3003906250000000 0.7604166666666666 0.0250000000000000 0.1270833333333333
1 0.3316406250000000 0.7661458333333333 0.0343750000000000 0.1250000000000000
1 0.3707031250000000 0.7692708333333333 0.0414062500000000 0.1333333333333333
1 0.4054687500000000 0.7723958333333333 0.0187500000000000 0.1119791666666667
1 0.4281250000000000 0.7973958333333333 0.0246093750000000 0.0895833333333333
1 0.0351562500000000 0.5703125000000000 0.0707031250000000 0.1098958333333333
1 0.4570312500000000 0.7812500000000000 0.0304687500000000 0.1223958333333333
1 0.5160156250000000 0.7864583333333334 0.0281250000000000 0.1156250000000000
1 0.5453125000000000 0.7885416666666667 0.0285156250000000 0.1182291666666667
1 0.5781250000000000 0.7880208333333333 0.0351562500000000 0.1229166666666667
1 0.6152343750000000 0.7895833333333333 0.0351562500000000 0.1260416666666667
1 0.6550781250000000 0.8041666666666667 0.0433593750000000 0.1083333333333333
1 0.7027343750000000 0.8093750000000000 0.0441406250000000 0.1041666666666667
1 0.7472656250000000 0.8156250000000000 0.0421875000000000 0.1036458333333333
1 0.7867187500000000 0.8015625000000000 0.0339843750000000 0.1312500000000000
1 0.8269531250000000 0.8104166666666667 0.0425781250000000 0.1322916666666667
1 0.8691406250000000 0.8098958333333334 0.0390625000000000 0.1276041666666667
1 0.9105468750000000 0.8140625000000000 0.0386718750000000 0.1333333333333333
1 0.9523437500000000 0.8187500000000000 0.0421875000000000 0.1328125000000000
1 0.9871093750000000 0.8083333333333333 0.0246093750000000 0.1114583333333333
1 0.4863281250000000 0.7765625000000000 0.0277343750000000 0.1213541666666667
1 0.6488281250000000 0.4880208333333333 0.0324218750000000 0.0953125000000000
1 0.1062500000000000 0.5854166666666667 0.0664062500000000 0.0781250000000000
1 0.2218750000000000 0.5802083333333333 0.0355468750000000 0.0395833333333333
1 0.7535156250000000 0.4942708333333333 0.0601562500000000 0.0984375000000000
1 0.8152343750000000 0.5072916666666667 0.0617187500000000 0.0744791666666667
1 0.8734375000000000 0.5145833333333333 0.0519531250000000 0.0666666666666667
1 0.9269531250000000 0.5151041666666667 0.0519531250000000 0.0708333333333333
1 0.9773437500000000 0.5218750000000000 0.0445312500000000 0.0557291666666667
1 0.9824218750000000 0.6510416666666666 0.0347656250000000 0.1270833333333333
1 0.9367187500000000 0.6520833333333333 0.0542968750000000 0.1296875000000000
1 0.8832031250000000 0.6526041666666667 0.0523437500000000 0.1302083333333333
1 0.8292968750000000 0.6671875000000000 0.0468750000000000 0.0911458333333333
1 0.7820312500000000 0.6177083333333333 0.0289062500000000 0.0739583333333333
1 0.7429687500000000 0.6572916666666667 0.0445312500000000 0.0880208333333333
1 0.6949218750000000 0.6479166666666667 0.0484375000000000 0.0401041666666667
1 0.6929687500000000 0.6833333333333333 0.0496093750000000 0.0302083333333333
1 0.1750000000000000 0.6302083333333334 0.0480468750000000 0.0598958333333333
1 0.6445312500000000 0.6453125000000000 0.0503906250000000 0.0328125000000000
1 0.5972656250000000 0.6697916666666667 0.0398437500000000 0.0458333333333333
1 0.5984375000000000 0.6286458333333333 0.0398437500000000 0.0328125000000000
1 0.5550781250000000 0.6500000000000000 0.0406250000000000 0.0796875000000000
1 0.5144531250000000 0.6494791666666667 0.0390625000000000 0.0744791666666667
1 0.4746093750000000 0.6489583333333333 0.0378906250000000 0.0755208333333333
1 0.4332031250000000 0.6067708333333334 0.0402343750000000 0.0739583333333333
1 0.3882812500000000 0.6203125000000000 0.0449218750000000 0.0302083333333333
1 0.3882812500000000 0.6619791666666667 0.0460937500000000 0.0322916666666667
1 0.3500000000000000 0.6145833333333334 0.0296875000000000 0.1182291666666667
1 0.3214843750000000 0.6260416666666667 0.0246093750000000 0.0937500000000000
1 0.0777343750000000 0.0317708333333333 0.0292968750000000 0.0619791666666667
1 0.2609375000000000 0.6260416666666667 0.0390625000000000 0.0890625000000000
1 0.2179687500000000 0.6338541666666667 0.0375000000000000 0.0583333333333333
1 0.6433593750000000 0.6802083333333333 0.0464843750000000 0.0291666666666667
1 0.1101562500000000 0.0322916666666667 0.0335937500000000 0.0630208333333333
1 0.4343750000000000 0.6640625000000000 0.0390625000000000 0.0348958333333333
1 0.1914062500000000 0.0307291666666667 0.0398437500000000 0.0609375000000000
1 0.9464843750000000 0.0260416666666667 0.0429687500000000 0.0526041666666667
1 0.9859375000000000 0.0276041666666667 0.0285156250000000 0.0500000000000000
1 0.9207031250000000 0.3765625000000000 0.0292968750000000 0.0729166666666667
1 0.9640625000000000 0.3942708333333333 0.0550781250000000 0.0395833333333333
1 0.9671875000000000 0.3536458333333333 0.0542968750000000 0.0385416666666667
1 0.9667968750000000 0.1682291666666667 0.0445312500000000 0.1161458333333333
1 0.9222656250000000 0.1703125000000000 0.0421875000000000 0.1203125000000000
1 0.8832031250000000 0.1848958333333333 0.0296875000000000 0.0854166666666667
1 0.1484375000000000 0.0322916666666667 0.0406250000000000 0.0635416666666667
1 0.8484375000000000 0.1854166666666667 0.0335937500000000 0.0921875000000000
1 0.8054687500000000 0.1729166666666667 0.0488281250000000 0.1119791666666667
1 0.7542968750000000 0.1687500000000000 0.0519531250000000 0.1156250000000000
1 0.7023437500000000 0.1776041666666667 0.0457031250000000 0.1041666666666667
1 0.6535156250000000 0.1750000000000000 0.0453125000000000 0.1062500000000000
1 0.5972656250000000 0.1708333333333333 0.0609375000000000 0.1166666666666667
1 0.5359375000000000 0.1739583333333333 0.0550781250000000 0.1083333333333333
1 0.4640625000000000 0.1807291666666667 0.0859375000000000 0.0984375000000000
1 0.9011718750000000 0.0291666666666667 0.0417968750000000 0.0531250000000000
1 0.8484375000000000 0.0291666666666667 0.0601562500000000 0.0562500000000000
1 0.0132812500000000 0.0463541666666667 0.0265625000000000 0.0854166666666667
1 0.5828125000000000 0.0291666666666667 0.0605468750000000 0.0567708333333333
1 0.6761718750000000 0.0307291666666667 0.0410156250000000 0.0562500000000000
1 0.3824218750000000 0.0302083333333333 0.0644531250000000 0.0583333333333333
1 0.7253906250000000 0.0458333333333333 0.0484375000000000 0.0286458333333333
1 0.7296875000000000 0.0177083333333333 0.0480468750000000 0.0260416666666667
1 0.7855468750000000 0.0281250000000000 0.0628906250000000 0.0546875000000000
1 0.3128906250000000 0.0312500000000000 0.0617187500000000 0.0630208333333333
1 0.2472656250000000 0.0317708333333333 0.0656250000000000 0.0625000000000000
1 0.4496093750000000 0.0312500000000000 0.0675781250000000 0.0630208333333333
1 0.5261718750000000 0.0302083333333333 0.0500000000000000 0.0588541666666667
1 0.6339843750000000 0.0312500000000000 0.0398437500000000 0.0604166666666667
