1 0.5057189542483660 0.8535539215686274 0.1589052287581699 0.0750612745098039
1 0.7602124183006536 0.6455269607843137 0.0547385620915033 0.0781250000000000
1 0.7046568627450981 0.6430759803921569 0.0543300653594771 0.0821078431372549
1 0.6176470588235294 0.6381740196078431 0.0886437908496732 0.0965073529411765
1 0.5514705882352942 0.6403186274509803 0.0420751633986928 0.0986519607843137
1 0.4946895424836601 0.6681985294117647 0.0727124183006536 0.0401348039215686
1 0.4942810457516340 0.6158088235294118 0.0788398692810457 0.0600490196078431
1 0.4097222222222222 0.6351102941176471 0.0804738562091503 0.0922181372549020
1 0.8819444444444444 0.8655024509803921 0.1143790849673203 0.0842524509803922
1 0.8737745098039216 0.6473651960784313 0.0543300653594771 0.0818014705882353
1 0.2704248366013072 0.6182598039215687 0.0539215686274510 0.0401348039215686
1 0.2087418300653595 0.6170343137254902 0.0674019607843137 0.0422794117647059
1 0.3316993464052287 0.6256127450980392 0.0600490196078431 0.0355392156862745
1 0.3312908496732026 0.6651348039215687 0.0588235294117647 0.0438112745098039
1 0.2716503267973856 0.6645220588235294 0.0596405228758170 0.0447303921568627
1 0.7642973856209150 0.8673406862745098 0.1196895424836601 0.0873161764705882
1 0.0130718954248366 0.7555147058823529 0.0265522875816993 0.0680147058823529
1 0.0428921568627451 0.7561274509803921 0.0318627450980392 0.0692401960784314
1 0.0763888888888889 0.7539828431372549 0.0330882352941176 0.0677083333333333
1 0.3308823529411765 0.8550857843137255 0.1531862745098039 0.0738357843137255
1 0.2120098039215686 0.8679534313725490 0.0416666666666667 0.0867034313725490
1 0.1576797385620915 0.8688725490196079 0.0596405228758170 0.0885416666666667
1 0.1004901960784314 0.8857230392156863 0.0433006535947712 0.0557598039215686
1 0.0633169934640523 0.8848039215686274 0.0318627450980392 0.0588235294117647
1 0.0334967320261438 0.8694852941176471 0.0212418300653595 0.0857843137254902
1 0.0118464052287582 0.8688725490196079 0.0241013071895425 0.0814950980392157
1 0.8835784313725490 0.7533700980392157 0.1433823529411765 0.0707720588235294
1 0.6429738562091504 0.8541666666666666 0.1049836601307190 0.0759803921568627
1 0.7254901960784313 0.7512254901960784 0.1364379084967320 0.0710784313725490
1 0.5314542483660131 0.7487745098039216 0.0457516339869281 0.0713848039215686
1 0.4901960784313725 0.7438725490196079 0.0363562091503268 0.0615808823529412
1 0.4583333333333333 0.7408088235294118 0.0285947712418301 0.0554534313725490
1 0.3447712418300654 0.7490808823529411 0.1617647058823529 0.0778186274509804
1 0.2434640522875817 0.7518382352941176 0.0355392156862745 0.0726102941176471
1 0.2079248366013072 0.7552083333333334 0.0334967320261438 0.0796568627450980
1 0.2136437908496732 0.6675857843137255 0.0547385620915033 0.0505514705882353
1 0.1127450980392157 0.7521446078431373 0.0396241830065359 0.0640318627450980
1 0.5980392156862745 0.7503063725490197 0.0494281045751634 0.0670955882352941
1 0.1683006535947713 0.7533700980392157 0.0424836601307190 0.0827205882352941
1 0.1446078431372549 0.6776960784313726 0.0620915032679739 0.0425857843137255
1 0.0241013071895425 0.6556372549019608 0.0486111111111111 0.0867034313725490
1 0.5285947712418301 0.4056372549019608 0.0457516339869281 0.1007965686274510
1 0.4750816993464052 0.4111519607843137 0.0498366013071895 0.0851715686274510
1 0.4142156862745098 0.4126838235294117 0.0608660130718954 0.0857843137254902
1 0.3500816993464052 0.4129901960784313 0.0461601307189543 0.0867034313725490
1 0.2965686274509804 0.4099264705882353 0.0469771241830065 0.1017156862745098
1 0.2463235294117647 0.4080882352941176 0.0531045751633987 0.1053921568627451
1 0.1891339869281046 0.4347426470588235 0.0567810457516340 0.0499387254901961
1 0.1274509803921569 0.4341299019607843 0.0686274509803922 0.0508578431372549
1 0.0396241830065359 0.4145220588235294 0.0796568627450980 0.0995710784313725
1 0.5763888888888888 0.4077818627450980 0.0502450980392157 0.0968137254901961
1 0.9440359477124183 0.2607230392156863 0.1127450980392157 0.1179534313725490
1 0.6899509803921569 0.2643995098039216 0.1319444444444444 0.1182598039215686
1 0.5518790849673203 0.2723651960784313 0.1278594771241830 0.1164215686274510
1 0.4424019607843137 0.2824754901960784 0.0861928104575163 0.0980392156862745
1 0.3521241830065360 0.2824754901960784 0.0882352941176471 0.0983455882352941
1 0.2659313725490196 0.2478553921568628 0.0584150326797386 0.0585171568627451
1 0.2679738562091503 0.3063725490196079 0.0522875816993464 0.0572916666666667
1 0.2030228758169935 0.2837009803921569 0.0645424836601307 0.1029411764705882
1 0.1437908496732026 0.2837009803921569 0.0543300653594771 0.1011029411764706
1 0.0580065359477124 0.2794117647058824 0.1127450980392157 0.1087622549019608
1 0.8198529411764706 0.2616421568627451 0.1270424836601307 0.1112132352941176
1 0.6290849673202614 0.4050245098039216 0.0551470588235294 0.0943627450980392
1 0.6895424836601307 0.4255514705882353 0.0584150326797386 0.0539215686274510
1 0.7475490196078431 0.4243259803921569 0.0571895424836601 0.0505514705882353
1 0.9007352941176471 0.5416666666666666 0.1123366013071895 0.0128676470588235
1 0.8104575163398693 0.5180759803921569 0.0510620915032680 0.0793504901960784
1 0.7589869281045751 0.5174632352941176 0.0494281045751634 0.0762867647058824
1 0.6809640522875817 0.5162377450980392 0.1017156862745098 0.0772058823529412
1 0.5866013071895425 0.5171568627450981 0.0804738562091503 0.0719975490196078
1 0.5273692810457516 0.5125612745098039 0.0281862745098039 0.0680147058823529
1 0.4893790849673202 0.5150122549019608 0.0469771241830065 0.0704656862745098
1 0.1368464052287582 0.6250000000000000 0.0735294117647059 0.0625000000000000
1 0.3668300653594771 0.5193014705882353 0.0604575163398693 0.0818014705882353
1 0.4256535947712418 0.5162377450980392 0.0522875816993464 0.0753676470588235
1 0.2577614379084967 0.5205269607843137 0.0608660130718954 0.0790441176470588
1 0.1907679738562091 0.5392156862745098 0.0567810457516340 0.0517769607843137
1 0.1294934640522876 0.5419730392156863 0.0629084967320261 0.0484068627450980
1 0.8075980392156863 0.3676470588235294 0.0604575163398693 0.0465686274509804
1 0.7467320261437909 0.3700980392156863 0.0592320261437908 0.0435049019607843
1 0.6891339869281046 0.3710171568627451 0.0575980392156863 0.0468750000000000
1 0.8656045751633987 0.4203431372549020 0.0567810457516340 0.0539215686274510
1 0.8071895424836601 0.4209558823529412 0.0600490196078431 0.0563725490196078
1 0.3120915032679739 0.5189950980392157 0.0457516339869281 0.0827205882352941
1 0.9003267973856209 0.5254289215686274 0.1041666666666667 0.0202205882352941
