1 0.5052083333333334 0.3000000000000000 0.0744791666666667 0.1039062500000000
1 0.4093750000000000 0.2984375000000000 0.0614583333333333 0.1105468750000000
1 0.3416666666666667 0.2964843750000000 0.0598958333333333 0.1132812500000000
1 0.2515625000000000 0.3039062500000000 0.0880208333333333 0.0925781250000000
1 0.7182291666666667 0.1781250000000000 0.0708333333333333 0.1000000000000000
1 0.8869791666666667 0.1703125000000000 0.0916666666666667 0.1230468750000000
1 0.7942708333333334 0.1773437500000000 0.0729166666666667 0.0957031250000000
1 0.5890625000000000 0.3054687500000000 0.0723958333333333 0.1023437500000000
1 0.1375000000000000 0.2988281250000000 0.1020833333333333 0.1039062500000000
1 0.9682291666666667 0.1675781250000000 0.0630208333333333 0.1222656250000000
1 0.1416666666666667 0.4605468750000000 0.0921875000000000 0.0386718750000000
1 0.7614583333333333 0.3050781250000000 0.0786458333333333 0.1015625000000000
1 0.8427083333333333 0.3058593750000000 0.0739583333333333 0.0988281250000000
1 0.9239583333333333 0.3085937500000000 0.0765625000000000 0.0972656250000000
1 0.0552083333333333 0.3367187500000000 0.0531250000000000 0.0664062500000000
1 0.1416666666666667 0.4226562500000000 0.0890625000000000 0.0347656250000000
1 0.2197916666666667 0.4585937500000000 0.0364583333333333 0.0320312500000000
1 0.2567708333333333 0.4593750000000000 0.0307291666666667 0.0312500000000000
1 0.2911458333333333 0.4589843750000000 0.0354166666666667 0.0308593750000000
1 0.3645833333333333 0.4238281250000000 0.0932291666666667 0.0347656250000000
1 0.6375000000000000 0.1769531250000000 0.0796875000000000 0.0976562500000000
1 0.3614583333333333 0.4601562500000000 0.0932291666666667 0.0308593750000000
1 0.6734375000000000 0.3089843750000000 0.0776041666666667 0.1050781250000000
1 0.5479166666666667 0.1753906250000000 0.0703125000000000 0.0992187500000000
1 0.1145833333333333 0.8457031250000000 0.0411458333333333 0.0460937500000000
1 0.3515625000000000 0.1593750000000000 0.0864583333333333 0.1265625000000000
1 0.2578125000000000 0.9609375000000000 0.0328125000000000 0.0492187500000000
1 0.2953125000000000 0.9617187500000000 0.0348958333333333 0.0488281250000000
1 0.3390625000000000 0.9605468750000000 0.0421875000000000 0.0507812500000000
1 0.4572916666666667 0.9617187500000000 0.0354166666666667 0.0507812500000000
1 0.3973958333333333 0.9164062500000000 0.0307291666666667 0.0394531250000000
1 0.4307291666666667 0.9156250000000000 0.0276041666666667 0.0355468750000000
1 0.5010416666666667 0.9394531250000000 0.0333333333333333 0.0472656250000000
1 0.5463541666666667 0.9464843750000000 0.0343750000000000 0.0464843750000000
1 0.2505208333333334 0.8355468750000000 0.0380208333333333 0.0476562500000000
1 0.2010416666666667 0.8425781250000000 0.0375000000000000 0.0445312500000000
1 0.1567708333333333 0.8464843750000000 0.0390625000000000 0.0476562500000000
1 0.4635416666666667 0.1605468750000000 0.0770833333333333 0.1218750000000000
1 0.4291666666666666 0.4593750000000000 0.0364583333333333 0.0312500000000000
1 0.6682291666666667 0.9605468750000000 0.0359375000000000 0.0484375000000000
1 0.7192708333333333 0.9757812500000000 0.0390625000000000 0.0468750000000000
1 0.7609375000000000 0.9769531250000000 0.0390625000000000 0.0476562500000000
1 0.8203125000000000 0.9734375000000000 0.0614583333333333 0.0546875000000000
1 0.8817708333333333 0.9718750000000000 0.0598958333333333 0.0566406250000000
1 0.9557291666666666 0.9738281250000000 0.0666666666666667 0.0507812500000000
1 0.9729166666666667 0.7125000000000000 0.0531250000000000 0.0507812500000000
1 0.9114583333333334 0.7125000000000000 0.0619791666666667 0.0582031250000000
1 0.8479166666666667 0.7125000000000000 0.0583333333333333 0.0582031250000000
1 0.1416666666666667 0.1699218750000000 0.0979166666666667 0.1003906250000000
1 0.2447916666666667 0.1710937500000000 0.0901041666666667 0.1003906250000000
1 0.9526041666666667 0.6632812500000000 0.0479166666666667 0.0347656250000000
1 0.4687500000000000 0.4609375000000000 0.0322916666666667 0.0324218750000000
1 0.8510416666666667 0.5777343750000000 0.0661458333333333 0.0476562500000000
1 0.5421875000000000 0.4316406250000000 0.0359375000000000 0.0292968750000000
1 0.2614583333333333 0.5804687500000000 0.0401041666666667 0.0335937500000000
1 0.2307291666666667 0.5421875000000000 0.0427083333333333 0.0347656250000000
1 0.2182291666666667 0.5796875000000000 0.0395833333333333 0.0320312500000000
1 0.1750000000000000 0.5796875000000000 0.0395833333333333 0.0343750000000000
1 0.1302083333333333 0.5792968750000000 0.0401041666666667 0.0363281250000000
1 0.0328125000000000 0.5414062500000000 0.0598958333333333 0.0585937500000000
1 0.0869791666666667 0.5453125000000000 0.0401041666666667 0.0597656250000000
1 0.0333333333333333 0.6468750000000000 0.0515625000000000 0.0925781250000000
1 0.0958333333333333 0.6425781250000000 0.0541666666666667 0.0746093750000000
1 0.1255208333333333 0.7105468750000000 0.0369791666666667 0.0519531250000000
1 0.1718750000000000 0.7121093750000000 0.0427083333333333 0.0480468750000000
1 0.3093750000000000 0.5804687500000000 0.0427083333333333 0.0359375000000000
1 0.2286458333333333 0.7105468750000000 0.0390625000000000 0.0515625000000000
1 0.3119791666666666 0.7082031250000000 0.0354166666666667 0.0472656250000000
1 0.3885416666666667 0.7050781250000000 0.0354166666666667 0.0476562500000000
1 0.3312500000000000 0.6539062500000000 0.0359375000000000 0.0437500000000000
1 0.4312500000000000 0.7097656250000000 0.0380208333333333 0.0503906250000000
1 0.4854166666666667 0.7152343750000000 0.0411458333333333 0.0449218750000000
1 0.5286458333333334 0.7152343750000000 0.0406250000000000 0.0445312500000000
1 0.5750000000000000 0.7152343750000000 0.0411458333333333 0.0449218750000000
1 0.6348958333333333 0.7128906250000000 0.0390625000000000 0.0492187500000000
1 0.6760416666666667 0.7121093750000000 0.0375000000000000 0.0476562500000000
1 0.7203125000000000 0.7128906250000000 0.0369791666666667 0.0519531250000000
1 0.7859375000000000 0.7117187500000000 0.0411458333333333 0.0519531250000000
1 0.2718750000000000 0.7097656250000000 0.0385416666666667 0.0480468750000000
1 0.5026041666666666 0.4617187500000000 0.0338541666666667 0.0316406250000000
1 0.3562500000000000 0.5789062500000000 0.0406250000000000 0.0355468750000000
1 0.4151041666666667 0.5343750000000000 0.0281250000000000 0.0351562500000000
1 0.5427083333333333 0.4625000000000000 0.0401041666666667 0.0281250000000000
1 0.5880208333333333 0.4582031250000000 0.0375000000000000 0.0335937500000000
1 0.6317708333333333 0.4609375000000000 0.0416666666666667 0.0343750000000000
1 0.6734375000000000 0.4617187500000000 0.0427083333333333 0.0328125000000000
1 0.7104166666666667 0.4273437500000000 0.0395833333333333 0.0320312500000000
1 0.7171875000000000 0.4621093750000000 0.0380208333333333 0.0320312500000000
1 0.7593750000000000 0.4621093750000000 0.0416666666666667 0.0343750000000000
1 0.8229166666666666 0.4191406250000000 0.0729166666666667 0.0273437500000000
1 0.8203125000000000 0.4554687500000000 0.0682291666666667 0.0261718750000000
1 0.8885416666666667 0.4558593750000000 0.0609375000000000 0.0269531250000000
1 0.9546875000000000 0.4554687500000000 0.0651041666666667 0.0234375000000000
1 0.4005208333333333 0.5804687500000000 0.0369791666666667 0.0347656250000000
1 0.9750000000000000 0.5781250000000000 0.0515625000000000 0.0535156250000000
1 0.7968750000000000 0.5789062500000000 0.0395833333333333 0.0480468750000000
1 0.7526041666666666 0.5781250000000000 0.0411458333333333 0.0484375000000000
1 0.7083333333333334 0.5781250000000000 0.0385416666666667 0.0484375000000000
1 0.6635416666666667 0.5777343750000000 0.0421875000000000 0.0500000000000000
1 0.6187500000000000 0.5804687500000000 0.0375000000000000 0.0363281250000000
1 0.5322916666666667 0.5437500000000000 0.0359375000000000 0.0277343750000000
1 0.5739583333333333 0.5812500000000000 0.0421875000000000 0.0378906250000000
1 0.5307291666666667 0.5808593750000000 0.0385416666666667 0.0367187500000000
1 0.4875000000000000 0.5816406250000000 0.0390625000000000 0.0359375000000000
1 0.4432291666666667 0.5816406250000000 0.0427083333333333 0.0382812500000000
1 0.4479166666666667 0.5394531250000000 0.0322916666666667 0.0289062500000000
1 0.9156250000000000 0.5800781250000000 0.0593750000000000 0.0500000000000000
1 0.1807291666666667 0.9605468750000000 0.0385416666666667 0.0460937500000000
1 0.2203125000000000 0.9527343750000000 0.0317708333333333 0.0468750000000000
1 0.6307291666666667 0.9632812500000000 0.0364583333333333 0.0492187500000000
1 0.8885416666666667 0.8460937500000000 0.0578125000000000 0.0617187500000000
1 0.8281250000000000 0.8464843750000000 0.0572916666666667 0.0601562500000000
1 0.9489583333333333 0.8480468750000000 0.0531250000000000 0.0632812500000000
1 0.0911458333333333 0.9390625000000000 0.0458333333333333 0.0804687500000000
1 0.0307291666666667 0.9339843750000000 0.0552083333333333 0.0910156250000000
1 0.1354166666666667 0.9625000000000000 0.0375000000000000 0.0480468750000000
1 0.7723958333333333 0.8484375000000000 0.0385416666666667 0.0492187500000000
1 0.7276041666666667 0.8480468750000000 0.0390625000000000 0.0488281250000000
1 0.6843750000000000 0.8484375000000000 0.0390625000000000 0.0492187500000000
1 0.6411458333333333 0.8476562500000000 0.0421875000000000 0.0453125000000000
1 0.5901041666666667 0.8359375000000000 0.0359375000000000 0.0484375000000000
1 0.5505208333333333 0.8371093750000000 0.0364583333333333 0.0437500000000000
1 0.5083333333333333 0.8464843750000000 0.0390625000000000 0.0480468750000000
1 0.3796875000000000 0.8457031250000000 0.0401041666666667 0.0484375000000000
1 0.4213541666666666 0.8457031250000000 0.0411458333333333 0.0464843750000000
1 0.5848958333333333 0.9515625000000000 0.0343750000000000 0.0492187500000000
