1 0.2526041666666667 0.6238281250000000 0.0453125000000000 0.0835937500000000
1 0.3239583333333333 0.6179687500000000 0.0468750000000000 0.0773437500000000
1 0.3703125000000000 0.6128906250000000 0.0317708333333333 0.0902343750000000
1 0.4171875000000000 0.6082031250000000 0.0447916666666667 0.0796875000000000
1 0.4588541666666667 0.6011718750000000 0.0328125000000000 0.0871093750000000
1 0.7520833333333333 0.5789062500000000 0.0333333333333333 0.0726562500000000
1 0.5619791666666667 0.6000000000000000 0.0505208333333333 0.0800781250000000
1 0.6583333333333333 0.5859375000000000 0.0348958333333333 0.0746093750000000
1 0.7036458333333333 0.5859375000000000 0.0421875000000000 0.0687500000000000
1 0.2062500000000000 0.6269531250000000 0.0385416666666667 0.0839843750000000
1 0.5052083333333334 0.5980468750000000 0.0515625000000000 0.0765625000000000
1 0.6156250000000000 0.5921875000000000 0.0416666666666667 0.0746093750000000
1 0.5020833333333333 0.4964843750000000 0.0447916666666667 0.1007812500000000
1 0.8729166666666667 0.4777343750000000 0.0354166666666667 0.0804687500000000
1 0.8265625000000000 0.4800781250000000 0.0510416666666667 0.0851562500000000
1 0.7770833333333333 0.4863281250000000 0.0416666666666667 0.0875000000000000
1 0.7354166666666667 0.4875000000000000 0.0416666666666667 0.0851562500000000
1 0.6890625000000000 0.4886718750000000 0.0479166666666667 0.0781250000000000
1 0.6395833333333333 0.4875000000000000 0.0416666666666667 0.0875000000000000
1 0.5979166666666667 0.4925781250000000 0.0510416666666667 0.0910156250000000
1 0.5500000000000000 0.4937500000000000 0.0510416666666667 0.0957031250000000
1 0.4515625000000000 0.5023437500000000 0.0432291666666667 0.0914062500000000
1 0.4093750000000000 0.5015625000000000 0.0447916666666667 0.0925781250000000
1 0.3630208333333333 0.5054687500000000 0.0447916666666667 0.1117187500000000
1 0.3093750000000000 0.5046875000000000 0.0427083333333333 0.1007812500000000
1 0.7911458333333333 0.5781250000000000 0.0411458333333333 0.0675781250000000
1 0.9682291666666667 0.4875000000000000 0.0640625000000000 0.0468750000000000
1 0.8375000000000000 0.5757812500000000 0.0447916666666667 0.0742187500000000
1 0.2979166666666667 0.8605468750000000 0.0687500000000000 0.1222656250000000
1 0.9500000000000000 0.5671875000000000 0.0562500000000000 0.0636718750000000
1 0.9463541666666667 0.7789062500000000 0.0958333333333333 0.0492187500000000
1 0.8531250000000000 0.7761718750000000 0.0687500000000000 0.0996093750000000
1 0.7130208333333333 0.7972656250000000 0.0802083333333333 0.1031250000000000
1 0.6369791666666667 0.8042968750000000 0.0687500000000000 0.1152343750000000
1 0.5552083333333333 0.8238281250000000 0.0817708333333333 0.1460937500000000
1 0.4677083333333333 0.8363281250000000 0.0812500000000000 0.1210937500000000
1 0.3765625000000000 0.8480468750000000 0.0718750000000000 0.1308593750000000
1 0.2510416666666667 0.5089843750000000 0.0541666666666667 0.0968750000000000
1 0.2286458333333333 0.8714843750000000 0.0604166666666667 0.1417968750000000
1 0.1302083333333333 0.8972656250000000 0.1166666666666667 0.1183593750000000
1 0.8796875000000000 0.6574218750000000 0.0364583333333333 0.0757812500000000
1 0.8348958333333333 0.6656250000000000 0.0458333333333333 0.0695312500000000
1 0.7921875000000000 0.6738281250000000 0.0395833333333333 0.0839843750000000
1 0.8859375000000000 0.5707031250000000 0.0390625000000000 0.0695312500000000
1 0.7484375000000000 0.6804687500000000 0.0421875000000000 0.0781250000000000
1 0.6500000000000000 0.6882812500000000 0.0437500000000000 0.0722656250000000
1 0.6072916666666667 0.6925781250000000 0.0375000000000000 0.0828125000000000
1 0.5510416666666667 0.6988281250000000 0.0531250000000000 0.0789062500000000
1 0.4989583333333333 0.7078125000000000 0.0447916666666667 0.0828125000000000
1 0.4463541666666667 0.7128906250000000 0.0552083333333333 0.0804687500000000
1 0.3947916666666667 0.7093750000000000 0.0421875000000000 0.0851562500000000
1 0.3468750000000000 0.7199218750000000 0.0359375000000000 0.0730468750000000
1 0.2989583333333333 0.7210937500000000 0.0510416666666667 0.0894531250000000
1 0.2458333333333333 0.7226562500000000 0.0286458333333333 0.0710937500000000
1 0.1223958333333333 0.7441406250000000 0.0859375000000000 0.1371093750000000
1 0.0375000000000000 0.7480468750000000 0.0718750000000000 0.1339843750000000
1 0.9250000000000000 0.6578125000000000 0.0468750000000000 0.0734375000000000
1 0.9828125000000000 0.6417968750000000 0.0375000000000000 0.0554687500000000
1 0.6973958333333333 0.6824218750000000 0.0463541666666667 0.0738281250000000
1 0.2046875000000000 0.5109375000000000 0.0416666666666667 0.1031250000000000
1 0.9244791666666666 0.2941406250000000 0.0401041666666667 0.0441406250000000
1 0.0651041666666667 0.5878906250000000 0.0703125000000000 0.1308593750000000
1 0.7291666666666666 0.2644531250000000 0.0385416666666667 0.0921875000000000
1 0.6906250000000000 0.2621093750000000 0.0385416666666667 0.0875000000000000
1 0.6463541666666667 0.2601562500000000 0.0369791666666667 0.0914062500000000
1 0.5791666666666667 0.2523437500000000 0.0369791666666667 0.0968750000000000
1 0.5260416666666666 0.2570312500000000 0.0541666666666667 0.0949218750000000
1 0.4786458333333333 0.2527343750000000 0.0401041666666667 0.0886718750000000
1 0.4250000000000000 0.2523437500000000 0.0348958333333333 0.1042968750000000
1 0.3645833333333333 0.2523437500000000 0.0572916666666667 0.1066406250000000
1 0.3067708333333333 0.2503906250000000 0.0578125000000000 0.1152343750000000
1 0.2437500000000000 0.2488281250000000 0.0463541666666667 0.1164062500000000
1 0.1828125000000000 0.2542968750000000 0.0526041666666667 0.1031250000000000
1 0.0630208333333333 0.2628906250000000 0.0557291666666667 0.1355468750000000
1 0.9739583333333334 0.1761718750000000 0.0526041666666667 0.0480468750000000
1 0.7328125000000000 0.1527343750000000 0.0369791666666667 0.0777343750000000
1 0.6843750000000000 0.1519531250000000 0.0354166666666667 0.0863281250000000
1 0.6416666666666667 0.1519531250000000 0.0401041666666667 0.0863281250000000
1 0.5895833333333333 0.1437500000000000 0.0546875000000000 0.0886718750000000
1 0.5354166666666667 0.1425781250000000 0.0348958333333333 0.0886718750000000
1 0.4994791666666666 0.1351562500000000 0.0401041666666667 0.0863281250000000
1 0.4463541666666667 0.1378906250000000 0.0463541666666667 0.0835937500000000
1 0.3968750000000000 0.1214843750000000 0.0494791666666667 0.0972656250000000
1 0.3380208333333333 0.1199218750000000 0.0593750000000000 0.1078125000000000
1 0.2765625000000000 0.1226562500000000 0.0354166666666667 0.1042968750000000
1 0.2276041666666667 0.1203125000000000 0.0557291666666667 0.1183593750000000
1 0.1557291666666667 0.1144531250000000 0.0557291666666667 0.0968750000000000
1 0.0864583333333333 0.1015625000000000 0.0416666666666667 0.1199218750000000
1 0.0307291666666667 0.1078125000000000 0.0604166666666667 0.1007812500000000
1 0.7656250000000000 0.2636718750000000 0.0223958333333333 0.0863281250000000
1 0.7927083333333333 0.2644531250000000 0.0317708333333333 0.0875000000000000
1 0.8281250000000000 0.2593750000000000 0.0385416666666667 0.0902343750000000
1 0.8656250000000000 0.2601562500000000 0.0333333333333333 0.0863281250000000
1 0.9765625000000000 0.4125000000000000 0.0479166666666667 0.0601562500000000
1 0.9213541666666667 0.4148437500000000 0.0401041666666667 0.0554687500000000
1 0.9510416666666667 0.3484375000000000 0.0447916666666667 0.0492187500000000
1 0.8697916666666666 0.3738281250000000 0.0447916666666667 0.0792968750000000
1 0.8203125000000000 0.3726562500000000 0.0447916666666667 0.0863281250000000
1 0.7677083333333333 0.3757812500000000 0.0463541666666667 0.0851562500000000
1 0.7223958333333333 0.3726562500000000 0.0286458333333333 0.0816406250000000
1 0.6859375000000000 0.3734375000000000 0.0354166666666667 0.0945312500000000
1 0.6401041666666667 0.3722656250000000 0.0401041666666667 0.0968750000000000
1 0.5864583333333333 0.3781250000000000 0.0442708333333333 0.0902343750000000
1 0.5369791666666667 0.3765625000000000 0.0416666666666667 0.0960937500000000
1 0.4848958333333334 0.3800781250000000 0.0401041666666667 0.0890625000000000
1 0.4442708333333333 0.3804687500000000 0.0317708333333333 0.0902343750000000
1 0.1364583333333333 0.5855468750000000 0.0588541666666667 0.1308593750000000
1 0.9541666666666667 0.8355468750000000 0.0921875000000000 0.0285156250000000
1 0.8854166666666666 0.9070312500000000 0.0640625000000000 0.1140625000000000
1 0.4953125000000000 0.9574218750000000 0.0796875000000000 0.0851562500000000
1 0.5953125000000000 0.9519531250000000 0.0718750000000000 0.0984375000000000
1 0.6682291666666667 0.9472656250000000 0.0541666666666667 0.1031250000000000
1 0.7354166666666667 0.9304687500000000 0.0604166666666667 0.1007812500000000
1 0.8145833333333333 0.9164062500000000 0.0750000000000000 0.1136718750000000
1 0.9781250000000000 0.2898437500000000 0.0442708333333333 0.0527343750000000
1 0.3984375000000000 0.3859375000000000 0.0432291666666667 0.0957031250000000
1 0.3041666666666666 0.3851562500000000 0.0557291666666667 0.1066406250000000
1 0.2468750000000000 0.3839843750000000 0.0369791666666667 0.1042968750000000
1 0.1843750000000000 0.3847656250000000 0.0494791666666667 0.1031250000000000
1 0.0177083333333333 0.4257812500000000 0.0348958333333333 0.1320312500000000
1 0.0656250000000000 0.4308593750000000 0.0541666666666667 0.1183593750000000
1 0.9557291666666666 0.9195312500000000 0.0546875000000000 0.0550781250000000
1 0.9093750000000000 0.1625000000000000 0.0578125000000000 0.0875000000000000
