1 0.9113562091503268 0.3851102941176471 0.0277777777777778 0.0640318627450980
1 0.8329248366013072 0.2662377450980392 0.1572712418300654 0.0888480392156863
1 0.5257352941176471 0.2509191176470588 0.0334967320261438 0.0940563725490196
1 0.6437908496732027 0.2527573529411765 0.1548202614379085 0.0986519607843137
1 0.9517973856209150 0.3707107843137255 0.0453431372549020 0.0962009803921569
1 0.8799019607843137 0.3746936274509804 0.0302287581699346 0.0882352941176471
1 0.9889705882352942 0.3737745098039216 0.0236928104575163 0.0931372549019608
1 0.0241013071895425 0.7438725490196079 0.0473856209150327 0.0523897058823529
1 0.9342320261437909 0.4730392156862745 0.0334967320261438 0.0842524509803922
1 0.8059640522875817 0.4730392156862745 0.0388071895424837 0.0900735294117647
1 0.9256535947712419 0.2760416666666667 0.0241013071895425 0.0775122549019608
1 0.8941993464052288 0.4754901960784313 0.0437091503267974 0.0857843137254902
1 0.8488562091503268 0.4742647058823529 0.0465686274509804 0.0833333333333333
1 0.9379084967320261 0.6492034313725490 0.0351307189542484 0.0551470588235294
1 0.9816176470588235 0.6537990196078431 0.0383986928104575 0.0600490196078431
1 0.0245098039215686 0.7037377450980392 0.0490196078431373 0.0238970588235294
1 0.9726307189542484 0.4748774509803921 0.0408496732026144 0.0876225490196078
1 0.9513888888888888 0.2763480392156863 0.0257352941176471 0.0768995098039216
1 0.7585784313725490 0.3682598039215687 0.0322712418300654 0.0925245098039216
1 0.8419117647058824 0.3728553921568628 0.0408496732026144 0.0830269607843137
1 0.8958333333333334 0.6528799019607843 0.0482026143790850 0.0618872549019608
1 0.0616830065359477 0.3449754901960784 0.1233660130718954 0.0876225490196078
1 0.1499183006535948 0.3468137254901961 0.0502450980392157 0.0922181372549020
1 0.2054738562091503 0.3471200980392157 0.0575980392156863 0.0916053921568627
1 0.2875816993464052 0.3514093137254902 0.0531045751633987 0.0894607843137255
1 0.3378267973856209 0.3547794117647059 0.0473856209150327 0.0836397058823529
1 0.3884803921568628 0.3563112745098039 0.0339052287581699 0.0888480392156863
1 0.4309640522875817 0.3584558823529412 0.0433006535947712 0.0934436274509804
1 0.4709967320261438 0.3593750000000000 0.0367647058823529 0.0885416666666667
1 0.9844771241830066 0.2781862745098039 0.0322712418300654 0.0824142156862745
1 0.5171568627450981 0.3612132352941176 0.0420751633986928 0.0848651960784314
1 0.7920751633986928 0.6485906862745098 0.0461601307189543 0.0606617647058824
1 0.7418300653594772 0.6495098039215687 0.0457516339869281 0.0588235294117647
1 0.6740196078431373 0.6482843137254902 0.0923202614379085 0.0612745098039216
1 0.7647058823529411 0.4702818627450980 0.0441176470588235 0.0906862745098039
1 0.5857843137254902 0.3639705882352941 0.0428921568627451 0.0897671568627451
1 0.6307189542483660 0.3645833333333333 0.0433006535947712 0.0937500000000000
1 0.6764705882352942 0.3651960784313725 0.0416666666666667 0.0925245098039216
1 0.7214052287581699 0.3670343137254902 0.0412581699346405 0.0946691176470588
1 0.7998366013071896 0.3716299019607843 0.0388071895424837 0.0854779411764706
1 0.8431372549019608 0.6522671568627451 0.0465686274509804 0.0594362745098039
1 0.0759803921568627 0.7337622549019608 0.0567810457516340 0.0689338235294118
1 0.6768790849673203 0.4699754901960784 0.0453431372549020 0.0900735294117647
1 0.1323529411764706 0.7337622549019608 0.0571895424836601 0.0670955882352941
1 0.1413398692810457 0.8296568627450981 0.0351307189542484 0.0134803921568627
1 0.1723856209150327 0.8449754901960784 0.0343137254901961 0.0134803921568627
1 0.1756535947712418 0.8290441176470589 0.0318627450980392 0.0116421568627451
1 0.2091503267973856 0.8673406862745098 0.0506535947712418 0.0238970588235294
1 0.2071078431372549 0.8878676470588235 0.0465686274509804 0.0196078431372549
1 0.2581699346405229 0.8887867647058824 0.0506535947712418 0.0208333333333333
1 0.2598039215686275 0.8667279411764706 0.0514705882352941 0.0189950980392157
1 0.2169117647058824 0.8318014705882353 0.0469771241830065 0.0150122549019608
1 0.2638888888888889 0.8321078431372549 0.0433006535947712 0.0143995098039216
1 0.2675653594771242 0.8170955882352942 0.0441176470588235 0.0137867647058824
1 0.2226307189542484 0.8170955882352942 0.0396241830065359 0.0110294117647059
1 0.1348039215686274 0.8437500000000000 0.0400326797385621 0.0134803921568627
1 0.2287581699346405 0.8017769607843137 0.0437091503267974 0.0168504901960784
1 0.3643790849673202 0.8740808823529411 0.0457516339869281 0.0410539215686275
1 0.4133986928104575 0.8743872549019608 0.0498366013071895 0.0401348039215686
1 0.4660947712418301 0.8137254901960784 0.0420751633986928 0.0266544117647059
1 0.4677287581699346 0.8529411764705882 0.0469771241830065 0.0340073529411765
1 0.4669117647058824 0.8817401960784313 0.0486111111111111 0.0223651960784314
1 0.5098039215686274 0.7987132352941176 0.0445261437908497 0.0199142156862745
1 0.5122549019607843 0.8318014705882353 0.0482026143790850 0.0333946078431373
1 0.5126633986928104 0.8596813725490197 0.0433006535947712 0.0208333333333333
1 0.5126633986928104 0.8817401960784313 0.0428921568627451 0.0226715686274510
1 0.5575980392156863 0.8091299019607843 0.0424836601307190 0.0327818627450980
1 0.6021241830065359 0.8088235294117647 0.0428921568627451 0.0333946078431373
1 0.2732843137254902 0.8017769607843137 0.0486111111111111 0.0137867647058824
1 0.1062091503267974 0.8287377450980392 0.0322712418300654 0.0153186274509804
1 0.0951797385620915 0.8449754901960784 0.0347222222222222 0.0196078431372549
1 0.0723039215686275 0.8256740196078431 0.0318627450980392 0.0140931372549020
1 0.2990196078431372 0.7325367647058824 0.0588235294117647 0.0667892156862745
1 0.3541666666666667 0.7306985294117647 0.0535130718954248 0.0670955882352941
1 0.4064542483660131 0.7230392156862745 0.0473856209150327 0.0551470588235294
1 0.4587418300653595 0.7291666666666666 0.0526960784313725 0.0674019607843137
1 0.5138888888888888 0.7285539215686274 0.0567810457516340 0.0686274509803922
1 0.6560457516339869 0.7306985294117647 0.0453431372549020 0.0612745098039216
1 0.7022058823529411 0.7303921568627451 0.0473856209150327 0.0618872549019608
1 0.7504084967320261 0.7291666666666666 0.0445261437908497 0.0612745098039216
1 0.7961601307189542 0.7303921568627451 0.0461601307189543 0.0618872549019608
1 0.8439542483660131 0.7316176470588235 0.0449346405228758 0.0621936274509804
1 0.8892973856209150 0.7291666666666666 0.0437091503267974 0.0612745098039216
1 0.9440359477124183 0.7306985294117647 0.0531045751633987 0.0670955882352941
1 0.9861111111111112 0.7322303921568627 0.0269607843137255 0.0609681372549020
1 0.1151960784313725 0.8030024509803921 0.0420751633986928 0.0361519607843137
1 0.1830065359477124 0.8008578431372549 0.0375816993464052 0.0340073529411765
1 0.1523692810457516 0.7956495098039216 0.0249183006535948 0.0291053921568627
1 0.0130718954248366 0.8771446078431373 0.0265522875816993 0.0349264705882353
1 0.0433006535947712 0.8802083333333334 0.0343137254901961 0.0346200980392157
1 0.0800653594771242 0.8841911764705882 0.0396241830065359 0.0370710784313725
1 0.1233660130718954 0.8823529411764706 0.0424836601307190 0.0333946078431373
1 0.1646241830065359 0.8817401960784313 0.0416666666666667 0.0315563725490196
1 0.0245098039215686 0.8400735294117647 0.0416666666666667 0.0171568627450980
1 0.0343137254901961 0.8256740196078431 0.0400326797385621 0.0122549019607843
1 0.0416666666666667 0.8134191176470589 0.0383986928104575 0.0122549019607843
1 0.0625000000000000 0.8400735294117647 0.0310457516339869 0.0134803921568627
1 0.5637254901960784 0.8602941176470589 0.0461601307189543 0.0346200980392157
1 0.6119281045751634 0.8602941176470589 0.0482026143790850 0.0315563725490196
1 0.5633169934640523 0.8890931372549019 0.0473856209150327 0.0229779411764706
1 0.6107026143790850 0.8878676470588235 0.0461601307189543 0.0229779411764706
1 0.6368464052287581 0.5609681372549019 0.0392156862745098 0.0765931372549020
1 0.5996732026143791 0.5625000000000000 0.0355392156862745 0.0765931372549020
1 0.5612745098039216 0.5628063725490197 0.0392156862745098 0.0790441176470588
1 0.5187908496732027 0.5643382352941176 0.0473856209150327 0.0790441176470588
1 0.3100490196078431 0.5621936274509803 0.0408496732026144 0.0799632352941176
1 0.2622549019607843 0.5575980392156863 0.0400326797385621 0.0830269607843137
1 0.2165032679738562 0.5569852941176471 0.0522875816993464 0.0842524509803922
1 0.1654411764705882 0.5582107843137255 0.0563725490196078 0.0848651960784314
1 0.1168300653594771 0.5585171568627451 0.0388071895424837 0.0811887254901961
1 0.0731209150326797 0.5594362745098039 0.0498366013071895 0.0793504901960784
1 0.0245098039215686 0.5646446078431373 0.0453431372549020 0.0658700980392157
1 0.0110294117647059 0.4473039215686275 0.0224673202614379 0.0986519607843137
1 0.0449346405228758 0.4497549019607843 0.0408496732026144 0.0943627450980392
1 0.1070261437908497 0.4515931372549020 0.0424836601307190 0.0928308823529412
1 0.1511437908496732 0.4534313725490196 0.0461601307189543 0.0931372549019608
1 0.2013888888888889 0.4558823529411765 0.0433006535947712 0.0919117647058824
1 0.2487745098039216 0.4647671568627451 0.0453431372549020 0.0827205882352941
1 0.2875816993464052 0.4601715686274510 0.0449346405228758 0.0885416666666667
1 0.3492647058823529 0.4604779411764706 0.0747549019607843 0.1256127450980392
1 0.4154411764705883 0.4626225490196079 0.0522875816993464 0.0876225490196078
1 0.4640522875816994 0.4632352941176471 0.0433006535947712 0.0888480392156863
1 0.5081699346405228 0.4638480392156863 0.0502450980392157 0.0900735294117647
1 0.5563725490196079 0.4669117647058824 0.0441176470588235 0.0870098039215686
1 0.5992647058823529 0.4632352941176471 0.0330882352941176 0.0946691176470588
1 0.6348039215686274 0.4653799019607843 0.0388071895424837 0.0900735294117647
1 0.6715686274509803 0.5600490196078431 0.0306372549019608 0.0781250000000000
1 0.7218137254901961 0.4715073529411765 0.0408496732026144 0.0873161764705882
1 0.7165032679738562 0.5658700980392157 0.0433006535947712 0.0790441176470588
1 0.7998366013071896 0.5664828431372549 0.0424836601307190 0.0833333333333333
1 0.6544117647058824 0.8002450980392157 0.0535130718954248 0.0382965686274510
1 0.7042483660130719 0.7993259803921569 0.0428921568627451 0.0392156862745098
1 0.7585784313725490 0.8155637254901961 0.0563725490196078 0.0382965686274510
1 0.7581699346405228 0.7858455882352942 0.0522875816993464 0.0186887254901961
1 0.6601307189542484 0.8483455882352942 0.0473856209150327 0.0242034313725490
1 0.7116013071895425 0.8486519607843137 0.0453431372549020 0.0248161764705882
1 0.7622549019607843 0.8501838235294118 0.0445261437908497 0.0272671568627451
1 0.6580882352941176 0.8783700980392157 0.0453431372549020 0.0324754901960784
1 0.7071078431372549 0.8780637254901961 0.0494281045751634 0.0300245098039216
1 0.7565359477124183 0.8786764705882353 0.0477941176470588 0.0257352941176471
1 0.8084150326797386 0.8618259803921569 0.0408496732026144 0.0223651960784314
1 0.8406862745098039 0.8302696078431373 0.0469771241830065 0.0180759803921569
1 0.5821078431372549 0.6498161764705882 0.0870098039215686 0.0582107843137255
1 0.4934640522875817 0.6501225490196079 0.0898692810457516 0.0588235294117647
1 0.4166666666666667 0.6501225490196079 0.0637254901960784 0.0575980392156863
1 0.3533496732026144 0.6348039215686274 0.0502450980392157 0.0343137254901961
1 0.2287581699346405 0.6476715686274510 0.0686274509803922 0.0625000000000000
1 0.1613562091503268 0.6482843137254902 0.0686274509803922 0.0551470588235294
1 0.0931372549019608 0.6504289215686274 0.0698529411764706 0.0631127450980392
1 0.0298202614379085 0.6495098039215687 0.0567810457516340 0.0637254901960784
1 0.9571078431372549 0.5937500000000000 0.0857843137254902 0.0281862745098039
1 0.9595588235294118 0.5600490196078431 0.0800653594771242 0.0373774509803922
1 0.4942810457516340 0.2506127450980392 0.0290032679738562 0.0912990196078431
1 0.8799019607843137 0.5664828431372549 0.0383986928104575 0.0836397058823529
1 0.8415032679738562 0.5661764705882353 0.0371732026143791 0.0811887254901961
1 0.7557189542483660 0.5643382352941176 0.0343137254901961 0.0790441176470588
1 0.4587418300653595 0.2521446078431372 0.0404411764705882 0.0888480392156863
1 0.1879084967320261 0.7337622549019608 0.0522875816993464 0.0643382352941176
1 0.3472222222222222 0.2411151960784314 0.0433006535947712 0.0934436274509804
1 0.5837418300653595 0.1262254901960784 0.0392156862745098 0.1050857843137255
1 0.4109477124183006 0.2484681372549020 0.0424836601307190 0.0867034313725490
1 0.4938725490196079 0.1213235294117647 0.0400326797385621 0.1029411764705882
1 0.4497549019607843 0.1179534313725490 0.0465686274509804 0.1066176470588235
1 0.4060457516339869 0.1155024509803922 0.0400326797385621 0.1053921568627451
1 0.3525326797385621 0.1446078431372549 0.0649509803921569 0.0438112745098039
1 0.3504901960784313 0.0989583333333333 0.0690359477124183 0.0493259803921569
1 0.2855392156862745 0.1041666666666667 0.0571895424836601 0.1032475490196078
1 0.2352941176470588 0.1056985294117647 0.0383986928104575 0.0965073529411765
1 0.1903594771241830 0.0974264705882353 0.0506535947712418 0.1093750000000000
1 0.9133986928104575 0.7855392156862745 0.0445261437908497 0.0156250000000000
1 0.1356209150326797 0.0946691176470588 0.0584150326797386 0.1102941176470588
1 0.0821078431372549 0.0937500000000000 0.0522875816993464 0.1087622549019608
1 0.0306372549019608 0.0900735294117647 0.0531045751633987 0.1099877450980392
1 0.2418300653594771 0.7331495098039216 0.0551470588235294 0.0652573529411765
1 0.8231209150326797 0.8125000000000000 0.0445261437908497 0.0168504901960784
1 0.8129084967320261 0.7971813725490197 0.0441176470588235 0.0134803921568627
1 0.8018790849673203 0.8348651960784313 0.0302287581699346 0.0186887254901961
1 0.8047385620915033 0.8817401960784313 0.0400326797385621 0.0174632352941176
1 0.8492647058823529 0.8823529411764706 0.0420751633986928 0.0180759803921569
1 0.8700980392156863 0.7858455882352942 0.0318627450980392 0.0153186274509804
1 0.6274509803921569 0.1292892156862745 0.0453431372549020 0.1053921568627451
1 0.6703431372549019 0.1311274509803922 0.0412581699346405 0.1047794117647059
1 0.5392156862745098 0.1240808823529412 0.0465686274509804 0.1032475490196078
1 0.8897058823529411 0.8048406862745098 0.0388071895424837 0.0168504901960784
1 0.3116830065359477 0.2426470588235294 0.0294117647058824 0.0894607843137255
1 0.2818627450980392 0.2411151960784314 0.0322712418300654 0.0879289215686275
1 0.2495915032679739 0.2389705882352941 0.0326797385620915 0.0897671568627451
1 0.1580882352941176 0.2454044117647059 0.0269607843137255 0.0655637254901961
1 0.1977124183006536 0.2340686274509804 0.0449346405228758 0.1035539215686275
1 0.0980392156862745 0.2337622549019608 0.0477941176470588 0.0885416666666667
1 0.0371732026143791 0.2279411764705882 0.0400326797385621 0.0909926470588235
1 0.7156862745098039 0.1424632352941176 0.0445261437908497 0.0879289215686275
1 0.9236111111111112 0.1547181372549020 0.0363562091503268 0.0818014705882353
1 0.8794934640522876 0.1427696078431372 0.0506535947712418 0.1011029411764706
1 0.9763071895424836 0.1596200980392157 0.0400326797385621 0.0778186274509804
1 0.7982026143790850 0.1409313725490196 0.0482026143790850 0.0940563725490196
1 0.9362745098039216 0.8042279411764706 0.0441176470588235 0.0183823529411765
1 0.9117647058823529 0.8281250000000000 0.0498366013071895 0.0232843137254902
1 0.9603758169934641 0.8268995098039216 0.0445261437908497 0.0220588235294118
1 0.8472222222222222 0.8498774509803921 0.0339052287581699 0.0186887254901961
1 0.8374183006535948 0.1415441176470588 0.0334967320261438 0.0958946078431373
1 0.9170751633986928 0.8639705882352942 0.0412581699346405 0.0214460784313725
1 0.9611928104575164 0.8645833333333334 0.0388071895424837 0.0199142156862745
1 0.9191176470588235 0.8860294117647058 0.0412581699346405 0.0199142156862745
1 0.9591503267973857 0.8848039215686274 0.0392156862745098 0.0193014705882353
1 0.7561274509803921 0.1449142156862745 0.0334967320261438 0.0860906862745098
