1 0.1372549019607843 0.7288602941176471 0.0698529411764706 0.0431985294117647
1 0.1266339869281046 0.5015318627450981 0.0310457516339869 0.0885416666666667
1 0.1552287581699346 0.5000000000000000 0.0277777777777778 0.0827205882352941
1 0.1870915032679739 0.4990808823529412 0.0363562091503268 0.0857843137254902
1 0.2193627450980392 0.5003063725490197 0.0285947712418301 0.0867034313725490
1 0.2516339869281046 0.4990808823529412 0.0334967320261438 0.0906862745098039
1 0.2855392156862745 0.4972426470588235 0.0322712418300654 0.0879289215686275
1 0.9391339869281046 0.2123161764705882 0.0486111111111111 0.1191789215686275
1 0.0931372549019608 0.5027573529411765 0.0351307189542484 0.0867034313725490
1 0.6642156862745098 0.2236519607843137 0.0555555555555556 0.1188725490196078
1 0.4522058823529412 0.2316176470588235 0.0498366013071895 0.1130514705882353
1 0.3966503267973856 0.2325367647058824 0.0629084967320261 0.1109068627450980
1 0.3402777777777778 0.2328431372549020 0.0486111111111111 0.1127450980392157
1 0.2839052287581699 0.2319240196078431 0.0637254901960784 0.1145833333333333
1 0.2308006535947713 0.2352941176470588 0.0437091503267974 0.1200980392156863
1 0.1789215686274510 0.2392769607843137 0.0616830065359477 0.1112132352941176
1 0.1250000000000000 0.2426470588235294 0.0408496732026144 0.1112132352941176
1 0.6074346405228758 0.2233455882352941 0.0555555555555556 0.1197916666666667
1 0.0580065359477124 0.5012254901960784 0.0326797385620915 0.0830269607843137
1 0.0236928104575163 0.5042892156862745 0.0351307189542484 0.0845588235294118
1 0.9812091503267973 0.6207107843137255 0.0343137254901961 0.0401348039215686
1 0.3284313725490196 0.5891544117647058 0.0665849673202614 0.0438112745098039
1 0.3954248366013072 0.5870098039215687 0.0682189542483660 0.0389093137254902
1 0.4599673202614379 0.5839460784313726 0.0625000000000000 0.0447303921568627
1 0.5253267973856209 0.5827205882352942 0.0641339869281046 0.0425857843137255
1 0.5898692810457516 0.5818014705882353 0.0649509803921569 0.0431985294117647
1 0.6576797385620915 0.5799632352941176 0.0686274509803922 0.0456495098039216
1 0.7258986928104575 0.5790441176470589 0.0674019607843137 0.0468750000000000
1 0.7953431372549019 0.5775122549019608 0.0706699346405229 0.0413602941176471
1 0.8631535947712419 0.5762867647058824 0.0649509803921569 0.0435049019607843
1 0.9289215686274510 0.5741421568627451 0.0625000000000000 0.0407475490196078
1 0.9812091503267973 0.5738357843137255 0.0371732026143791 0.0435049019607843
1 0.5249183006535948 0.6302083333333334 0.0686274509803922 0.0474877450980392
1 0.5931372549019608 0.6283700980392157 0.0674019607843137 0.0438112745098039
1 0.6584967320261438 0.6268382352941176 0.0665849673202614 0.0456495098039216
1 0.7258986928104575 0.6253063725490197 0.0674019607843137 0.0431985294117647
1 0.7945261437908496 0.6246936274509803 0.0690359477124183 0.0438112745098039
1 0.8643790849673203 0.6228553921568627 0.0686274509803922 0.0431985294117647
1 0.0718954248366013 0.2426470588235294 0.0608660130718954 0.1118259803921569
1 0.4603758169934640 0.6338848039215687 0.0588235294117647 0.0447303921568627
1 0.0216503267973856 0.2429534313725490 0.0392156862745098 0.1142769607843137
1 0.8856209150326797 0.2117034313725490 0.0580065359477124 0.1210171568627451
1 0.8386437908496732 0.4773284313725490 0.0314542483660131 0.0922181372549020
1 0.8051470588235294 0.4782475490196079 0.0355392156862745 0.0903799019607843
1 0.7720588235294118 0.4800857843137255 0.0326797385620915 0.0931372549019608
1 0.7385620915032680 0.4813112745098039 0.0265522875816993 0.0891544117647059
1 0.7062908496732027 0.4825367647058824 0.0375816993464052 0.0906862745098039
1 0.6727941176470589 0.4840686274509804 0.0285947712418301 0.0860906862745098
1 0.7160947712418301 0.2236519607843137 0.0498366013071895 0.1179534313725490
1 0.8717320261437909 0.4757965686274510 0.0347222222222222 0.0885416666666667
1 0.6417483660130719 0.4856004901960784 0.0339052287581699 0.0894607843137255
1 0.5739379084967320 0.4862132352941176 0.0306372549019608 0.0885416666666667
1 0.5420751633986928 0.4889705882352941 0.0306372549019608 0.0839460784313725
1 0.5130718954248366 0.4892769607843137 0.0290032679738562 0.0851715686274510
1 0.4799836601307190 0.4895833333333333 0.0383986928104575 0.0824142156862745
1 0.4460784313725490 0.4908088235294117 0.0298202614379085 0.0833333333333333
1 0.4084967320261438 0.4901960784313725 0.0420751633986928 0.0830269607843137
1 0.3198529411764706 0.4993872549019608 0.0367647058823529 0.0867034313725490
1 0.6070261437908496 0.4859068627450980 0.0339052287581699 0.0876225490196078
1 0.9064542483660131 0.4767156862745098 0.0326797385620915 0.0842524509803922
1 0.9432189542483660 0.4761029411764706 0.0375816993464052 0.0854779411764706
1 0.9791666666666666 0.4751838235294117 0.0347222222222222 0.0879289215686275
1 0.8276143790849673 0.2162990196078431 0.0416666666666667 0.1246936274509804
1 0.7769607843137255 0.2208946078431372 0.0665849673202614 0.1124387254901961
1 0.8909313725490197 0.3486519607843137 0.0600490196078431 0.1106004901960784
1 0.8337418300653595 0.3511029411764706 0.0482026143790850 0.1197916666666667
1 0.7822712418300654 0.3532475490196079 0.0531045751633987 0.1158088235294118
1 0.7242647058823529 0.3563112745098039 0.0453431372549020 0.1176470588235294
1 0.6678921568627451 0.3556985294117647 0.0669934640522876 0.1179534313725490
1 0.6115196078431373 0.3563112745098039 0.0473856209150327 0.1176470588235294
1 0.4542483660130719 0.3648897058823529 0.0424836601307190 0.1118259803921569
1 0.4048202614379085 0.3458946078431372 0.0465686274509804 0.0710784313725490
1 0.3435457516339869 0.3553921568627451 0.0392156862745098 0.0854779411764706
1 0.3010620915032680 0.3704044117647059 0.0453431372549020 0.1155024509803922
1 0.2467320261437909 0.3740808823529412 0.0596405228758170 0.1072303921568627
1 0.1911764705882353 0.3725490196078431 0.0494281045751634 0.1118259803921569
1 0.1364379084967320 0.3756127450980392 0.0433006535947712 0.1142769607843137
1 0.0866013071895425 0.3777573529411765 0.0571895424836601 0.1093750000000000
1 0.0314542483660131 0.3771446078431372 0.0539215686274510 0.1099877450980392
1 0.9436274509803921 0.3462009803921569 0.0461601307189543 0.1099877450980392
1 0.3974673202614379 0.6335784313725490 0.0641339869281046 0.0435049019607843
1 0.9321895424836601 0.6222426470588235 0.0629084967320261 0.0428921568627451
1 0.2581699346405229 0.5943627450980392 0.0653594771241830 0.0395220588235294
1 0.5543300653594772 0.7156862745098039 0.0665849673202614 0.0471813725490196
1 0.4836601307189543 0.7147671568627451 0.0714869281045752 0.0487132352941176
1 0.5522875816993464 0.7643995098039216 0.0612745098039216 0.0453431372549020
1 0.4873366013071895 0.7665441176470589 0.0674019607843137 0.0425857843137255
1 0.5571895424836601 0.8097426470588235 0.0608660130718954 0.0413602941176471
1 0.4906045751633987 0.8103553921568627 0.0710784313725490 0.0404411764705882
1 0.5600490196078431 0.8560049019607843 0.0661764705882353 0.0447303921568627
1 0.4910130718954248 0.8569240196078431 0.0702614379084967 0.0444240196078431
1 0.0612745098039216 0.5986519607843137 0.0633169934640523 0.0410539215686275
1 0.0674019607843137 0.6436887254901961 0.0674019607843137 0.0438112745098039
1 0.1331699346405229 0.6427696078431373 0.0616830065359477 0.0444240196078431
1 0.4191176470588235 0.8578431372549019 0.0620915032679739 0.0428921568627451
1 0.3549836601307190 0.8596813725490197 0.0669934640522876 0.0465686274509804
1 0.1977124183006536 0.6418504901960784 0.0657679738562092 0.0435049019607843
1 0.2630718954248366 0.6409313725490197 0.0641339869281046 0.0471813725490196
1 0.6217320261437909 0.7144607843137255 0.0674019607843137 0.0444240196078431
1 0.9689542483660131 0.8486519607843137 0.0555555555555556 0.0453431372549020
1 0.6290849673202614 0.8575367647058824 0.0682189542483660 0.0398284313725490
1 0.7675653594771242 0.8569240196078431 0.0633169934640523 0.0435049019607843
1 0.9080882352941176 0.8504901960784313 0.0669934640522876 0.0404411764705882
1 0.9677287581699346 0.8033088235294118 0.0580065359477124 0.0453431372549020
1 0.9064542483660131 0.8014705882352942 0.0637254901960784 0.0438112745098039
1 0.9697712418300654 0.7049632352941176 0.0600490196078431 0.0499387254901961
1 0.9701797385620915 0.7536764705882353 0.0604575163398693 0.0477941176470588
1 0.9060457516339869 0.7542892156862745 0.0641339869281046 0.0444240196078431
1 0.8378267973856209 0.8526348039215687 0.0653594771241830 0.0382965686274510
1 0.8366013071895425 0.8094362745098039 0.0653594771241830 0.0471813725490196
1 0.8349673202614379 0.7625612745098039 0.0641339869281046 0.0435049019607843
1 0.7647058823529411 0.7613357843137255 0.0657679738562092 0.0444240196078431
1 0.6960784313725490 0.7598039215686274 0.0645424836601307 0.0462622549019608
1 0.6258169934640523 0.7616421568627451 0.0718954248366013 0.0450367647058824
1 0.7667483660130719 0.8100490196078431 0.0649509803921569 0.0419730392156863
1 0.6977124183006536 0.8091299019607843 0.0674019607843137 0.0450367647058824
1 0.6286764705882353 0.8088235294117647 0.0690359477124183 0.0441176470588235
1 0.6989379084967320 0.8572303921568627 0.0706699346405229 0.0416666666666667
1 0.3333333333333333 0.6363357843137255 0.0661764705882353 0.0477941176470588
1 0.1335784313725490 0.5949754901960784 0.0743464052287582 0.0447303921568627
1 0.2830882352941176 0.8155637254901961 0.0571895424836601 0.0462622549019608
1 0.2875816993464052 0.8615196078431373 0.0661764705882353 0.0419730392156863
1 0.0780228758169935 0.7735906862745098 0.0616830065359477 0.0428921568627451
1 0.0204248366013072 0.7742034313725490 0.0408496732026144 0.0438112745098039
1 0.1409313725490196 0.7745098039215687 0.0526960784313725 0.0352328431372549
1 0.2075163398692811 0.7720588235294118 0.0714869281045752 0.0386029411764706
1 0.2144607843137255 0.8164828431372549 0.0686274509803922 0.0407475490196078
1 0.1450163398692811 0.8167892156862745 0.0629084967320261 0.0413602941176471
1 0.0792483660130719 0.8189338235294118 0.0674019607843137 0.0386029411764706
1 0.0665849673202614 0.7264093137254902 0.0637254901960784 0.0379901960784314
1 0.0204248366013072 0.8216911764705882 0.0379901960784314 0.0413602941176471
1 0.0171568627450980 0.7248774509803921 0.0343137254901961 0.0422794117647059
1 0.0857843137254902 0.8645833333333334 0.0686274509803922 0.0456495098039216
1 0.1495098039215686 0.8651960784313726 0.0575980392156863 0.0456495098039216
1 0.2173202614379085 0.8624387254901961 0.0678104575163399 0.0428921568627451
1 0.2834967320261438 0.7169117647058824 0.0710784313725490 0.0419730392156863
1 0.2794117647058824 0.7699142156862745 0.0698529411764706 0.0401348039215686
1 0.3484477124183006 0.7659313725490197 0.0678104575163399 0.0484068627450980
1 0.4158496732026144 0.7640931372549019 0.0649509803921569 0.0428921568627451
1 0.4199346405228758 0.8106617647058824 0.0633169934640523 0.0444240196078431
1 0.3492647058823529 0.8125000000000000 0.0674019607843137 0.0422794117647059
1 0.0228758169934641 0.8661151960784313 0.0424836601307190 0.0447303921568627
