1 0.3938356164383562 0.3737980769230769 0.0663527397260274 0.0237980769230769
1 0.1904965753424658 0.3492788461538461 0.0693493150684932 0.0728365384615385
1 0.4751712328767123 0.8564903846153846 0.0749143835616438 0.0776442307692308
1 0.2654109589041096 0.3781250000000000 0.0740582191780822 0.0204326923076923
1 0.3797089041095890 0.8516826923076923 0.0676369863013699 0.0733173076923077
1 0.2872431506849315 0.8475961538461538 0.0963184931506849 0.0814903846153846
1 0.5552226027397260 0.8550480769230769 0.0684931506849315 0.0906250000000000
1 0.6502568493150684 0.8545673076923077 0.0834760273972603 0.0786057692307692
1 0.7517123287671232 0.8810096153846154 0.0171232876712329 0.0259615384615385
1 0.7298801369863014 0.8814903846153846 0.0248287671232877 0.0283653846153846
1 0.2037671232876712 0.8560096153846154 0.0445205479452055 0.0574519230769231
1 0.7782534246575342 0.8728365384615384 0.0359589041095890 0.0408653846153846
1 0.8112157534246576 0.8764423076923077 0.0295376712328767 0.0480769230769231
1 0.8377568493150684 0.8884615384615384 0.0231164383561644 0.0240384615384615
1 0.8630136986301370 0.8908653846153847 0.0308219178082192 0.0288461538461538
1 0.9443493150684932 0.8634615384615385 0.1121575342465753 0.0762019230769231
1 0.7059075342465754 0.8800480769230770 0.0239726027397260 0.0312500000000000
1 0.1562500000000000 0.8555288461538462 0.0522260273972603 0.0588942307692308
1 0.0201198630136986 0.7329326923076923 0.0359589041095890 0.0704326923076923
1 0.0543664383561644 0.8516826923076923 0.0573630136986301 0.0704326923076923
1 0.3287671232876712 0.3456730769230769 0.0475171232876712 0.0293269230769231
1 0.3313356164383562 0.3733173076923077 0.0483732876712329 0.0274038461538462
1 0.2611301369863014 0.3201923076923077 0.0783390410958904 0.0192307692307692
1 0.2662671232876712 0.3396634615384616 0.0757705479452055 0.0199519230769231
1 0.3484589041095890 0.6596153846153846 0.0736301369863014 0.0139423076923077
1 0.3197773972602740 0.5242788461538461 0.0376712328767123 0.0127403846153846
1 0.3163527397260274 0.5079326923076923 0.0398116438356164 0.0161057692307692
1 0.2564212328767123 0.5307692307692308 0.0646404109589041 0.0209134615384615
1 0.2581335616438356 0.5088942307692308 0.0676369863013699 0.0225961538461538
1 0.2589897260273973 0.4829326923076923 0.0736301369863014 0.0262019230769231
1 0.1887842465753425 0.5002403846153847 0.0577910958904110 0.0824519230769231
1 0.1309931506849315 0.5120192307692307 0.0363869863013699 0.0600961538461538
1 0.0796232876712329 0.5165865384615385 0.0398116438356164 0.0524038461538462
1 0.0308219178082192 0.5175480769230769 0.0577910958904110 0.0471153846153846
1 0.0535102739726027 0.3471153846153846 0.0560787671232877 0.0733173076923077
1 0.1194349315068493 0.3483173076923077 0.0560787671232877 0.0733173076923077
1 0.2666952054794521 0.3586538461538462 0.0766267123287671 0.0194711538461538
1 0.1065924657534247 0.8564903846153846 0.0466609589041096 0.0612980769230769
1 0.0714897260273973 0.7509615384615385 0.0749143835616438 0.0564903846153846
1 0.3505993150684932 0.6382211538461539 0.0676369863013699 0.0276442307692308
1 0.1947773972602740 0.7495192307692308 0.0522260273972603 0.0737980769230769
1 0.1519691780821918 0.6451923076923077 0.0607876712328767 0.0411057692307692
1 0.1108732876712329 0.6000000000000000 0.0680650684931507 0.0322115384615385
1 0.0796232876712329 0.6418269230769231 0.0612157534246575 0.0415865384615385
1 0.7388698630136986 0.1225961538461538 0.1031678082191781 0.0680288461538461
1 0.8750000000000000 0.1182692307692308 0.1523972602739726 0.0737980769230769
1 0.0239726027397260 0.2514423076923077 0.0440924657534247 0.0786057692307692
1 0.1412671232876712 0.7560096153846154 0.0565068493150685 0.0612980769230769
1 0.1061643835616438 0.2675480769230769 0.0629280821917808 0.0408653846153846
1 0.9486301369863014 0.7617788461538462 0.1035958904109589 0.0540865384615385
1 0.8497431506849316 0.7634615384615384 0.0941780821917808 0.0497596153846154
1 0.7500000000000000 0.7814903846153847 0.1018835616438356 0.0379807692307692
1 0.7495719178082192 0.7302884615384615 0.0984589041095890 0.0627403846153846
1 0.6451198630136986 0.7774038461538462 0.0928938356164384 0.0298076923076923
1 0.1780821917808219 0.2713942307692307 0.0449486301369863 0.0370192307692308
1 0.2277397260273973 0.2560096153846154 0.0372431506849315 0.0706730769230769
1 0.2636986301369863 0.2560096153846154 0.0316780821917808 0.0680288461538461
1 0.3005136986301370 0.2545673076923077 0.0423801369863014 0.0677884615384615
1 0.3407534246575342 0.2540865384615384 0.0329623287671233 0.0673076923076923
1 0.3848458904109589 0.2504807692307692 0.0526541095890411 0.0766826923076923
1 0.4392123287671233 0.2492788461538462 0.0496575342465753 0.0766826923076923
1 0.4965753424657534 0.2456730769230769 0.0539383561643836 0.0887019230769231
1 0.5672089041095890 0.2353365384615385 0.0714897260273973 0.1137019230769231
1 0.6446917808219178 0.2358173076923077 0.0809075342465753 0.1132211538461538
1 0.2144691780821918 0.6447115384615385 0.0659246575342466 0.0411057692307692
1 0.7217465753424658 0.2341346153846154 0.0727739726027397 0.1112980769230769
1 0.6074486301369864 0.1225961538461538 0.1434075342465753 0.0701923076923077
1 0.3052226027397260 0.1278846153846154 0.1404109589041096 0.0663461538461538
1 0.2821061643835616 0.6430288461538461 0.0560787671232877 0.0391826923076923
1 0.3407534246575342 0.5927884615384615 0.0539383561643836 0.0201923076923077
1 0.4259417808219178 0.5802884615384616 0.0749143835616438 0.0264423076923077
1 0.4182363013698630 0.6064903846153846 0.0894691780821918 0.0259615384615385
1 0.4357876712328767 0.6283653846153846 0.0903253424657534 0.0144230769230769
1 0.4315068493150685 0.6461538461538462 0.0971746575342466 0.0165865384615385
1 0.4285102739726027 0.6639423076923077 0.0971746575342466 0.0139423076923077
1 0.5261130136986302 0.6603365384615385 0.0916095890410959 0.0187500000000000
1 0.5299657534246576 0.6375000000000000 0.0976027397260274 0.0266826923076923
1 0.5231164383561644 0.6129807692307693 0.0813356164383562 0.0211538461538462
1 0.5205479452054794 0.5927884615384615 0.0864726027397260 0.0182692307692308
1 0.5192636986301370 0.5725961538461538 0.0864726027397260 0.0177884615384615
1 0.5946061643835616 0.6288461538461538 0.0488013698630137 0.0757211538461538
1 0.6404109589041096 0.6278846153846154 0.0380993150684932 0.0858173076923077
1 0.6857876712328768 0.6266826923076924 0.0479452054794521 0.0915865384615385
1 0.7482876712328768 0.6266826923076924 0.0530821917808219 0.0882211538461539
1 0.8142123287671232 0.6283653846153846 0.0654965753424658 0.0834134615384615
1 0.8732876712328768 0.6336538461538461 0.0513698630136986 0.0925480769230769
1 0.9477739726027398 0.6709134615384615 0.0980308219178082 0.0225961538461538
1 0.9563356164383562 0.6459134615384615 0.0809075342465753 0.0266826923076923
1 0.9567636986301370 0.6112980769230769 0.0817636986301370 0.0437500000000000
1 0.0582191780821918 0.1305288461538462 0.1083047945205479 0.0646634615384615
1 0.1763698630136986 0.1262019230769231 0.1142979452054795 0.0656250000000000
1 0.4554794520547945 0.1228365384615385 0.1511130136986301 0.0730769230769231
1 0.8026541095890410 0.2348557692307692 0.0847602739726027 0.1081730769230769
1 0.0620719178082192 0.2516826923076923 0.0171232876712329 0.0670673076923077
1 0.9640410958904110 0.2341346153846154 0.0616438356164384 0.1062500000000000
1 0.8775684931506850 0.2281250000000000 0.0603595890410959 0.1064903846153846
1 0.5410958904109590 0.5134615384615384 0.0321061643835616 0.0653846153846154
1 0.5034246575342466 0.5127403846153846 0.0333904109589041 0.0615384615384615
1 0.4678938356164384 0.5125000000000000 0.0393835616438356 0.0637019230769231
1 0.4263698630136986 0.5362980769230770 0.0410958904109589 0.0127403846153846
1 0.4259417808219178 0.5235576923076923 0.0363869863013699 0.0137019230769231
1 0.4229452054794521 0.5110576923076923 0.0389554794520548 0.0125000000000000
1 0.4229452054794521 0.4954326923076923 0.0428082191780822 0.0173076923076923
1 0.3702910958904110 0.5300480769230769 0.0406678082191781 0.0218750000000000
1 0.3214897260273973 0.5365384615384615 0.0368150684931507 0.0132211538461538
1 0.5458047945205480 0.3593750000000000 0.0800513698630137 0.0206730769230769
1 0.5809075342465754 0.5144230769230769 0.0428082191780822 0.0625000000000000
1 0.5479452054794520 0.3790865384615384 0.0757705479452055 0.0199519230769231
1 0.6494006849315068 0.7298076923076923 0.0903253424657534 0.0569711538461538
1 0.5458047945205480 0.7668269230769231 0.0924657534246575 0.0134615384615385
1 0.5522260273972602 0.7492788461538461 0.0958904109589041 0.0213942307692308
1 0.5496575342465754 0.7192307692307692 0.1044520547945205 0.0379807692307692
1 0.4447773972602740 0.7182692307692308 0.0834760273972603 0.0336538461538462
1 0.4392123287671233 0.7466346153846154 0.0971746575342466 0.0194711538461538
1 0.4430650684931507 0.7658653846153847 0.1040239726027397 0.0197115384615385
1 0.4494863013698630 0.7826923076923077 0.1005993150684932 0.0125000000000000
1 0.3711472602739726 0.7466346153846154 0.0505136986301370 0.0858173076923077
1 0.2906678082191781 0.7391826923076923 0.0475171232876712 0.0992788461538461
1 0.2431506849315068 0.7512019230769231 0.0462328767123288 0.0757211538461538
1 0.4708904109589041 0.3752403846153846 0.0749143835616438 0.0242788461538462
1 0.6245719178082192 0.5132211538461539 0.0402397260273973 0.0627403846153846
1 0.5470890410958904 0.7836538461538461 0.0890410958904110 0.0158653846153846
1 0.7208904109589042 0.5134615384615384 0.0415239726027397 0.0725961538461539
1 0.8176369863013698 0.5146634615384615 0.0376712328767123 0.0704326923076923
1 0.8677226027397260 0.5079326923076923 0.0535102739726027 0.0807692307692308
1 0.9336472602739726 0.5283653846153846 0.0308219178082192 0.0209134615384615
1 0.9773116438356164 0.5288461538461539 0.0368150684931507 0.0218750000000000
1 0.6125856164383562 0.3608173076923077 0.0466609589041096 0.0574519230769231
1 0.6562500000000000 0.3500000000000000 0.0278253424657534 0.0764423076923077
1 0.7709760273972602 0.5120192307692307 0.0470890410958904 0.0699519230769231
1 0.6960616438356164 0.3754807692307692 0.0432363013698630 0.0271634615384615
1 0.6994863013698630 0.3230769230769231 0.0368150684931507 0.0228365384615385
1 0.7555650684931506 0.3459134615384615 0.0633561643835616 0.0757211538461538
1 0.8227739726027398 0.3487980769230769 0.0406678082191781 0.0742788461538462
1 0.6960616438356164 0.3471153846153846 0.0432363013698630 0.0250000000000000
1 0.8839897260273972 0.3497596153846154 0.0560787671232877 0.0762019230769231
1 0.9434931506849316 0.3733173076923077 0.0333904109589041 0.0704326923076923
1 0.9777397260273972 0.3706730769230769 0.0338184931506849 0.0737980769230769
1 0.6729452054794520 0.5120192307692307 0.0398116438356164 0.0673076923076923
