1 0.5678104575163399 0.4126838235294117 0.0290032679738562 0.0796568627450980
1 0.6527777777777778 0.4136029411764706 0.0494281045751634 0.0796568627450980
1 0.4709967320261438 0.4099264705882353 0.0400326797385621 0.0882352941176471
1 0.4256535947712418 0.4117647058823529 0.0473856209150327 0.0851715686274510
1 0.7030228758169934 0.4142156862745098 0.0449346405228758 0.0802696078431373
1 0.7532679738562091 0.4136029411764706 0.0486111111111111 0.0839460784313725
1 0.8276143790849673 0.3992034313725490 0.0592320261437908 0.0735294117647059
1 0.6066176470588235 0.4136029411764706 0.0420751633986928 0.0818014705882353
1 0.5314542483660131 0.4108455882352941 0.0449346405228758 0.1200980392156863
1 0.0453431372549020 0.0606617647058824 0.0633169934640523 0.1191789215686275
1 0.2859477124183006 0.7101715686274510 0.0494281045751634 0.0358455882352941
1 0.3427287581699346 0.6969975490196079 0.0494281045751634 0.0615808823529412
1 0.3925653594771242 0.6991421568627451 0.0396241830065359 0.0407475490196078
1 0.4146241830065360 0.6571691176470589 0.0351307189542484 0.0416666666666667
1 0.5379901960784313 0.6577818627450981 0.0424836601307190 0.0701593137254902
1 0.5857843137254902 0.6580882352941176 0.0490196078431373 0.0716911764705882
1 0.6376633986928104 0.6599264705882353 0.0371732026143791 0.0726102941176471
1 0.8978758169934641 0.4145220588235294 0.0678104575163399 0.0474877450980392
1 0.3374183006535948 0.4099264705882353 0.0465686274509804 0.0998774509803922
1 0.3766339869281046 0.4087009803921569 0.0298202614379085 0.0995710784313725
1 0.2598039215686275 0.6718750000000000 0.0343137254901961 0.0150122549019608
1 0.9064542483660131 0.3572303921568628 0.0571895424836601 0.0585171568627451
1 0.6866830065359477 0.5379901960784313 0.0494281045751634 0.1053921568627451
1 0.0416666666666667 0.6099877450980392 0.0433006535947712 0.0526960784313725
1 0.4995915032679739 0.8443627450980392 0.0236928104575163 0.0419730392156863
1 0.4689542483660131 0.8694852941176471 0.0281862745098039 0.0242034313725490
1 0.2577614379084967 0.6574754901960784 0.0334967320261438 0.0134803921568627
1 0.2573529411764706 0.6393995098039216 0.0379901960784314 0.0202205882352941
1 0.2234477124183007 0.6816789215686274 0.0347222222222222 0.0147058823529412
1 0.2222222222222222 0.6623774509803921 0.0343137254901961 0.0220588235294118
1 0.1866830065359477 0.6963848039215687 0.0383986928104575 0.0137867647058824
1 0.1862745098039216 0.6758578431372549 0.0383986928104575 0.0242034313725490
1 0.1454248366013072 0.7046568627450981 0.0412581699346405 0.0159313725490196
1 0.1433823529411765 0.6841299019607843 0.0428921568627451 0.0254289215686275
1 0.1045751633986928 0.7034313725490197 0.0351307189542484 0.0523897058823529
1 0.0465686274509804 0.7218137254901961 0.0723039215686275 0.0450367647058824
1 0.9281045751633987 0.6268382352941176 0.1041666666666667 0.0909926470588235
1 0.8218954248366013 0.6167279411764706 0.0968137254901961 0.0799632352941176
1 0.9264705882352942 0.5284926470588235 0.0674019607843137 0.0799632352941176
1 0.8259803921568627 0.5171568627450981 0.1045751633986928 0.0897671568627451
1 0.7381535947712419 0.5376838235294118 0.0420751633986928 0.1072303921568627
1 0.0874183006535948 0.5814950980392157 0.0473856209150327 0.0900735294117647
1 0.1335784313725490 0.5640318627450981 0.0408496732026144 0.0912990196078431
1 0.1772875816993464 0.5545343137254902 0.0392156862745098 0.0882352941176471
1 0.2124183006535948 0.5484068627450981 0.0302287581699346 0.0879289215686275
1 0.2508169934640523 0.5386029411764706 0.0400326797385621 0.0888480392156863
1 0.2961601307189543 0.5591299019607843 0.0416666666666667 0.1066176470588235
1 0.9730392156862745 0.4114583333333333 0.0535130718954248 0.0612745098039216
1 0.3349673202614379 0.5511642156862745 0.0371732026143791 0.1050857843137255
1 0.4301470588235294 0.5438112745098039 0.0465686274509804 0.1060049019607843
1 0.4767156862745098 0.5376838235294118 0.0424836601307190 0.1060049019607843
1 0.5367647058823529 0.5490196078431373 0.0457516339869281 0.0775122549019608
1 0.5845588235294118 0.5508578431372549 0.0469771241830065 0.0744485294117647
1 0.6397058823529411 0.5361519607843137 0.0441176470588235 0.1069240196078431
1 0.2883986928104575 0.4096200980392157 0.0420751633986928 0.1011029411764706
1 0.3745915032679739 0.5490196078431373 0.0400326797385621 0.1047794117647059
1 0.2536764705882353 0.4267769607843137 0.0253267973856209 0.0854779411764706
1 0.1033496732026144 0.0680147058823529 0.0477941176470588 0.1360294117647059
1 0.1764705882352941 0.4246323529411765 0.0322712418300654 0.1017156862745098
1 0.9203431372549019 0.1550245098039216 0.0506535947712418 0.0692401960784314
1 0.9734477124183006 0.1519607843137255 0.0522875816993464 0.0701593137254902
1 0.0261437908496732 0.2720588235294117 0.0526960784313725 0.0257352941176471
1 0.0281862745098039 0.2984068627450980 0.0563725490196078 0.0235906862745098
1 0.0792483660130719 0.2830882352941176 0.0424836601307190 0.0618872549019608
1 0.1229575163398693 0.2843137254901961 0.0355392156862745 0.0618872549019608
1 0.1756535947712418 0.2653186274509804 0.0359477124183007 0.0977328431372549
1 0.2034313725490196 0.2864583333333333 0.0159313725490196 0.0640318627450980
1 0.2320261437908497 0.2879901960784313 0.0359477124183007 0.0667892156862745
1 0.2785947712418301 0.2818627450980392 0.0379901960784314 0.0848651960784314
1 0.8700980392156863 0.1593137254901961 0.0457516339869281 0.0674019607843137
1 0.2173202614379085 0.4234068627450980 0.0469771241830065 0.0977328431372549
1 0.4526143790849673 0.2830882352941176 0.0404411764705882 0.0916053921568627
1 0.5012254901960784 0.2849264705882353 0.0453431372549020 0.0860906862745098
1 0.5506535947712419 0.2852328431372549 0.0522875816993464 0.0873161764705882
1 0.6013071895424836 0.2754289215686275 0.0449346405228758 0.1063112745098039
1 0.6474673202614379 0.2751225490196079 0.0383986928104575 0.1078431372549020
1 0.7017973856209150 0.2824754901960784 0.0547385620915033 0.0971200980392157
1 0.7569444444444444 0.2815563725490196 0.0522875816993464 0.0946691176470588
1 0.8149509803921569 0.2852328431372549 0.0367647058823529 0.0407475490196078
1 0.5351307189542484 0.8348651960784313 0.0339052287581699 0.0667892156862745
1 0.5947712418300654 0.8272058823529411 0.0281862745098039 0.0468750000000000
1 0.4129901960784313 0.2791053921568628 0.0367647058823529 0.0903799019607843
1 0.6352124183006536 0.8379289215686274 0.0383986928104575 0.0683210784313725
1 0.8190359477124183 0.1626838235294118 0.0420751633986928 0.0713848039215686
1 0.6928104575163399 0.1663602941176471 0.0445261437908497 0.0670955882352941
1 0.1658496732026144 0.0778186274509804 0.0718954248366013 0.1513480392156863
1 0.2222222222222222 0.1078431372549020 0.0375816993464052 0.1038602941176471
1 0.2728758169934640 0.1060049019607843 0.0563725490196078 0.1250000000000000
1 0.3316993464052287 0.1158088235294118 0.0547385620915033 0.1237745098039216
1 0.3905228758169935 0.1332720588235294 0.0535130718954248 0.1106004901960784
1 0.4399509803921569 0.1415441176470588 0.0416666666666667 0.1041666666666667
1 0.4824346405228758 0.1553308823529412 0.0355392156862745 0.0818014705882353
1 0.5424836601307189 0.1681985294117647 0.0396241830065359 0.0683210784313725
1 0.5923202614379085 0.1623774509803922 0.0473856209150327 0.0704656862745098
1 0.4305555555555556 0.8599877450980392 0.0355392156862745 0.0278799019607843
1 0.7495915032679739 0.1485906862745098 0.0678104575163399 0.1053921568627451
1 0.3823529411764706 0.8507965686274510 0.0245098039215686 0.0137867647058824
1 0.3733660130718954 0.9047181372549019 0.0343137254901961 0.0229779411764706
1 0.3353758169934640 0.9114583333333334 0.0236928104575163 0.0254289215686275
1 0.3108660130718954 0.8976715686274510 0.0265522875816993 0.0768995098039216
1 0.2814542483660131 0.9249387254901961 0.0314542483660131 0.0747549019607843
1 0.2401960784313726 0.9473039215686274 0.0281862745098039 0.1056985294117647
1 0.2103758169934641 0.9522058823529411 0.0326797385620915 0.0952818627450980
1 0.1343954248366013 0.9730392156862745 0.0461601307189543 0.0542279411764706
1 0.1736111111111111 0.9583333333333334 0.0363562091503268 0.0818014705882353
1 0.5657679738562091 0.8192401960784313 0.0273692810457516 0.0386029411764706
1 0.6405228758169934 0.1495098039215686 0.0461601307189543 0.0995710784313725
1 0.3570261437908497 0.8569240196078431 0.0261437908496732 0.0232843137254902
1 0.6666666666666666 0.8330269607843137 0.0179738562091503 0.0557598039215686
1 0.3321078431372549 0.2735906862745098 0.0400326797385621 0.0909926470588235
1 0.7193627450980392 0.8370098039215687 0.0138888888888889 0.0545343137254902
1 0.9799836601307189 0.2837009803921569 0.0400326797385621 0.0444240196078431
1 0.9375000000000000 0.2837009803921569 0.0437091503267974 0.0425857843137255
1 0.8970588235294118 0.2843137254901961 0.0383986928104575 0.0413602941176471
1 0.8545751633986928 0.2852328431372549 0.0396241830065359 0.0416666666666667
1 0.6907679738562091 0.8474264705882353 0.0306372549019608 0.0738357843137255
1 0.6830065359477124 0.6620710784313726 0.0482026143790850 0.0726102941176471
1 0.7369281045751634 0.6639093137254902 0.0490196078431373 0.0753676470588235
1 0.8267973856209150 0.7224264705882353 0.0906862745098039 0.0986519607843137
1 0.9489379084967320 0.7411151960784313 0.1029411764705882 0.1087622549019608
1 0.5580065359477124 0.7478553921568627 0.0580065359477124 0.0643382352941176
1 0.6160130718954249 0.7567401960784313 0.0420751633986928 0.0530024509803922
1 0.0739379084967320 0.4273897058823529 0.0625000000000000 0.1185661764705882
1 0.6544117647058824 0.7616421568627451 0.0281862745098039 0.0511642156862745
1 0.6887254901960784 0.7579656862745098 0.0351307189542484 0.0569852941176471
1 0.7291666666666666 0.7628676470588235 0.0334967320261438 0.0557598039215686
1 0.1282679738562091 0.4341299019607843 0.0457516339869281 0.1041666666666667
1 0.9084967320261438 0.8596813725490197 0.1172385620915033 0.0946691176470588
1 0.3562091503267974 0.8103553921568627 0.0428921568627451 0.0180759803921569
1 0.3112745098039216 0.8177083333333334 0.0420751633986928 0.0327818627450980
1 0.3558006535947713 0.7815563725490197 0.0396241830065359 0.0333946078431373
1 0.3970588235294117 0.7840073529411765 0.0363562091503268 0.0407475490196078
1 0.4375000000000000 0.7699142156862745 0.0347222222222222 0.0536151960784314
1 0.7937091503267973 0.8360906862745098 0.1041666666666667 0.0903799019607843
1 0.2769607843137255 0.7665441176470589 0.0236928104575163 0.0625000000000000
1 0.2516339869281046 0.7683823529411765 0.0265522875816993 0.0686274509803922
1 0.2234477124183007 0.7889093137254902 0.0249183006535948 0.0664828431372549
1 0.1944444444444444 0.8014705882352942 0.0253267973856209 0.0689338235294118
1 0.1584967320261438 0.8219975490196079 0.0322712418300654 0.0732230392156863
1 0.4906045751633987 0.7536764705882353 0.0347222222222222 0.0563725490196078
1 0.0539215686274510 0.8468137254901961 0.0555555555555556 0.1161151960784314
1 0.1217320261437908 0.8238357843137255 0.0404411764705882 0.1066176470588235
1 0.0114379084967320 0.8799019607843137 0.0228758169934641 0.0857843137254902
