1 0.2244791666666667 0.2386718750000000 0.0468750000000000 0.1003906250000000
1 0.2687500000000000 0.2402343750000000 0.0437500000000000 0.0972656250000000
1 0.3130208333333334 0.2417968750000000 0.0406250000000000 0.1011718750000000
1 0.3583333333333333 0.2460937500000000 0.0479166666666667 0.0941406250000000
1 0.4614583333333334 0.2375000000000000 0.0619791666666667 0.1078125000000000
1 0.5177083333333333 0.2382812500000000 0.0505208333333333 0.1105468750000000
1 0.5692708333333333 0.2375000000000000 0.0489583333333333 0.1128906250000000
1 0.6208333333333333 0.2402343750000000 0.0505208333333333 0.1207031250000000
1 0.6697916666666667 0.2402343750000000 0.0473958333333333 0.1230468750000000
1 0.7239583333333334 0.2410156250000000 0.0593750000000000 0.1238281250000000
1 0.7812500000000000 0.2433593750000000 0.0578125000000000 0.1195312500000000
1 0.8338541666666667 0.2449218750000000 0.0416666666666667 0.1242187500000000
1 0.8890625000000000 0.2519531250000000 0.0604166666666667 0.1105468750000000
1 0.9364583333333333 0.2558593750000000 0.0348958333333333 0.1183593750000000
1 0.9781250000000000 0.2593750000000000 0.0432291666666667 0.1085937500000000
1 0.0281250000000000 0.0941406250000000 0.0500000000000000 0.1078125000000000
1 0.0848958333333333 0.0988281250000000 0.0572916666666667 0.1054687500000000
1 0.1390625000000000 0.1000000000000000 0.0526041666666667 0.1011718750000000
1 0.1953125000000000 0.1003906250000000 0.0552083333333333 0.1042968750000000
1 0.2489583333333333 0.1023437500000000 0.0526041666666667 0.1031250000000000
1 0.3052083333333334 0.1039062500000000 0.0500000000000000 0.1046875000000000
1 0.3572916666666667 0.1050781250000000 0.0494791666666667 0.1042968750000000
1 0.4125000000000000 0.1066406250000000 0.0432291666666667 0.1058593750000000
1 0.4697916666666667 0.1085937500000000 0.0520833333333333 0.0960937500000000
1 0.5697916666666667 0.0976562500000000 0.1140625000000000 0.1218750000000000
1 0.6916666666666667 0.1097656250000000 0.1140625000000000 0.0988281250000000
1 0.8031250000000000 0.1140625000000000 0.0994791666666667 0.1085937500000000
1 0.1786458333333333 0.2363281250000000 0.0401041666666667 0.0964843750000000
1 0.9078125000000000 0.1179687500000000 0.1083333333333333 0.1007812500000000
1 0.3781250000000000 0.4667968750000000 0.0359375000000000 0.0855468750000000
1 0.0453125000000000 0.2367187500000000 0.0380208333333333 0.1015625000000000
1 0.6760416666666667 0.4726562500000000 0.0447916666666667 0.0925781250000000
1 0.7208333333333333 0.4761718750000000 0.0437500000000000 0.0855468750000000
1 0.7739583333333333 0.4726562500000000 0.0380208333333333 0.0851562500000000
1 0.8145833333333333 0.4769531250000000 0.0427083333333333 0.0777343750000000
1 0.8552083333333333 0.4785156250000000 0.0390625000000000 0.0808593750000000
1 0.8963541666666667 0.4730468750000000 0.0427083333333333 0.0910156250000000
1 0.9432291666666667 0.4828125000000000 0.0494791666666667 0.0750000000000000
1 0.0546875000000000 0.3511718750000000 0.0552083333333333 0.0910156250000000
1 0.1057291666666667 0.3523437500000000 0.0442708333333333 0.0910156250000000
1 0.1541666666666667 0.3527343750000000 0.0489583333333333 0.0902343750000000
1 0.2010416666666667 0.3496093750000000 0.0437500000000000 0.0957031250000000
1 0.2572916666666666 0.3531250000000000 0.0442708333333333 0.0925781250000000
1 0.3041666666666666 0.3558593750000000 0.0484375000000000 0.0890625000000000
1 0.3541666666666667 0.3562500000000000 0.0500000000000000 0.0941406250000000
1 0.3968750000000000 0.3566406250000000 0.0369791666666667 0.0945312500000000
1 0.4421875000000000 0.3593750000000000 0.0541666666666667 0.0886718750000000
1 0.4911458333333333 0.3609375000000000 0.0411458333333333 0.0929687500000000
1 0.5385416666666667 0.3636718750000000 0.0505208333333333 0.0921875000000000
1 0.5875000000000000 0.3628906250000000 0.0317708333333333 0.0953125000000000
1 0.6312500000000000 0.3601562500000000 0.0453125000000000 0.0917968750000000
1 0.6843750000000000 0.3625000000000000 0.0562500000000000 0.0875000000000000
1 0.7348958333333333 0.3652343750000000 0.0437500000000000 0.0921875000000000
1 0.7812500000000000 0.3730468750000000 0.0484375000000000 0.0808593750000000
1 0.8281250000000000 0.3750000000000000 0.0432291666666667 0.0839843750000000
1 0.8729166666666667 0.3746093750000000 0.0458333333333333 0.0839843750000000
1 0.9166666666666666 0.3750000000000000 0.0406250000000000 0.0843750000000000
1 0.9635416666666666 0.3746093750000000 0.0536458333333333 0.0839843750000000
1 0.0895833333333333 0.2359375000000000 0.0385416666666667 0.0980468750000000
1 0.1369791666666667 0.2371093750000000 0.0411458333333333 0.0968750000000000
1 0.5484375000000000 0.5781250000000000 0.0312500000000000 0.0734375000000000
1 0.5000000000000000 0.5757812500000000 0.0453125000000000 0.0738281250000000
1 0.1250000000000000 0.6664062500000000 0.0432291666666667 0.0746093750000000
1 0.0859375000000000 0.6664062500000000 0.0333333333333333 0.0746093750000000
1 0.0390625000000000 0.6703125000000000 0.0411458333333333 0.0613281250000000
1 0.9473958333333333 0.8234375000000000 0.0447916666666667 0.0308593750000000
1 0.9026041666666667 0.8257812500000000 0.0421875000000000 0.0253906250000000
1 0.8536458333333333 0.8250000000000000 0.0557291666666667 0.0242187500000000
1 0.7838541666666666 0.7910156250000000 0.0807291666666667 0.0929687500000000
1 0.7046875000000000 0.7871093750000000 0.0786458333333333 0.0859375000000000
1 0.6218750000000000 0.7843750000000000 0.0890625000000000 0.0921875000000000
1 0.8484375000000000 0.7878906250000000 0.0416666666666667 0.0355468750000000
1 0.9015625000000000 0.7871093750000000 0.0630208333333333 0.0351562500000000
1 0.5500000000000000 0.7816406250000000 0.0437500000000000 0.0355468750000000
1 0.5036458333333333 0.7804687500000000 0.0473958333333333 0.0359375000000000
1 0.5510416666666667 0.8164062500000000 0.0447916666666667 0.0265625000000000
1 0.5036458333333333 0.8144531250000000 0.0473958333333333 0.0320312500000000
1 0.4614583333333334 0.7968750000000000 0.0281250000000000 0.0660156250000000
1 0.4296875000000000 0.7953125000000000 0.0343750000000000 0.0703125000000000
1 0.3973958333333333 0.7960937500000000 0.0296875000000000 0.0734375000000000
1 0.3651041666666667 0.7945312500000000 0.0343750000000000 0.0761718750000000
1 0.3328125000000000 0.7917968750000000 0.0255208333333333 0.0742187500000000
1 0.3015625000000000 0.7953125000000000 0.0380208333333333 0.0679687500000000
1 0.2635416666666667 0.7894531250000000 0.0385416666666667 0.0648437500000000
1 0.2208333333333333 0.7800781250000000 0.0348958333333333 0.0953125000000000
1 0.1854166666666667 0.7824218750000000 0.0328125000000000 0.0910156250000000
1 0.1468750000000000 0.7832031250000000 0.0447916666666667 0.0925781250000000
1 0.1046875000000000 0.7789062500000000 0.0369791666666667 0.1003906250000000
1 0.0619791666666667 0.7800781250000000 0.0437500000000000 0.1011718750000000
1 0.1604166666666667 0.6667968750000000 0.0270833333333333 0.0753906250000000
1 0.2031250000000000 0.6687500000000000 0.0421875000000000 0.0792968750000000
1 0.2463541666666667 0.6703125000000000 0.0442708333333333 0.0796875000000000
1 0.2906250000000000 0.6734375000000000 0.0338541666666667 0.0816406250000000
1 0.4562500000000000 0.5710937500000000 0.0416666666666667 0.0824218750000000
1 0.4218750000000000 0.5656250000000000 0.0250000000000000 0.0625000000000000
1 0.3901041666666666 0.5628906250000000 0.0348958333333333 0.0636718750000000
1 0.3588541666666666 0.5679687500000000 0.0276041666666667 0.0742187500000000
1 0.3302083333333333 0.5664062500000000 0.0281250000000000 0.0710937500000000
1 0.2963541666666666 0.5703125000000000 0.0395833333333333 0.0792968750000000
1 0.2505208333333334 0.5687500000000000 0.0489583333333333 0.0828125000000000
1 0.2015625000000000 0.5683593750000000 0.0484375000000000 0.0824218750000000
1 0.1520833333333333 0.5660156250000000 0.0531250000000000 0.0859375000000000
1 0.1010416666666667 0.5648437500000000 0.0307291666666667 0.0796875000000000
1 0.0614583333333333 0.5667968750000000 0.0442708333333333 0.0750000000000000
1 0.9468750000000000 0.7082031250000000 0.0390625000000000 0.0238281250000000
1 0.9520833333333333 0.6777343750000000 0.0500000000000000 0.0351562500000000
1 0.6302083333333334 0.4695312500000000 0.0479166666666667 0.0863281250000000
1 0.9088541666666666 0.6843750000000000 0.0302083333333333 0.0636718750000000
1 0.8401041666666667 0.6820312500000000 0.0442708333333333 0.0703125000000000
1 0.8036458333333333 0.6789062500000000 0.0322916666666667 0.0777343750000000
1 0.7656250000000000 0.6773437500000000 0.0421875000000000 0.0750000000000000
1 0.6994791666666667 0.6816406250000000 0.0348958333333333 0.0789062500000000
1 0.6588541666666666 0.6789062500000000 0.0338541666666667 0.0804687500000000
1 0.6192708333333333 0.6734375000000000 0.0473958333333333 0.0699218750000000
1 0.5776041666666667 0.6753906250000000 0.0291666666666667 0.0664062500000000
1 0.5046875000000000 0.6757812500000000 0.0390625000000000 0.0722656250000000
1 0.4479166666666667 0.6703125000000000 0.0328125000000000 0.0703125000000000
1 0.4161458333333333 0.6683593750000000 0.0328125000000000 0.0734375000000000
1 0.3807291666666667 0.6738281250000000 0.0276041666666667 0.0820312500000000
1 0.3510416666666666 0.6742187500000000 0.0343750000000000 0.0800781250000000
1 0.3203125000000000 0.6738281250000000 0.0229166666666667 0.0800781250000000
1 0.8807291666666667 0.6816406250000000 0.0208333333333333 0.0699218750000000
1 0.5786458333333333 0.4675781250000000 0.0557291666666667 0.0906250000000000
1 0.7317708333333334 0.6789062500000000 0.0244791666666667 0.0734375000000000
1 0.6093750000000000 0.5746093750000000 0.0411458333333333 0.0824218750000000
1 0.1208333333333333 0.4902343750000000 0.0458333333333333 0.0308593750000000
1 0.0656250000000000 0.4574218750000000 0.0484375000000000 0.0335937500000000
1 0.0666666666666667 0.4910156250000000 0.0510416666666667 0.0300781250000000
1 0.9739583333333334 0.5804687500000000 0.0453125000000000 0.0781250000000000
1 0.9270833333333334 0.5835937500000000 0.0354166666666667 0.0890625000000000
1 0.8890625000000000 0.5910156250000000 0.0286458333333333 0.0660156250000000
1 0.1729166666666667 0.4906250000000000 0.0473958333333333 0.0296875000000000
1 0.8531250000000000 0.5882812500000000 0.0406250000000000 0.0691406250000000
1 0.7687500000000000 0.5832031250000000 0.0229166666666667 0.0769531250000000
1 0.7312500000000000 0.5808593750000000 0.0505208333333333 0.0746093750000000
1 0.6869791666666667 0.5781250000000000 0.0385416666666667 0.0804687500000000
1 0.6479166666666667 0.5769531250000000 0.0369791666666667 0.0781250000000000
1 0.5765625000000000 0.5746093750000000 0.0244791666666667 0.0808593750000000
1 0.3328125000000000 0.4953125000000000 0.0515625000000000 0.0304687500000000
1 0.8067708333333333 0.5875000000000000 0.0510416666666667 0.0687500000000000
1 0.1734375000000000 0.4574218750000000 0.0473958333333333 0.0339843750000000
1 0.1229166666666667 0.4593750000000000 0.0510416666666667 0.0308593750000000
1 0.5234375000000000 0.4660156250000000 0.0526041666666667 0.0882812500000000
1 0.4166666666666667 0.4675781250000000 0.0411458333333333 0.0859375000000000
1 0.4578125000000000 0.4683593750000000 0.0380208333333333 0.0839843750000000
1 0.3302083333333333 0.4617187500000000 0.0453125000000000 0.0359375000000000
1 0.2807291666666666 0.4917968750000000 0.0505208333333333 0.0316406250000000
1 0.2250000000000000 0.4949218750000000 0.0453125000000000 0.0289062500000000
1 0.2281250000000000 0.4625000000000000 0.0520833333333333 0.0363281250000000
