1 0.7858173076923077 0.4919871794871795 0.0259615384615385 0.0423076923076923
1 0.7853365384615385 0.5336538461538461 0.0225961538461538 0.0368589743589744
1 0.7588942307692308 0.4900641025641025 0.0245192307692308 0.0410256410256410
1 0.7608173076923077 0.5333333333333333 0.0240384615384615 0.0426282051282051
1 0.7151442307692307 0.4855769230769231 0.0247596153846154 0.0445512820512821
1 0.6872596153846153 0.4849358974358974 0.0237980769230769 0.0464743589743590
1 0.8266826923076923 0.5131410256410256 0.0548076923076923 0.0782051282051282
1 0.7004807692307692 0.5352564102564102 0.0269230769230769 0.0400641025641026
1 0.6634615384615384 0.4871794871794872 0.0175480769230769 0.0477564102564103
1 0.6370192307692307 0.4897435897435897 0.0331730769230769 0.0503205128205128
1 0.6718750000000000 0.5358974358974359 0.0276442307692308 0.0384615384615385
1 0.7312500000000000 0.5323717948717949 0.0288461538461538 0.0407051282051282
1 0.8850961538461538 0.5112179487179487 0.0567307692307692 0.0743589743589744
1 0.7538461538461538 0.4362179487179487 0.0259615384615385 0.0503205128205128
1 0.7817307692307692 0.4371794871794872 0.0288461538461538 0.0487179487179487
1 0.9439903846153846 0.4227564102564103 0.0552884615384615 0.0871794871794872
1 0.7262019230769231 0.4349358974358974 0.0262019230769231 0.0500000000000000
1 0.6978365384615385 0.4342948717948718 0.0290865384615385 0.0487179487179487
1 0.6694711538461539 0.4317307692307693 0.0269230769230769 0.0467948717948718
1 0.6408653846153847 0.4288461538461538 0.0269230769230769 0.0477564102564103
1 0.6689903846153846 0.3958333333333333 0.0283653846153846 0.0214743589743590
1 0.6992788461538462 0.3977564102564102 0.0293269230769231 0.0217948717948718
1 0.7278846153846154 0.3964743589743590 0.0269230769230769 0.0227564102564103
1 0.7557692307692307 0.3987179487179487 0.0257211538461538 0.0208333333333333
1 0.7848557692307693 0.4012820512820513 0.0307692307692308 0.0227564102564103
1 0.6401442307692308 0.5391025641025641 0.0329326923076923 0.0355769230769231
1 0.9343750000000000 0.5076923076923077 0.0362980769230769 0.0705128205128205
1 0.6367788461538462 0.3926282051282051 0.0286057692307692 0.0208333333333333
1 0.2048076923076923 0.4743589743589743 0.0379807692307692 0.0314102564102564
1 0.5927884615384615 0.5189102564102565 0.0483173076923077 0.0317307692307692
1 0.8860576923076923 0.4153846153846154 0.0586538461538462 0.0846153846153846
1 0.5418269230769230 0.4842948717948718 0.0540865384615385 0.0416666666666667
1 0.5425480769230769 0.5205128205128206 0.0507211538461538 0.0259615384615385
1 0.5338942307692308 0.5471153846153847 0.0495192307692308 0.0240384615384615
1 0.4875000000000000 0.4842948717948718 0.0487980769230769 0.0448717948717949
1 0.4838942307692308 0.5214743589743590 0.0528846153846154 0.0246794871794872
1 0.4814903846153846 0.5471153846153847 0.0524038461538462 0.0237179487179487
1 0.4331730769230769 0.4878205128205128 0.0569711538461538 0.0429487179487179
1 0.4295673076923077 0.5259615384615385 0.0545673076923077 0.0243589743589744
1 0.4245192307692308 0.5512820512820513 0.0579326923076923 0.0166666666666667
1 0.1274038461538461 0.4759615384615384 0.0552884615384615 0.0403846153846154
1 0.1694711538461539 0.4740384615384615 0.0295673076923077 0.0365384615384615
1 0.2331730769230769 0.5179487179487180 0.0516826923076923 0.0448717948717949
1 0.5935096153846153 0.4833333333333333 0.0423076923076923 0.0397435897435897
1 0.2475961538461539 0.4740384615384615 0.0228365384615385 0.0310897435897436
1 0.1350961538461538 0.5592948717948718 0.0548076923076923 0.0272435897435897
1 0.1896634615384615 0.5560897435897436 0.0514423076923077 0.0240384615384615
1 0.2387019230769231 0.5541666666666667 0.0439903846153846 0.0227564102564103
1 0.2846153846153846 0.4823717948717949 0.0444711538461538 0.0474358974358974
1 0.3336538461538461 0.4817307692307692 0.0507211538461538 0.0397435897435897
1 0.3807692307692307 0.4820512820512821 0.0415865384615385 0.0407051282051282
1 0.2855769230769231 0.5246794871794872 0.0439903846153846 0.0342948717948718
1 0.3353365384615384 0.5221153846153846 0.0447115384615385 0.0352564102564103
1 0.3807692307692307 0.5208333333333334 0.0413461538461538 0.0330128205128205
1 0.3728365384615385 0.5532051282051282 0.0415865384615385 0.0237179487179487
1 0.3293269230769231 0.5541666666666667 0.0418269230769231 0.0227564102564103
1 0.2858173076923077 0.5564102564102564 0.0444711538461538 0.0214743589743590
1 0.5848557692307692 0.5474358974358975 0.0507211538461538 0.0217948717948718
1 0.1329326923076923 0.5169871794871795 0.0555288461538462 0.0365384615384615
1 0.8290865384615385 0.4160256410256410 0.0507211538461538 0.0923076923076923
1 0.4836538461538462 0.3163461538461538 0.0454326923076923 0.0455128205128205
1 0.7591346153846154 0.3730769230769231 0.0252403846153846 0.0275641025641026
1 0.5711538461538461 0.2717948717948718 0.0483173076923077 0.0483974358974359
1 0.6211538461538462 0.2669871794871795 0.0451923076923077 0.0451923076923077
1 0.5790865384615385 0.2323717948717949 0.0391826923076923 0.0275641025641026
1 0.6550480769230769 0.2717948717948718 0.0235576923076923 0.0362179487179487
1 0.6903846153846154 0.2733974358974359 0.0276442307692308 0.0455128205128205
1 0.6673076923076923 0.2426282051282051 0.0228365384615385 0.0208333333333333
1 0.7274038461538461 0.2775641025641026 0.0326923076923077 0.0445512820512821
1 0.7567307692307692 0.2842948717948718 0.0250000000000000 0.0368589743589744
1 0.7848557692307693 0.2916666666666667 0.0307692307692308 0.0394230769230769
1 0.8187500000000000 0.3012820512820513 0.0300480769230769 0.0368589743589744
1 0.8490384615384615 0.3022435897435897 0.0216346153846154 0.0416666666666667
1 0.8406250000000000 0.3432692307692308 0.0276442307692308 0.0387820512820513
1 0.8137019230769231 0.3397435897435898 0.0242788461538462 0.0403846153846154
1 0.7793269230769231 0.3464743589743590 0.0266826923076923 0.0262820512820513
1 0.7557692307692307 0.3320512820512820 0.0182692307692308 0.0464743589743590
1 0.5242788461538461 0.2692307692307692 0.0370192307692308 0.0461538461538462
1 0.7312500000000000 0.3141025641025641 0.0290865384615385 0.0256410256410256
1 0.4793269230769231 0.2660256410256410 0.0507211538461538 0.0519230769230769
1 0.1108173076923077 0.3035256410256410 0.0338942307692308 0.0567307692307692
1 0.2257211538461538 0.2166666666666667 0.0524038461538462 0.0358974358974359
1 0.2776442307692308 0.2243589743589744 0.0485576923076923 0.0394230769230769
1 0.3259615384615385 0.2282051282051282 0.0444711538461538 0.0314102564102564
1 0.3728365384615385 0.2339743589743590 0.0437500000000000 0.0342948717948718
1 0.1689903846153846 0.2592948717948718 0.0237980769230769 0.0541666666666667
1 0.2788461538461539 0.2692307692307692 0.0531250000000000 0.0496794871794872
1 0.3173076923076923 0.2762820512820513 0.0223557692307692 0.0419871794871795
1 0.3509615384615384 0.2759615384615385 0.0415865384615385 0.0496794871794872
1 0.3829326923076923 0.2858974358974359 0.0206730769230769 0.0365384615384615
1 0.3812500000000000 0.3349358974358974 0.0492788461538462 0.0551282051282051
1 0.3322115384615384 0.3294871794871795 0.0475961538461538 0.0509615384615385
1 0.2858173076923077 0.3256410256410256 0.0420673076923077 0.0522435897435897
1 0.2331730769230769 0.3208333333333334 0.0514423076923077 0.0548076923076923
1 0.1800480769230769 0.3192307692307692 0.0507211538461538 0.0483974358974359
1 0.1415865384615385 0.3076923076923077 0.0240384615384615 0.0589743589743590
1 0.4237980769230769 0.2583333333333334 0.0540865384615385 0.0458333333333333
1 0.7329326923076923 0.3435897435897436 0.0257211538461538 0.0269230769230769
1 0.7016826923076923 0.3121794871794872 0.0274038461538462 0.0285256410256410
1 0.7045673076923077 0.3413461538461539 0.0286057692307692 0.0282051282051282
1 0.2858173076923077 0.4266025641025641 0.0509615384615385 0.0522435897435897
1 0.3346153846153846 0.4278846153846154 0.0432692307692308 0.0490384615384615
1 0.3781250000000000 0.4291666666666666 0.0451923076923077 0.0516025641025641
1 0.4358173076923077 0.4044871794871795 0.0596153846153846 0.0320512820512820
1 0.4930288461538462 0.4076923076923077 0.0526442307692308 0.0298076923076923
1 0.5451923076923076 0.4086538461538461 0.0492788461538462 0.0285256410256410
1 0.5973557692307693 0.4108974358974359 0.0502403846153846 0.0298076923076923
1 0.4360576923076923 0.4381410256410256 0.0627403846153846 0.0323717948717949
1 0.4968750000000000 0.4410256410256410 0.0557692307692308 0.0355769230769231
1 0.5497596153846154 0.4407051282051282 0.0468750000000000 0.0346153846153846
1 0.5995192307692307 0.4442307692307692 0.0502403846153846 0.0288461538461538
1 0.6367788461538462 0.3673076923076923 0.0302884615384615 0.0285256410256410
1 0.6685096153846154 0.3682692307692308 0.0300480769230769 0.0301282051282051
1 0.7007211538461539 0.3714743589743590 0.0298076923076923 0.0301282051282051
1 0.7310096153846154 0.3717948717948718 0.0266826923076923 0.0253205128205128
1 0.2336538461538462 0.4256410256410256 0.0524038461538462 0.0503205128205128
1 0.1766826923076923 0.4230769230769231 0.0552884615384615 0.0480769230769231
1 0.1192307692307692 0.4192307692307692 0.0598557692307692 0.0528846153846154
1 0.3819711538461538 0.3817307692307692 0.0463942307692308 0.0387820512820513
1 0.6665865384615385 0.3076923076923077 0.0286057692307692 0.0250000000000000
1 0.6295673076923077 0.3067307692307693 0.0391826923076923 0.0262820512820513
1 0.6721153846153847 0.3371794871794872 0.0346153846153846 0.0288461538461538
1 0.6379807692307692 0.3365384615384616 0.0329326923076923 0.0278846153846154
1 0.5750000000000000 0.3182692307692307 0.0468750000000000 0.0403846153846154
1 0.5252403846153846 0.3147435897435897 0.0322115384615385 0.0458333333333333
1 0.4317307692307693 0.3096153846153846 0.0492788461538462 0.0506410256410256
1 0.7875000000000000 0.3727564102564103 0.0269230769230769 0.0272435897435897
1 0.4228365384615385 0.3615384615384615 0.0314903846153846 0.0477564102564103
1 0.5201923076923077 0.3753205128205128 0.0586538461538462 0.0323717948717949
1 0.5882211538461538 0.3766025641025641 0.0617788461538462 0.0314102564102564
1 0.1264423076923077 0.3647435897435897 0.0562500000000000 0.0538461538461538
1 0.1802884615384615 0.3685897435897436 0.0487980769230769 0.0496794871794872
1 0.2343750000000000 0.3737179487179487 0.0514423076923077 0.0500000000000000
1 0.2846153846153846 0.3753205128205128 0.0463942307692308 0.0474358974358974
1 0.3312500000000000 0.3788461538461538 0.0475961538461538 0.0451923076923077
1 0.4596153846153846 0.3634615384615384 0.0360576923076923 0.0451923076923077
1 0.2132211538461538 0.2644230769230769 0.0574519230769231 0.0519230769230769
