1 0.3218954248366013 0.6446078431372549 0.0531045751633987 0.0799632352941176
1 0.1282679738562091 0.5030637254901961 0.0767973856209150 0.0566789215686275
1 0.0849673202614379 0.5867034313725490 0.0821078431372549 0.0572916666666667
1 0.0204248366013072 0.5781250000000000 0.0412581699346405 0.0594362745098039
1 0.0245098039215686 0.7481617647058824 0.0494281045751634 0.0597426470588235
1 0.0939542483660131 0.7426470588235294 0.0866013071895425 0.0585171568627451
1 0.2116013071895425 0.6446078431372549 0.0518790849673203 0.0799632352941176
1 0.2663398692810457 0.6446078431372549 0.0502450980392157 0.0796568627450980
1 0.4346405228758170 0.6449142156862745 0.0535130718954248 0.0781250000000000
1 0.7900326797385621 0.6452205882352942 0.0326797385620915 0.0640318627450980
1 0.5923202614379085 0.6430759803921569 0.0490196078431373 0.0765931372549020
1 0.6478758169934641 0.6378676470588235 0.0522875816993464 0.0811887254901961
1 0.6977124183006536 0.6372549019607843 0.0477941176470588 0.0824142156862745
1 0.7459150326797386 0.6369485294117647 0.0457516339869281 0.0818014705882353
1 0.0522875816993464 0.5021446078431373 0.0686274509803922 0.0572916666666667
1 0.8312908496732027 0.6464460784313726 0.0371732026143791 0.0640318627450980
1 0.2111928104575163 0.7503063725490197 0.0477941176470588 0.0738357843137255
1 0.2610294117647059 0.7512254901960784 0.0526960784313725 0.0704656862745098
1 0.3161764705882353 0.7539828431372549 0.0486111111111111 0.0689338235294118
1 0.5375816993464052 0.6415441176470589 0.0506535947712418 0.0808823529411765
1 0.9836601307189542 0.3627450980392157 0.0322712418300654 0.0474877450980392
1 0.6184640522875817 0.3584558823529412 0.0870098039215686 0.0713848039215686
1 0.9624183006535948 0.2849264705882353 0.0482026143790850 0.0536151960784314
1 0.1413398692810457 0.1847426470588235 0.0898692810457516 0.0615808823529412
1 0.2352941176470588 0.1850490196078431 0.0894607843137255 0.0667892156862745
1 0.3325163398692810 0.1868872549019608 0.0874183006535948 0.0658700980392157
1 0.4297385620915033 0.1887254901960784 0.0959967320261438 0.0646446078431373
1 0.5277777777777778 0.1893382352941176 0.0861928104575163 0.0634191176470588
1 0.6254084967320261 0.1899509803921569 0.0988562091503268 0.0621936274509804
1 0.7250816993464052 0.1868872549019608 0.0927287581699346 0.0615808823529412
1 0.8223039215686274 0.1841299019607843 0.0845588235294118 0.0628063725490196
1 0.9183006535947712 0.1240808823529412 0.0518790849673203 0.0618872549019608
1 0.9166666666666666 0.1881127450980392 0.0416666666666667 0.0582107843137255
1 0.9677287581699346 0.1853553921568628 0.0494281045751634 0.0579044117647059
1 0.0551470588235294 0.3661151960784313 0.0878267973856209 0.0637254901960784
1 0.1560457516339869 0.3590686274509804 0.0935457516339869 0.0670955882352941
1 0.2475490196078431 0.3593750000000000 0.0845588235294118 0.0677083333333333
1 0.3435457516339869 0.3661151960784313 0.0866013071895425 0.0637254901960784
1 0.4358660130718954 0.3642769607843137 0.0882352941176471 0.0603553921568627
1 0.5285947712418301 0.3606004901960784 0.0878267973856209 0.0726102941176471
1 0.3639705882352941 0.7506127450980392 0.0424836601307190 0.0692401960784314
1 0.7079248366013072 0.3563112745098039 0.0812908496732026 0.0713848039215686
1 0.7953431372549019 0.3578431372549020 0.0857843137254902 0.0744485294117647
1 0.9170751633986928 0.2846200980392157 0.0396241830065359 0.0526960784313725
1 0.9383169934640523 0.3648897058823529 0.0555555555555556 0.0493259803921569
1 0.4125816993464052 0.7506127450980392 0.0482026143790850 0.0716911764705882
1 0.7234477124183006 0.7475490196078431 0.0498366013071895 0.0680147058823529
1 0.5147058823529411 0.7524509803921569 0.0502450980392157 0.0658700980392157
1 0.4828431372549020 0.5364583333333334 0.0453431372549020 0.0768995098039216
1 0.5355392156862745 0.5346200980392157 0.0535130718954248 0.0756740196078431
1 0.6213235294117647 0.5465686274509803 0.0453431372549020 0.0579044117647059
1 0.6687091503267973 0.5465686274509803 0.0449346405228758 0.0505514705882353
1 0.7128267973856209 0.5441176470588235 0.0351307189542484 0.0628063725490196
1 0.7459150326797386 0.5370710784313726 0.0298202614379085 0.0655637254901961
1 0.7883986928104575 0.5410539215686274 0.0359477124183007 0.0640318627450980
1 0.3231209150326798 0.4515931372549020 0.0490196078431373 0.0591299019607843
1 0.3778594771241830 0.4613970588235294 0.0510620915032680 0.0367647058823529
1 0.4285130718954248 0.5373774509803921 0.0510620915032680 0.0787377450980392
1 0.4289215686274510 0.4488357843137255 0.0482026143790850 0.0582107843137255
1 0.5228758169934641 0.4509803921568628 0.0441176470588235 0.0579044117647059
1 0.5686274509803921 0.4482230392156863 0.0441176470588235 0.0545343137254902
1 0.6168300653594772 0.4488357843137255 0.0490196078431373 0.0560661764705882
1 0.6662581699346405 0.4491421568627451 0.0498366013071895 0.0566789215686275
1 0.7214052287581699 0.4491421568627451 0.0555555555555556 0.0588235294117647
1 0.7761437908496732 0.4500612745098039 0.0510620915032680 0.0557598039215686
1 0.8345588235294118 0.4488357843137255 0.0567810457516340 0.0560661764705882
1 0.9203431372549019 0.6207107843137255 0.1245915032679739 0.0514705882352941
1 0.9407679738562091 0.5625000000000000 0.0739379084967320 0.0453431372549020
1 0.4791666666666667 0.4537377450980392 0.0441176470588235 0.0533088235294118
1 0.3758169934640523 0.5382965686274510 0.0498366013071895 0.0778186274509804
1 0.3218954248366013 0.5395220588235294 0.0502450980392157 0.0778186274509804
1 0.2193627450980392 0.5404411764705882 0.0539215686274510 0.0821078431372549
1 0.5657679738562091 0.7533700980392157 0.0518790849673203 0.0625000000000000
1 0.6200980392156863 0.7509191176470589 0.0473856209150327 0.0652573529411765
1 0.6691176470588235 0.7503063725490197 0.0461601307189543 0.0637254901960784
1 0.7785947712418301 0.7478553921568627 0.0494281045751634 0.0637254901960784
1 0.8308823529411765 0.7466299019607843 0.0490196078431373 0.0637254901960784
1 0.9158496732026143 0.7285539215686274 0.1151960784313725 0.0300245098039216
1 0.9232026143790850 0.7696078431372549 0.1205065359477124 0.0364583333333333
1 0.0269607843137255 0.8829656862745098 0.0543300653594771 0.0594362745098039
1 0.0882352941176471 0.8805147058823529 0.0653594771241830 0.0520833333333333
1 0.0453431372549020 0.1859681372549020 0.0878267973856209 0.0640318627450980
1 0.2810457516339869 0.8492647058823529 0.0857843137254902 0.0484068627450980
1 0.3517156862745098 0.8618259803921569 0.0510620915032680 0.0808823529411765
1 0.4056372549019608 0.8599877450980392 0.0506535947712418 0.0775122549019608
1 0.4611928104575164 0.8590686274509803 0.0510620915032680 0.0805759803921569
1 0.5134803921568627 0.8590686274509803 0.0506535947712418 0.0802696078431373
1 0.5682189542483660 0.8587622549019608 0.0567810457516340 0.0799632352941176
1 0.6217320261437909 0.8550857843137255 0.0461601307189543 0.0796568627450980
1 0.6740196078431373 0.8556985294117647 0.0526960784313725 0.0808823529411765
1 0.7295751633986928 0.8550857843137255 0.0526960784313725 0.0772058823529412
1 0.7859477124183006 0.8556985294117647 0.0510620915032680 0.0857843137254902
1 0.8933823529411765 0.8449754901960784 0.1282679738562091 0.0597426470588235
1 0.4652777777777778 0.7533700980392157 0.0457516339869281 0.0674019607843137
1 0.1879084967320261 0.8492647058823529 0.0915032679738562 0.0413602941176471
1 0.9738562091503268 0.4846813725490196 0.0514705882352941 0.0416666666666667
1 0.9758986928104575 0.4375000000000000 0.0490196078431373 0.0456495098039216
