1 0.5000000000000000 0.7070312500000000 0.0125000000000000 0.0460937500000000
1 0.5135416666666667 0.7074218750000000 0.0114583333333333 0.0441406250000000
1 0.5255208333333333 0.4609375000000000 0.0343750000000000 0.0203125000000000
1 0.9739583333333334 0.8132812500000000 0.0526041666666667 0.0750000000000000
1 0.5239583333333333 0.4941406250000000 0.0312500000000000 0.0335937500000000
1 0.4963541666666667 0.4132812500000000 0.0463541666666667 0.0410156250000000
1 0.4531250000000000 0.4886718750000000 0.0338541666666667 0.0277343750000000
1 0.8218750000000000 0.4394531250000000 0.0359375000000000 0.0445312500000000
1 0.7755208333333333 0.4367187500000000 0.0447916666666667 0.0394531250000000
1 0.7276041666666667 0.4328125000000000 0.0328125000000000 0.0429687500000000
1 0.6786458333333333 0.4261718750000000 0.0531250000000000 0.0464843750000000
1 0.6312500000000000 0.4218750000000000 0.0411458333333333 0.0453125000000000
1 0.5869791666666667 0.4210937500000000 0.0479166666666667 0.0425781250000000
1 0.5416666666666666 0.4160156250000000 0.0411458333333333 0.0453125000000000
1 0.8687500000000000 0.4433593750000000 0.0442708333333333 0.0460937500000000
1 0.9020833333333333 0.8050781250000000 0.0843750000000000 0.0539062500000000
1 0.4093750000000000 0.4082031250000000 0.0385416666666667 0.0460937500000000
1 0.3723958333333333 0.4050781250000000 0.0354166666666667 0.0457031250000000
1 0.3328125000000000 0.4011718750000000 0.0380208333333333 0.0429687500000000
1 0.2958333333333333 0.3980468750000000 0.0385416666666667 0.0402343750000000
1 0.2562500000000000 0.3960937500000000 0.0401041666666667 0.0441406250000000
1 0.1880208333333333 0.3855468750000000 0.0411458333333333 0.0445312500000000
1 0.1505208333333333 0.3828125000000000 0.0317708333333333 0.0464843750000000
1 0.4489583333333333 0.4097656250000000 0.0411458333333333 0.0457031250000000
1 0.4869791666666667 0.4906250000000000 0.0343750000000000 0.0312500000000000
1 0.9177083333333333 0.4460937500000000 0.0447916666666667 0.0453125000000000
1 0.0140625000000000 0.4328125000000000 0.0281250000000000 0.0410156250000000
1 0.4567708333333333 0.4601562500000000 0.0375000000000000 0.0281250000000000
1 0.4052083333333333 0.4523437500000000 0.0338541666666667 0.0199218750000000
1 0.4093750000000000 0.4824218750000000 0.0359375000000000 0.0320312500000000
1 0.3635416666666667 0.4781250000000000 0.0338541666666667 0.0320312500000000
1 0.3328125000000000 0.4761718750000000 0.0291666666666667 0.0312500000000000
1 0.3213541666666667 0.4441406250000000 0.0307291666666667 0.0183593750000000
1 0.2713541666666667 0.4417968750000000 0.0291666666666667 0.0257812500000000
1 0.9666666666666667 0.4484375000000000 0.0473958333333333 0.0457031250000000
1 0.3010416666666667 0.4718750000000000 0.0286458333333333 0.0269531250000000
1 0.2395833333333333 0.4652343750000000 0.0317708333333333 0.0285156250000000
1 0.2114583333333333 0.4640625000000000 0.0265625000000000 0.0269531250000000
1 0.2135416666666667 0.4375000000000000 0.0338541666666667 0.0257812500000000
1 0.1755208333333333 0.4425781250000000 0.0317708333333333 0.0414062500000000
1 0.1026041666666667 0.4429687500000000 0.0359375000000000 0.0441406250000000
1 0.0692708333333333 0.4406250000000000 0.0307291666666667 0.0421875000000000
1 0.0416666666666667 0.4335937500000000 0.0203125000000000 0.0425781250000000
1 0.2713541666666667 0.4707031250000000 0.0291666666666667 0.0281250000000000
1 0.8218750000000000 0.7855468750000000 0.0682291666666667 0.0777343750000000
1 0.3546875000000000 0.5574218750000000 0.0447916666666667 0.0433593750000000
1 0.6859375000000000 0.7601562500000000 0.0322916666666667 0.0656250000000000
1 0.0593750000000000 0.5597656250000000 0.0348958333333333 0.0210937500000000
1 0.0229166666666667 0.5734375000000000 0.0333333333333333 0.0246093750000000
1 0.0510416666666667 0.6375000000000000 0.0223958333333333 0.0582031250000000
1 0.0885416666666667 0.6433593750000000 0.0270833333333333 0.0589843750000000
1 0.0682291666666667 0.6382812500000000 0.0130208333333333 0.0554687500000000
1 0.1119791666666667 0.6511718750000000 0.0156250000000000 0.0542968750000000
1 0.1286458333333333 0.6558593750000000 0.0182291666666667 0.0554687500000000
1 0.1463541666666667 0.6593750000000000 0.0177083333333333 0.0531250000000000
1 0.1692708333333333 0.6628906250000000 0.0250000000000000 0.0570312500000000
1 0.9593750000000000 0.6410156250000000 0.0447916666666667 0.0449218750000000
1 0.9119791666666667 0.6343750000000000 0.0432291666666667 0.0414062500000000
1 0.8682291666666667 0.6285156250000000 0.0359375000000000 0.0441406250000000
1 0.8208333333333333 0.6183593750000000 0.0338541666666667 0.0425781250000000
1 0.7760416666666666 0.6167968750000000 0.0369791666666667 0.0414062500000000
1 0.7333333333333333 0.6113281250000000 0.0401041666666667 0.0386718750000000
1 0.0572916666666667 0.5824218750000000 0.0317708333333333 0.0210937500000000
1 0.0885416666666667 0.5875000000000000 0.0317708333333333 0.0187500000000000
1 0.1223958333333333 0.5875000000000000 0.0359375000000000 0.0316406250000000
1 0.1583333333333333 0.5914062500000000 0.0369791666666667 0.0371093750000000
1 0.5354166666666667 0.6480468750000000 0.0546875000000000 0.0421875000000000
1 0.4822916666666667 0.6421875000000000 0.0500000000000000 0.0386718750000000
1 0.4307291666666667 0.6328125000000000 0.0494791666666667 0.0429687500000000
1 0.3807291666666667 0.6238281250000000 0.0479166666666667 0.0394531250000000
1 0.3307291666666667 0.6179687500000000 0.0447916666666667 0.0417968750000000
1 0.2828125000000000 0.6121093750000000 0.0421875000000000 0.0351562500000000
1 0.2364583333333333 0.6046875000000000 0.0479166666666667 0.0414062500000000
1 0.6963541666666667 0.6007812500000000 0.0302083333333333 0.0488281250000000
1 0.1947916666666667 0.6007812500000000 0.0343750000000000 0.0339843750000000
1 0.7578125000000000 0.6824218750000000 0.0510416666666667 0.0496093750000000
1 0.8125000000000000 0.6914062500000000 0.0489583333333333 0.0621093750000000
1 0.8692708333333333 0.7011718750000000 0.0635416666666667 0.0554687500000000
1 0.9281250000000000 0.7105468750000000 0.0500000000000000 0.0648437500000000
1 0.9802083333333333 0.7183593750000000 0.0406250000000000 0.0652343750000000
1 0.0088541666666667 0.6324218750000000 0.0182291666666667 0.0531250000000000
1 0.0296875000000000 0.6335937500000000 0.0208333333333333 0.0562500000000000
1 0.7062500000000000 0.6734375000000000 0.0437500000000000 0.0597656250000000
1 0.7401041666666667 0.7703125000000000 0.0734375000000000 0.0683593750000000
1 0.2098958333333333 0.6687500000000000 0.0197916666666667 0.0644531250000000
1 0.2583333333333334 0.6753906250000000 0.0270833333333333 0.0656250000000000
1 0.0781250000000000 0.5121093750000000 0.0447916666666667 0.0425781250000000
1 0.0395833333333333 0.5097656250000000 0.0317708333333333 0.0414062500000000
1 0.9598958333333333 0.5359375000000000 0.0494791666666667 0.0453125000000000
1 0.9093750000000000 0.5316406250000000 0.0437500000000000 0.0417968750000000
1 0.8666666666666667 0.5269531250000000 0.0385416666666667 0.0449218750000000
1 0.8187500000000000 0.5230468750000000 0.0385416666666667 0.0425781250000000
1 0.7729166666666667 0.5179687500000000 0.0427083333333333 0.0410156250000000
1 0.7296875000000000 0.5113281250000000 0.0312500000000000 0.0453125000000000
1 0.6979166666666666 0.4777343750000000 0.0338541666666667 0.0226562500000000
1 0.6755208333333333 0.5093750000000000 0.0442708333333333 0.0367187500000000
1 0.6354166666666666 0.5062500000000000 0.0364583333333333 0.0339843750000000
1 0.5947916666666667 0.5015625000000000 0.0390625000000000 0.0351562500000000
1 0.5583333333333333 0.4964843750000000 0.0333333333333333 0.0363281250000000
1 0.6145833333333334 0.7382812500000000 0.0208333333333333 0.0570312500000000
1 0.6468750000000000 0.7542968750000000 0.0411458333333333 0.0652343750000000
1 0.1260416666666667 0.5250000000000000 0.0343750000000000 0.0457031250000000
1 0.5692708333333333 0.7382812500000000 0.0364583333333333 0.0613281250000000
1 0.5354166666666667 0.7246093750000000 0.0296875000000000 0.0730468750000000
1 0.4802083333333333 0.7195312500000000 0.0260416666666667 0.0628906250000000
1 0.3062500000000000 0.6773437500000000 0.0203125000000000 0.0464843750000000
1 0.3302083333333333 0.6796875000000000 0.0250000000000000 0.0480468750000000
1 0.3796875000000000 0.6984375000000000 0.0276041666666667 0.0679687500000000
1 0.4052083333333333 0.7023437500000000 0.0239583333333333 0.0679687500000000
1 0.4291666666666666 0.7078125000000000 0.0244791666666667 0.0679687500000000
1 0.4541666666666667 0.7183593750000000 0.0250000000000000 0.0558593750000000
1 0.6489583333333333 0.5925781250000000 0.0640625000000000 0.0449218750000000
1 0.2333333333333333 0.6730468750000000 0.0223958333333333 0.0613281250000000
1 0.5739583333333333 0.5851562500000000 0.0578125000000000 0.0453125000000000
1 0.4546875000000000 0.5699218750000000 0.0489583333333333 0.0417968750000000
1 0.4031250000000000 0.5625000000000000 0.0489583333333333 0.0437500000000000
1 0.1177083333333333 0.3777343750000000 0.0343750000000000 0.0476562500000000
1 0.3062500000000000 0.5507812500000000 0.0442708333333333 0.0394531250000000
1 0.2578125000000000 0.5449218750000000 0.0494791666666667 0.0386718750000000
1 0.2125000000000000 0.5406250000000000 0.0385416666666667 0.0382812500000000
1 0.1651041666666667 0.5296875000000000 0.0437500000000000 0.0480468750000000
1 0.5072916666666667 0.5769531250000000 0.0557291666666667 0.0425781250000000
1 0.0828125000000000 0.3769531250000000 0.0348958333333333 0.0492187500000000
1 0.1286458333333333 0.3117187500000000 0.0401041666666667 0.0308593750000000
1 0.1994791666666667 0.1703125000000000 0.0317708333333333 0.0359375000000000
1 0.4088541666666667 0.1679687500000000 0.0505208333333333 0.0406250000000000
1 0.3651041666666667 0.1722656250000000 0.0338541666666667 0.0328125000000000
1 0.3218750000000000 0.1679687500000000 0.0505208333333333 0.0390625000000000
1 0.2781250000000000 0.1691406250000000 0.0359375000000000 0.0359375000000000
1 0.2375000000000000 0.1699218750000000 0.0411458333333333 0.0351562500000000
1 0.1484375000000000 0.1507812500000000 0.0510416666666667 0.0234375000000000
1 0.4567708333333333 0.1679687500000000 0.0437500000000000 0.0410156250000000
1 0.1583333333333333 0.1753906250000000 0.0510416666666667 0.0257812500000000
1 0.0697916666666667 0.1726562500000000 0.0348958333333333 0.0285156250000000
1 0.0317708333333333 0.1750000000000000 0.0421875000000000 0.0242187500000000
1 0.3401041666666667 0.2460937500000000 0.0468750000000000 0.0324218750000000
1 0.3864583333333333 0.2472656250000000 0.0473958333333333 0.0367187500000000
1 0.4343750000000000 0.2480468750000000 0.0437500000000000 0.0355468750000000
1 0.4833333333333333 0.2484375000000000 0.0489583333333333 0.0390625000000000
1 0.1104166666666667 0.1753906250000000 0.0416666666666667 0.0250000000000000
1 0.5020833333333333 0.1683593750000000 0.0479166666666667 0.0394531250000000
1 0.5505208333333333 0.1667968750000000 0.0463541666666667 0.0414062500000000
1 0.6010416666666667 0.1667968750000000 0.0546875000000000 0.0406250000000000
1 0.2942708333333333 0.2457031250000000 0.0447916666666667 0.0335937500000000
1 0.2359375000000000 0.2265625000000000 0.0473958333333333 0.0718750000000000
1 0.1994791666666667 0.2433593750000000 0.0218750000000000 0.0316406250000000
1 0.1572916666666667 0.2445312500000000 0.0526041666666667 0.0335937500000000
1 0.1109375000000000 0.2429687500000000 0.0401041666666667 0.0355468750000000
1 0.0703125000000000 0.2425781250000000 0.0359375000000000 0.0304687500000000
1 0.0260416666666667 0.2398437500000000 0.0520833333333333 0.0363281250000000
1 0.9828125000000000 0.1636718750000000 0.0338541666666667 0.0425781250000000
1 0.9364583333333333 0.1632812500000000 0.0546875000000000 0.0425781250000000
1 0.8796875000000000 0.1652343750000000 0.0531250000000000 0.0386718750000000
1 0.8270833333333333 0.1660156250000000 0.0520833333333333 0.0398437500000000
1 0.7786458333333334 0.1656250000000000 0.0421875000000000 0.0390625000000000
1 0.5083333333333333 0.1339843750000000 0.0505208333333333 0.0234375000000000
1 0.7125000000000000 0.1652343750000000 0.0598958333333333 0.0433593750000000
1 0.6567708333333333 0.1664062500000000 0.0515625000000000 0.0429687500000000
1 0.5317708333333333 0.2500000000000000 0.0505208333333333 0.0371093750000000
1 0.5833333333333334 0.2496093750000000 0.0515625000000000 0.0371093750000000
1 0.6500000000000000 0.6667968750000000 0.0562500000000000 0.0464843750000000
1 0.6906250000000000 0.2519531250000000 0.0546875000000000 0.0363281250000000
1 0.0182291666666667 0.3050781250000000 0.0369791666666667 0.0347656250000000
1 0.4963541666666667 0.2992187500000000 0.0531250000000000 0.0273437500000000
1 0.4505208333333333 0.2988281250000000 0.0348958333333333 0.0269531250000000
1 0.4072916666666667 0.2980468750000000 0.0500000000000000 0.0285156250000000
1 0.2807291666666666 0.2914062500000000 0.0656250000000000 0.0246093750000000
1 0.3989583333333334 0.3285156250000000 0.0505208333333333 0.0320312500000000
1 0.3484375000000000 0.3250000000000000 0.0510416666666667 0.0335937500000000
1 0.3015625000000000 0.3226562500000000 0.0411458333333333 0.0285156250000000
1 0.2557291666666667 0.3214843750000000 0.0484375000000000 0.0308593750000000
1 0.2114583333333333 0.3160156250000000 0.0401041666666667 0.0339843750000000
1 0.6375000000000000 0.2503906250000000 0.0531250000000000 0.0339843750000000
1 0.0520833333333333 0.3058593750000000 0.0307291666666667 0.0332031250000000
1 0.0880208333333333 0.3085937500000000 0.0385416666666667 0.0367187500000000
1 0.5916666666666667 0.6582031250000000 0.0588541666666667 0.0457031250000000
1 0.1697916666666667 0.3132812500000000 0.0385416666666667 0.0347656250000000
1 0.5614583333333333 0.3035156250000000 0.0567708333333333 0.0312500000000000
1 0.5057291666666667 0.3339843750000000 0.0489583333333333 0.0328125000000000
1 0.4505208333333333 0.3300781250000000 0.0526041666666667 0.0339843750000000
1 0.6223958333333334 0.3394531250000000 0.0557291666666667 0.0359375000000000
1 0.8088541666666667 0.2566406250000000 0.0515625000000000 0.0476562500000000
1 0.7598958333333333 0.2570312500000000 0.0453125000000000 0.0382812500000000
1 0.5609375000000000 0.3359375000000000 0.0572916666666667 0.0351562500000000
1 0.9708333333333333 0.2578125000000000 0.0588541666666667 0.0425781250000000
1 0.9119791666666667 0.2550781250000000 0.0567708333333333 0.0476562500000000
1 0.0151041666666667 0.3691406250000000 0.0307291666666667 0.0480468750000000
1 0.0473958333333333 0.3738281250000000 0.0348958333333333 0.0433593750000000
1 0.8932291666666666 0.3464843750000000 0.0500000000000000 0.0425781250000000
1 0.8453125000000000 0.3457031250000000 0.0437500000000000 0.0414062500000000
1 0.7963541666666667 0.3429687500000000 0.0453125000000000 0.0398437500000000
1 0.7453125000000000 0.3414062500000000 0.0432291666666667 0.0375000000000000
1 0.6880208333333333 0.3410156250000000 0.0645833333333333 0.0359375000000000
1 0.9494791666666667 0.3480468750000000 0.0510416666666667 0.0441406250000000
1 0.8614583333333333 0.2558593750000000 0.0500000000000000 0.0437500000000000
