1 0.5281862745098039 0.1479779411764706 0.0596405228758170 0.0312500000000000
1 0.1625816993464052 0.1580882352941176 0.0653594771241830 0.0284926470588235
1 0.2246732026143791 0.1632965686274510 0.0555555555555556 0.0373774509803922
1 0.2875816993464052 0.1666666666666667 0.0596405228758170 0.0330882352941176
1 0.3488562091503268 0.1691176470588235 0.0547385620915033 0.0284926470588235
1 0.4056372549019608 0.1709558823529412 0.0547385620915033 0.0367647058823529
1 0.0984477124183007 0.1544117647058824 0.0604575163398693 0.0355392156862745
1 0.0383986928104575 0.1541053921568628 0.0526960784313725 0.0278799019607843
1 0.0306372549019608 0.1850490196078431 0.0616830065359477 0.0333946078431373
1 0.0939542483660131 0.1875000000000000 0.0612745098039216 0.0281862745098039
1 0.1568627450980392 0.1911764705882353 0.0600490196078431 0.0333946078431373
1 0.2189542483660131 0.1963848039215686 0.0608660130718954 0.0269607843137255
1 0.2790032679738562 0.2006740196078431 0.0531045751633987 0.0349264705882353
1 0.4669117647058824 0.1770833333333333 0.0563725490196078 0.0315563725490196
1 0.3517156862745098 0.1360294117647059 0.0543300653594771 0.0269607843137255
1 0.5285947712418301 0.1798406862745098 0.0592320261437908 0.0278799019607843
1 0.5919117647058824 0.1838235294117647 0.0596405228758170 0.0327818627450980
1 0.6589052287581699 0.1847426470588235 0.0661764705882353 0.0324754901960784
1 0.4056372549019608 0.1354166666666667 0.0351307189542484 0.0324754901960784
1 0.5910947712418301 0.1492034313725490 0.0657679738562092 0.0324754901960784
1 0.4669117647058824 0.1449142156862745 0.0531045751633987 0.0291053921568627
1 0.5759803921568627 0.2849264705882353 0.0649509803921569 0.0379901960784314
1 0.4060457516339869 0.2071078431372549 0.0629084967320261 0.0333946078431373
1 0.6360294117647058 0.3275122549019608 0.0629084967320261 0.0361519607843137
1 0.5706699346405228 0.3262867647058824 0.0637254901960784 0.0324754901960784
1 0.5122549019607843 0.3226102941176471 0.0531045751633987 0.0386029411764706
1 0.4256535947712418 0.3125000000000000 0.0959967320261438 0.0416666666666667
1 0.3239379084967320 0.3097426470588235 0.1045751633986928 0.0361519607843137
1 0.2336601307189543 0.3060661764705883 0.0633169934640523 0.0349264705882353
1 0.1695261437908497 0.3011642156862745 0.0645424836601307 0.0306372549019608
1 0.1074346405228758 0.2977941176470588 0.0518790849673203 0.0343137254901961
1 0.0567810457516340 0.2947303921568628 0.0490196078431373 0.0297181372549020
1 0.9554738562091504 0.3388480392156863 0.0710784313725490 0.0327818627450980
1 0.0596405228758170 0.2610294117647059 0.0674019607843137 0.0337009803921569
1 0.2369281045751634 0.2689950980392157 0.0637254901960784 0.0333946078431373
1 0.3178104575163399 0.2411151960784314 0.1017156862745098 0.0137867647058824
1 0.4325980392156863 0.2493872549019608 0.0996732026143791 0.0177696078431373
1 0.3321078431372549 0.2696078431372549 0.1013071895424837 0.0389093137254902
1 0.4346405228758170 0.2745098039215687 0.1013071895424837 0.0321691176470588
1 0.5142973856209150 0.2821691176470588 0.0580065359477124 0.0392156862745098
1 0.1380718954248366 0.5808823529411765 0.0816993464052288 0.0272671568627451
1 0.2928921568627451 0.1314338235294118 0.0616830065359477 0.0309436274509804
1 0.6405228758169934 0.2879901960784313 0.0600490196078431 0.0413602941176471
1 0.1740196078431372 0.2668504901960784 0.0551470588235294 0.0358455882352941
1 0.3398692810457516 0.2015931372549020 0.0616830065359477 0.0312500000000000
1 0.8819444444444444 0.3385416666666667 0.0743464052287582 0.0349264705882353
1 0.7148692810457516 0.3302696078431372 0.0788398692810457 0.0358455882352941
1 0.4689542483660131 0.2095588235294118 0.0604575163398693 0.0306372549019608
1 0.5306372549019608 0.2129289215686274 0.0616830065359477 0.0324754901960784
1 0.5919117647058824 0.2150735294117647 0.0604575163398693 0.0287990196078431
1 0.6564542483660131 0.2202818627450980 0.0629084967320261 0.0352328431372549
1 0.7381535947712419 0.1384803921568628 0.0825163398692810 0.0398284313725490
1 0.8202614379084967 0.1436887254901961 0.0808823529411765 0.0395220588235294
1 0.9023692810457516 0.1470588235294118 0.0763888888888889 0.0450367647058824
1 0.9718137254901961 0.1488970588235294 0.0580065359477124 0.0416666666666667
1 0.9689542483660131 0.1902573529411765 0.0608660130718954 0.0367647058823529
1 0.7977941176470589 0.3327205882352941 0.0853758169934641 0.0352328431372549
1 0.8962418300653595 0.1893382352941176 0.0833333333333333 0.0392156862745098
1 0.7348856209150327 0.1813725490196078 0.0829248366013072 0.0428921568627451
1 0.7291666666666666 0.2212009803921569 0.0780228758169935 0.0346200980392157
1 0.8120915032679739 0.2242647058823529 0.0841503267973856 0.0300245098039216
1 0.8950163398692811 0.2288602941176471 0.0780228758169935 0.0382965686274510
1 0.9669117647058824 0.2288602941176471 0.0649509803921569 0.0379901960784314
1 0.9566993464052288 0.3008578431372549 0.0723039215686275 0.0373774509803922
1 0.8803104575163399 0.2981004901960784 0.0792483660130719 0.0435049019607843
1 0.7994281045751634 0.2919730392156863 0.0776143790849673 0.0413602941176471
1 0.7185457516339869 0.2889093137254902 0.0796568627450980 0.0444240196078431
1 0.8157679738562091 0.1871936274509804 0.0739379084967320 0.0425857843137255
1 0.2324346405228758 0.1283700980392157 0.0547385620915033 0.0337009803921569
1 0.2169117647058824 0.5894607843137255 0.0698529411764706 0.0214460784313725
1 0.1025326797385621 0.1179534313725490 0.0657679738562092 0.0297181372549020
1 0.6981209150326797 0.9249387254901961 0.0878267973856209 0.0404411764705882
1 0.6997549019607843 0.8783700980392157 0.0845588235294118 0.0496323529411765
1 0.5853758169934641 0.9071691176470589 0.0898692810457516 0.0367647058823529
1 0.4975490196078431 0.9099264705882353 0.0772058823529412 0.0300245098039216
1 0.5036764705882353 0.8725490196078431 0.0767973856209150 0.0349264705882353
1 0.5919117647058824 0.8716299019607843 0.0923202614379085 0.0337009803921569
1 0.5906862745098039 0.8403799019607843 0.0812908496732026 0.0251225490196078
1 0.5057189542483660 0.8394607843137255 0.0800653594771242 0.0281862745098039
1 0.4138071895424836 0.8296568627450981 0.0947712418300654 0.0183823529411765
1 0.3141339869281046 0.8318014705882353 0.1008986928104575 0.0251225490196078
1 0.1879084967320261 0.8406862745098039 0.1123366013071895 0.0404411764705882
1 0.0890522875816993 0.8768382352941176 0.0788398692810457 0.0346200980392157
1 0.0816993464052288 0.8351715686274510 0.0919117647058824 0.0441176470588235
1 0.1119281045751634 0.6850490196078431 0.0776143790849673 0.0294117647058824
1 0.0334967320261438 0.7193627450980392 0.0674019607843137 0.0416666666666667
1 0.0314542483660131 0.7631740196078431 0.0633169934640523 0.0441176470588235
1 0.1143790849673203 0.7699142156862745 0.0955882352941176 0.0428921568627451
1 0.1245915032679739 0.7236519607843137 0.0902777777777778 0.0431985294117647
1 0.2062908496732026 0.7717524509803921 0.0833333333333333 0.0395220588235294
1 0.2144607843137255 0.7248774509803921 0.0776143790849673 0.0404411764705882
1 0.2226307189542484 0.6819852941176471 0.0906862745098039 0.0379901960784314
1 0.3235294117647059 0.6917892156862745 0.0776143790849673 0.0477941176470588
1 0.3108660130718954 0.7270220588235294 0.1008986928104575 0.0159313725490196
1 0.8790849673202614 0.5514705882352942 0.0812908496732026 0.0422794117647059
1 0.9583333333333334 0.5523897058823529 0.0690359477124183 0.0389093137254902
1 0.9526143790849673 0.5101102941176471 0.0653594771241830 0.0361519607843137
1 0.8754084967320261 0.5162377450980392 0.0743464052287582 0.0226715686274510
1 0.5727124183006536 0.3927696078431372 0.0285947712418301 0.0287990196078431
1 0.4203431372549020 0.3820465686274510 0.0939542483660131 0.0441176470588235
1 0.3235294117647059 0.3756127450980392 0.0988562091503268 0.0333946078431373
1 0.2258986928104575 0.3768382352941176 0.0657679738562092 0.0349264705882353
1 0.0396241830065359 0.4721200980392157 0.0334967320261438 0.0407475490196078
1 0.0915032679738562 0.4754901960784313 0.0698529411764706 0.0330882352941176
1 0.1621732026143791 0.4794730392156863 0.0604575163398693 0.0364583333333333
1 0.2242647058823529 0.4800857843137255 0.0620915032679739 0.0370710784313725
1 0.3096405228758170 0.4794730392156863 0.1013071895424837 0.0413602941176471
1 0.4150326797385621 0.4837622549019608 0.0976307189542484 0.0386029411764706
1 0.4991830065359477 0.4914215686274510 0.0604575163398693 0.0382965686274510
1 0.3067810457516340 0.7420343137254902 0.1021241830065359 0.0104166666666667
1 0.5751633986928104 0.4963235294117647 0.0727124183006536 0.0352328431372549
1 0.6384803921568627 0.5401348039215687 0.0706699346405229 0.0324754901960784
1 0.5690359477124183 0.5361519607843137 0.0637254901960784 0.0386029411764706
1 0.4983660130718954 0.5321691176470589 0.0706699346405229 0.0361519607843137
1 0.4142156862745098 0.5278799019607843 0.0964052287581699 0.0428921568627451
1 0.3051470588235294 0.5202205882352942 0.1029411764705882 0.0376838235294118
1 0.2140522875816993 0.5193014705882353 0.0702614379084967 0.0361519607843137
1 0.1474673202614379 0.5174632352941176 0.0625000000000000 0.0312500000000000
1 0.0837418300653595 0.5128676470588235 0.0571895424836601 0.0364583333333333
1 0.1699346405228758 0.1225490196078431 0.0629084967320261 0.0324754901960784
1 0.7169117647058824 0.5018382352941176 0.0694444444444444 0.0419730392156863
1 0.7945261437908496 0.5088848039215687 0.0784313725490196 0.0327818627450980
1 0.6454248366013072 0.4981617647058824 0.0637254901960784 0.0416666666666667
1 0.3018790849673202 0.7735906862745098 0.0996732026143791 0.0422794117647059
1 0.4048202614379085 0.7800245098039216 0.0935457516339869 0.0438112745098039
1 0.4117647058823529 0.7368259803921569 0.0906862745098039 0.0407475490196078
1 0.2079248366013072 0.6204044117647058 0.0833333333333333 0.0382965686274510
1 0.3031045751633987 0.6262254901960784 0.0984477124183007 0.0413602941176471
1 0.4084967320261438 0.6314338235294118 0.1004901960784314 0.0382965686274510
1 0.5008169934640523 0.6378676470588235 0.0800653594771242 0.0373774509803922
1 0.5808823529411765 0.6403186274509803 0.0808823529411765 0.0327818627450980
1 0.6384803921568627 0.6452205882352942 0.0306372549019608 0.0309436274509804
1 0.6405228758169934 0.6109068627450981 0.0277777777777778 0.0379901960784314
1 0.5874183006535948 0.5799632352941176 0.0808823529411765 0.0101102941176471
1 0.5081699346405228 0.5765931372549019 0.0739379084967320 0.0165441176470588
1 0.5857843137254902 0.6060049019607843 0.0784313725490196 0.0361519607843137
1 0.5049019607843137 0.6026348039215687 0.0804738562091503 0.0309436274509804
1 0.1237745098039216 0.6185661764705882 0.0784313725490196 0.0404411764705882
1 0.4138071895424836 0.5885416666666666 0.0939542483660131 0.0438112745098039
1 0.2140522875816993 0.5664828431372549 0.0735294117647059 0.0193014705882353
1 0.8590686274509803 0.7150735294117647 0.0735294117647059 0.0407475490196078
1 0.7009803921568627 0.6479779411764706 0.0821078431372549 0.0373774509803922
1 0.7855392156862745 0.6498161764705882 0.0800653594771242 0.0327818627450980
1 0.8643790849673203 0.6544117647058824 0.0780228758169935 0.0413602941176471
1 0.9415849673202614 0.6583946078431373 0.0669934640522876 0.0376838235294118
1 0.9820261437908496 0.6145833333333334 0.0367647058823529 0.0398284313725490
1 0.9285130718954249 0.6173406862745098 0.0661764705882353 0.0373774509803922
1 0.8594771241830066 0.6130514705882353 0.0616830065359477 0.0370710784313725
1 0.7867647058823529 0.6136642156862745 0.0829248366013072 0.0373774509803922
1 0.6997549019607843 0.6081495098039216 0.0841503267973856 0.0370710784313725
1 0.3080065359477124 0.5857843137254902 0.1098856209150327 0.0340073529411765
1 0.5241013071895425 0.3866421568627451 0.0616830065359477 0.0422794117647059
1 0.0347222222222222 0.6148897058823529 0.0596405228758170 0.0407475490196078
1 0.0420751633986928 0.5609681372549019 0.0580065359477124 0.0186887254901961
1 0.4146241830065360 0.7098651960784313 0.0902777777777778 0.0107230392156863
1 0.4154411764705883 0.6982230392156863 0.0882352941176471 0.0119485294117647
1 0.4183006535947713 0.6804534313725490 0.0874183006535948 0.0202205882352941
1 0.4942810457516340 0.7864583333333334 0.0825163398692810 0.0321691176470588
1 0.4967320261437909 0.7500000000000000 0.0751633986928105 0.0376838235294118
1 0.5036764705882353 0.7123161764705882 0.0800653594771242 0.0373774509803922
1 0.5841503267973857 0.7172181372549019 0.0784313725490196 0.0327818627450980
1 0.5800653594771242 0.7512254901960784 0.0861928104575163 0.0333946078431373
1 0.5723039215686274 0.7879901960784313 0.0788398692810457 0.0376838235294118
1 0.5212418300653595 0.6838235294117647 0.0808823529411765 0.0165441176470588
1 0.6041666666666666 0.6902573529411765 0.0776143790849673 0.0189950980392157
1 0.0396241830065359 0.5827205882352942 0.0702614379084967 0.0156250000000000
1 0.6421568627450981 0.7169117647058824 0.0245098039215686 0.0321691176470588
1 0.6311274509803921 0.7882965686274510 0.0285947712418301 0.0358455882352941
1 0.6993464052287581 0.7095588235294118 0.0788398692810457 0.0367647058823529
1 0.7785947712418301 0.7123161764705882 0.0743464052287582 0.0401348039215686
1 0.7745098039215687 0.7539828431372549 0.0743464052287582 0.0428921568627451
1 0.6952614379084967 0.7506127450980392 0.0784313725490196 0.0395220588235294
1 0.6903594771241830 0.7913602941176471 0.0837418300653595 0.0346200980392157
1 0.7732843137254902 0.7953431372549019 0.0784313725490196 0.0401348039215686
1 0.8541666666666666 0.7993259803921569 0.0767973856209150 0.0428921568627451
1 0.8578431372549019 0.7570465686274510 0.0845588235294118 0.0370710784313725
1 0.7994281045751634 0.5481004901960784 0.0772058823529412 0.0416666666666667
1 0.7185457516339869 0.5444240196078431 0.0833333333333333 0.0361519607843137
1 0.6356209150326797 0.7512254901960784 0.0249183006535948 0.0352328431372549
1 0.6225490196078431 0.3964460784313725 0.0633169934640523 0.0373774509803922
1 0.6589052287581699 0.1479779411764706 0.0612745098039216 0.0309436274509804
1 0.9501633986928104 0.4469975490196079 0.0674019607843137 0.0392156862745098
1 0.6956699346405228 0.3992034313725490 0.0796568627450980 0.0321691176470588
1 0.7757352941176471 0.4022671568627451 0.0763888888888889 0.0379901960784314
1 0.8639705882352942 0.4132965686274510 0.0723039215686275 0.0180759803921569
1 0.9293300653594772 0.4087009803921569 0.0518790849673203 0.0346200980392157
1 0.9775326797385621 0.4126838235294117 0.0441176470588235 0.0318627450980392
1 0.8733660130718954 0.4439338235294117 0.0796568627450980 0.0379901960784314
1 0.7855392156862745 0.4396446078431372 0.0800653594771242 0.0370710784313725
1 0.6989379084967320 0.4359681372549020 0.0792483660130719 0.0392156862745098
1 0.5535130718954249 0.4280024509803921 0.0592320261437908 0.0407475490196078
1 0.4922385620915033 0.4246323529411765 0.0596405228758170 0.0373774509803922
1 0.6213235294117647 0.4319852941176471 0.0702614379084967 0.0346200980392157
1 0.3067810457516340 0.4154411764705883 0.1025326797385621 0.0358455882352941
1 0.0473856209150327 0.1234681372549020 0.0396241830065359 0.0318627450980392
1 0.0142973856209150 0.3765318627450980 0.0257352941176471 0.0499387254901961
1 0.0138888888888889 0.2818627450980392 0.0216503267973856 0.0585171568627451
1 0.4113562091503268 0.4215686274509804 0.0935457516339869 0.0398284313725490
1 0.0102124183006536 0.4733455882352941 0.0204248366013072 0.0453431372549020
1 0.0130718954248366 0.4231004901960784 0.0228758169934641 0.0355392156862745
1 0.0833333333333333 0.3740808823529412 0.0625000000000000 0.0352328431372549
1 0.0694444444444444 0.4083946078431372 0.0641339869281046 0.0309436274509804
1 0.1584967320261438 0.4087009803921569 0.0629084967320261 0.0324754901960784
1 0.2267156862745098 0.4148284313725490 0.0563725490196078 0.0364583333333333
