1 0.7026143790849673 0.3593750000000000 0.0445261437908497 0.0974264705882353
1 0.7410130718954249 0.3691789215686275 0.0253267973856209 0.0900735294117647
1 0.5747549019607843 0.7162990196078431 0.0236928104575163 0.0750612745098039
1 0.6523692810457516 0.4718137254901961 0.0281862745098039 0.0992647058823529
1 0.6862745098039216 0.4684436274509804 0.0298202614379085 0.0943627450980392
1 0.7165032679738562 0.4690563725490196 0.0175653594771242 0.0937500000000000
1 0.7520424836601307 0.4690563725490196 0.0330882352941176 0.0867034313725490
1 0.7847222222222222 0.4690563725490196 0.0232843137254902 0.0916053921568627
1 0.8464052287581699 0.4794730392156863 0.0249183006535948 0.0796568627450980
1 0.8933823529411765 0.4773284313725490 0.0200163398692810 0.0661764705882353
1 0.2577614379084967 0.0710784313725490 0.0428921568627451 0.1363357843137255
1 0.3071895424836601 0.0732230392156863 0.0551470588235294 0.1400122549019608
1 0.3700980392156863 0.0759803921568627 0.0641339869281046 0.1243872549019608
1 0.4820261437908497 0.0716911764705882 0.0555555555555556 0.1393995098039216
1 0.5339052287581699 0.0735294117647059 0.0465686274509804 0.1314338235294118
1 0.5968137254901961 0.0772058823529412 0.0620915032679739 0.1222426470588235
1 0.6556372549019608 0.0968137254901961 0.0404411764705882 0.0940563725490196
1 0.7977941176470589 0.5557598039215687 0.0196078431372549 0.0539215686274510
1 0.6245915032679739 0.4770220588235294 0.0220588235294118 0.1011029411764706
1 0.7655228758169934 0.5560661764705882 0.0253267973856209 0.0517769607843137
1 0.9538398692810458 0.8737745098039216 0.0915032679738562 0.0324754901960784
1 0.7614379084967320 0.8541666666666666 0.0723039215686275 0.0716911764705882
1 0.6740196078431373 0.7227328431372549 0.0392156862745098 0.0502450980392157
1 0.7226307189542484 0.7227328431372549 0.0441176470588235 0.0401348039215686
1 0.7769607843137255 0.7359068627450981 0.0539215686274510 0.0361519607843137
1 0.8856209150326797 0.7196691176470589 0.1090686274509804 0.0444240196078431
1 0.9738562091503268 0.7215073529411765 0.0531045751633987 0.0505514705882353
1 0.0637254901960784 0.8455882352941176 0.0755718954248366 0.1066176470588235
1 0.1356209150326797 0.8363970588235294 0.0567810457516340 0.0977328431372549
1 0.2013888888888889 0.8468137254901961 0.0629084967320261 0.1060049019607843
1 0.2761437908496732 0.8477328431372549 0.0706699346405229 0.1109068627450980
1 0.3464052287581699 0.8419117647058824 0.0608660130718954 0.1047794117647059
1 0.4264705882352941 0.8397671568627451 0.0727124183006536 0.1256127450980392
1 0.5629084967320261 0.8498774509803921 0.0355392156862745 0.0830269607843137
1 0.6017156862745098 0.8284313725490197 0.0314542483660131 0.0992647058823529
1 0.6360294117647058 0.8419117647058824 0.0306372549019608 0.1038602941176471
1 0.6883169934640523 0.8550857843137255 0.0678104575163399 0.0778186274509804
1 0.8533496732026143 0.8682598039215687 0.0992647058823529 0.0477941176470588
1 0.7238562091503268 0.5526960784313726 0.0175653594771242 0.0545343137254902
1 0.7034313725490197 0.5551470588235294 0.0175653594771242 0.0548406862745098
1 0.6491013071895425 0.5566789215686274 0.0306372549019608 0.0533088235294118
1 0.5241013071895425 0.4022671568627451 0.0559640522875817 0.1112132352941176
1 0.4652777777777778 0.3973651960784313 0.0486111111111111 0.1115196078431373
1 0.4105392156862745 0.4001225490196079 0.0494281045751634 0.1115196078431373
1 0.3427287581699346 0.4044117647058824 0.0669934640522876 0.1038602941176471
1 0.2614379084967320 0.3897058823529412 0.0731209150326797 0.1262254901960784
1 0.1813725490196078 0.3915441176470588 0.0616830065359477 0.1240808823529412
1 0.1143790849673203 0.3924632352941176 0.0641339869281046 0.1207107843137255
1 0.0457516339869281 0.3927696078431372 0.0539215686274510 0.1222426470588235
1 0.9844771241830066 0.2251838235294118 0.0306372549019608 0.0912990196078431
1 0.9432189542483660 0.2245710784313726 0.0469771241830065 0.0922181372549020
1 0.8962418300653595 0.2245710784313726 0.0371732026143791 0.0928308823529412
1 0.8484477124183006 0.2202818627450980 0.0490196078431373 0.0922181372549020
1 0.8039215686274510 0.2411151960784314 0.0298202614379085 0.0560661764705882
1 0.7614379084967320 0.2236519607843137 0.0343137254901961 0.0793504901960784
1 0.7103758169934641 0.2294730392156863 0.0543300653594771 0.0735294117647059
1 0.5861928104575164 0.3982843137254902 0.0522875816993464 0.1136642156862745
1 0.6482843137254902 0.3704044117647059 0.0494281045751634 0.0925245098039216
1 0.5277777777777778 0.2411151960784314 0.0551470588235294 0.1317401960784314
1 0.4767156862745098 0.2401960784313726 0.0424836601307190 0.1243872549019608
1 0.6164215686274510 0.5575980392156863 0.0200163398692810 0.0551470588235294
1 0.8149509803921569 0.4656862745098039 0.0220588235294118 0.0784313725490196
1 0.9677287581699346 0.4650735294117647 0.0375816993464052 0.0640318627450980
1 0.9195261437908496 0.4764093137254902 0.0253267973856209 0.0637254901960784
1 0.7148692810457516 0.0928308823529412 0.0547385620915033 0.1032475490196078
1 0.7724673202614379 0.0980392156862745 0.0416666666666667 0.0888480392156863
1 0.8198529411764706 0.1004901960784314 0.0375816993464052 0.0906862745098039
1 0.6004901960784313 0.7162990196078431 0.0200163398692810 0.0600490196078431
1 0.8782679738562091 0.0842524509803922 0.0620915032679739 0.1274509803921569
1 0.0302287581699346 0.2313112745098039 0.0547385620915033 0.1449142156862745
1 0.0931372549019608 0.2343750000000000 0.0473856209150327 0.1360294117647059
1 0.1503267973856209 0.2533700980392157 0.0543300653594771 0.0891544117647059
1 0.2177287581699346 0.2257965686274510 0.0559640522875817 0.1446078431372549
1 0.2839052287581699 0.2414215686274510 0.0575980392156863 0.1280637254901961
1 0.3566176470588235 0.2334558823529412 0.0547385620915033 0.1375612745098039
1 0.4154411764705883 0.2401960784313726 0.0473856209150327 0.1344975490196078
1 0.9468954248366013 0.0848651960784314 0.0518790849673203 0.1176470588235294
1 0.6544117647058824 0.2224264705882353 0.0465686274509804 0.0839460784313725
1 0.5951797385620915 0.2956495098039216 0.0588235294117647 0.0364583333333333
1 0.4325980392156863 0.6914828431372549 0.0351307189542484 0.1228553921568627
1 0.4219771241830065 0.5569852941176471 0.0604575163398693 0.1084558823529412
1 0.4832516339869281 0.5502450980392157 0.0559640522875817 0.1011029411764706
1 0.5620915032679739 0.5775122549019608 0.0767973856209150 0.0670955882352941
1 0.0351307189542484 0.6890318627450981 0.0669934640522876 0.1200980392156863
1 0.8680555555555556 0.5536151960784313 0.0183823529411765 0.0471813725490196
1 0.9048202614379085 0.5505514705882353 0.0167483660130719 0.0520833333333333
1 0.9428104575163399 0.5533088235294118 0.0196078431372549 0.0533088235294118
1 0.9714052287581699 0.5542279411764706 0.0245098039215686 0.0511642156862745
1 0.6135620915032680 0.6516544117647058 0.0232843137254902 0.0477941176470588
1 0.6397058823529411 0.6583946078431373 0.0204248366013072 0.0477941176470588
1 0.6797385620915033 0.6617647058823529 0.0302287581699346 0.0462622549019608
1 0.5073529411764706 0.6881127450980392 0.1066176470588235 0.1225490196078431
1 0.7401960784313726 0.6501225490196079 0.0330882352941176 0.0621936274509804
1 0.7757352941176471 0.6479779411764706 0.0224673202614379 0.0621936274509804
1 0.7998366013071896 0.6461397058823529 0.0159313725490196 0.0719975490196078
1 0.9795751633986928 0.6449142156862745 0.0241013071895425 0.0667892156862745
1 0.9411764705882353 0.6528799019607843 0.0310457516339869 0.0698529411764706
1 0.8950163398692811 0.6470588235294118 0.0142973856209150 0.0643382352941176
1 0.8762254901960784 0.6513480392156863 0.0208333333333333 0.0628063725490196
1 0.3537581699346405 0.5496323529411765 0.0698529411764706 0.1222426470588235
1 0.8529411764705882 0.6455269607843137 0.0171568627450980 0.0637254901960784
1 0.2830882352941176 0.5508578431372549 0.0616830065359477 0.1210171568627451
1 0.1327614379084967 0.5484068627450981 0.0682189542483660 0.1191789215686275
1 0.3954248366013072 0.6936274509803921 0.0306372549019608 0.1253063725490196
1 0.3447712418300654 0.6914828431372549 0.0575980392156863 0.1161151960784314
1 0.2855392156862745 0.6945465686274510 0.0457516339869281 0.1200980392156863
1 0.2389705882352941 0.6920955882352942 0.0314542483660131 0.1151960784313725
1 0.2022058823529412 0.6945465686274510 0.0359477124183007 0.1185661764705882
1 0.1609477124183007 0.6905637254901961 0.0375816993464052 0.1182598039215686
1 0.1254084967320261 0.6933210784313726 0.0281862745098039 0.1200980392156863
1 0.0890522875816993 0.6908700980392157 0.0302287581699346 0.1197916666666667
1 0.1919934640522876 0.0741421568627451 0.0678104575163399 0.1354166666666667
1 0.1299019607843137 0.0891544117647059 0.0482026143790850 0.0848651960784314
1 0.0608660130718954 0.0710784313725490 0.0812908496732026 0.1335784313725490
1 0.7761437908496732 0.3495710784313725 0.0347222222222222 0.1210171568627451
1 0.8120915032679739 0.3492647058823529 0.0253267973856209 0.1219362745098039
1 0.8529411764705882 0.3498774509803921 0.0347222222222222 0.1161151960784314
1 0.8864379084967320 0.3618259803921569 0.0261437908496732 0.1014093137254902
1 0.9178921568627451 0.3639705882352941 0.0257352941176471 0.0965073529411765
1 0.9517973856209150 0.3553921568627451 0.0412581699346405 0.1078431372549020
1 0.8300653594771242 0.5542279411764706 0.0294117647058824 0.0554534313725490
1 0.9869281045751634 0.3523284313725490 0.0273692810457516 0.1194852941176471
1 0.0559640522875817 0.5465686274509803 0.0710784313725490 0.1314338235294118
1 0.2083333333333333 0.5496323529411765 0.0710784313725490 0.1262254901960784
1 0.8300653594771242 0.6510416666666666 0.0208333333333333 0.0618872549019608
