1 0.8962418300653595 0.3201593137254902 0.0518790849673203 0.0667892156862745
1 0.8415032679738562 0.3351715686274510 0.0486111111111111 0.0413602941176471
1 0.7475490196078431 0.3339460784313725 0.0588235294117647 0.0514705882352941
1 0.7050653594771242 0.4249387254901961 0.0510620915032680 0.0854779411764706
1 0.7459150326797386 0.4258578431372549 0.0253267973856209 0.0554534313725490
1 0.6188725490196079 0.3679534313725490 0.0547385620915033 0.1648284313725490
1 0.5453431372549019 0.3238357843137255 0.0592320261437908 0.0765931372549020
1 0.9799836601307189 0.3192401960784313 0.0420751633986928 0.0677083333333333
1 0.7883986928104575 0.4243259803921569 0.0498366013071895 0.0808823529411765
1 0.9358660130718954 0.3272058823529412 0.0224673202614379 0.0514705882352941
1 0.3839869281045752 0.4433210784313725 0.0584150326797386 0.0934436274509804
1 0.0751633986928105 0.4420955882352941 0.0428921568627451 0.0649509803921569
1 0.1282679738562091 0.4427083333333333 0.0498366013071895 0.0664828431372549
1 0.2046568627450980 0.4659926470588235 0.0829248366013072 0.0707720588235294
1 0.2647058823529412 0.4528186274509804 0.0261437908496732 0.0609681372549020
1 0.3186274509803921 0.4641544117647059 0.0563725490196078 0.0508578431372549
1 0.4795751633986928 0.3348651960784313 0.0383986928104575 0.0603553921568627
1 0.4366830065359477 0.4515931372549020 0.0392156862745098 0.0741421568627451
1 0.4754901960784313 0.4528186274509804 0.0318627450980392 0.0606617647058824
1 0.5179738562091504 0.4368872549019608 0.0424836601307190 0.0867034313725490
1 0.5584150326797386 0.4387254901960784 0.0326797385620915 0.0713848039215686
1 0.8308823529411765 0.4286151960784313 0.0228758169934641 0.0609681372549020
1 0.0383986928104575 0.4583333333333333 0.0388071895424837 0.0395220588235294
1 0.4436274509803921 0.3412990196078431 0.0232843137254902 0.0536151960784314
1 0.8729575163398693 0.2156862745098039 0.0347222222222222 0.0477941176470588
1 0.3321078431372549 0.3265931372549020 0.0706699346405229 0.0790441176470588
1 0.1580882352941176 0.0389093137254902 0.0674019607843137 0.0750612745098039
1 0.2336601307189543 0.0428921568627451 0.0669934640522876 0.0830269607843137
1 0.3174019607843137 0.0444240196078431 0.0931372549019608 0.0888480392156863
1 0.4011437908496732 0.0471813725490196 0.0629084967320261 0.0916053921568627
1 0.4599673202614379 0.0493259803921569 0.0518790849673203 0.0955882352941176
1 0.5098039215686274 0.0511642156862745 0.0392156862745098 0.0958946078431373
1 0.5669934640522876 0.0517769607843137 0.0723039215686275 0.1007965686274510
1 0.6274509803921569 0.0530024509803922 0.0416666666666667 0.1060049019607843
1 0.7549019607843137 0.0582107843137255 0.0645424836601307 0.1133578431372549
1 0.8157679738562091 0.0793504901960784 0.0490196078431373 0.0814950980392157
1 0.3982843137254902 0.3416053921568628 0.0571895424836601 0.0410539215686275
1 0.9276960784313726 0.0732230392156863 0.0588235294117647 0.1118259803921569
1 0.0330882352941176 0.2512254901960784 0.0571895424836601 0.1764705882352941
1 0.1058006535947712 0.2506127450980392 0.0600490196078431 0.1770833333333333
1 0.6993464052287581 0.2049632352941176 0.0355392156862745 0.0649509803921569
1 0.7602124183006536 0.2147671568627451 0.0514705882352941 0.0554534313725490
1 0.8202614379084967 0.2190563725490196 0.0580065359477124 0.0447303921568627
1 0.9325980392156863 0.2129289215686274 0.0498366013071895 0.0554534313725490
1 0.9803921568627451 0.2092524509803922 0.0383986928104575 0.0667892156862745
1 0.1740196078431372 0.3550857843137255 0.0388071895424837 0.0297181372549020
1 0.2214052287581699 0.3379289215686275 0.0424836601307190 0.0695465686274510
1 0.2679738562091503 0.3354779411764706 0.0461601307189543 0.0716911764705882
1 0.9795751633986928 0.0796568627450980 0.0408496732026144 0.1050857843137255
1 0.6821895424836601 0.0579044117647059 0.0653594771241830 0.1130514705882353
1 0.8272058823529411 0.7230392156862745 0.0379901960784314 0.0364583333333333
1 0.9142156862745098 0.6344975490196079 0.0555555555555556 0.0526960784313725
1 0.4395424836601307 0.7052696078431373 0.0187908496732026 0.0272671568627451
1 0.4718137254901961 0.7159926470588235 0.0281862745098039 0.0162377450980392
1 0.4677287581699346 0.7362132352941176 0.0241013071895425 0.0079656862745098
1 0.5886437908496732 0.6832107843137255 0.0592320261437908 0.0477941176470588
1 0.5249183006535948 0.6798406862745098 0.0522875816993464 0.0793504901960784
1 0.4183006535947713 0.7193627450980392 0.0212418300653595 0.0557598039215686
1 0.3925653594771242 0.7196691176470589 0.0241013071895425 0.0628063725490196
1 0.3402777777777778 0.7365196078431373 0.0273692810457516 0.0505514705882353
1 0.3108660130718954 0.7377450980392157 0.0277777777777778 0.0597426470588235
1 0.6368464052287581 0.6648284313725490 0.0224673202614379 0.0232843137254902
1 0.2495915032679739 0.7365196078431373 0.0518790849673203 0.0502450980392157
1 0.1842320261437909 0.7506127450980392 0.0551470588235294 0.0465686274509804
1 0.1004901960784314 0.7521446078431373 0.0849673202614379 0.0333946078431373
1 0.1156045751633987 0.8118872549019608 0.0853758169934641 0.0143995098039216
1 0.1123366013071895 0.7867647058823529 0.0919117647058824 0.0223651960784314
1 0.0306372549019608 0.7965686274509803 0.0616830065359477 0.0474877450980392
1 0.1503267973856209 0.6464460784313726 0.0559640522875817 0.0667892156862745
1 0.5571895424836601 0.5643382352941176 0.0089869281045752 0.0903799019607843
1 0.5441176470588235 0.5658700980392157 0.0130718954248366 0.0900735294117647
1 0.5302287581699346 0.5661764705882353 0.0106209150326797 0.0937500000000000
1 0.2483660130718954 0.6914828431372549 0.0714869281045752 0.0251225490196078
1 0.5151143790849673 0.5680147058823529 0.0106209150326797 0.0909926470588235
1 0.5710784313725490 0.5625000000000000 0.0106209150326797 0.0897671568627451
1 0.5988562091503268 0.5597426470588235 0.0151143790849673 0.0870098039215686
1 0.1805555555555556 0.8707107843137255 0.0559640522875817 0.0575980392156863
1 0.1074346405228758 0.8854166666666666 0.0686274509803922 0.0548406862745098
1 0.0314542483660131 0.9037990196078431 0.0633169934640523 0.0597426470588235
1 0.9791666666666666 0.6369485294117647 0.0441176470588235 0.0223651960784314
1 0.9726307189542484 0.6053921568627451 0.0571895424836601 0.0205269607843137
1 0.8116830065359477 0.6357230392156863 0.0318627450980392 0.0263480392156863
1 0.8157679738562091 0.6657475490196079 0.0322712418300654 0.0281862745098039
1 0.8639705882352942 0.6709558823529411 0.0379901960784314 0.0199142156862745
1 0.8619281045751634 0.6479779411764706 0.0424836601307190 0.0202205882352941
1 0.5841503267973857 0.5600490196078431 0.0114379084967320 0.0879289215686275
1 0.7671568627450981 0.6433823529411765 0.0547385620915033 0.0349264705882353
1 0.7046568627450981 0.6746323529411765 0.0588235294117647 0.0462622549019608
1 0.6605392156862745 0.6611519607843137 0.0179738562091503 0.0193014705882353
1 0.7116013071895425 0.5499387254901961 0.0085784313725490 0.0839460784313725
1 0.6981209150326797 0.5523897058823529 0.0114379084967320 0.0891544117647059
1 0.6830065359477124 0.5539215686274510 0.0118464052287582 0.0885416666666667
1 0.6691176470588235 0.5526960784313726 0.0089869281045752 0.0860906862745098
1 0.6576797385620915 0.5554534313725490 0.0085784313725490 0.0885416666666667
1 0.6458333333333334 0.5557598039215687 0.0102124183006536 0.0891544117647059
1 0.6327614379084967 0.5597426470588235 0.0098039215686275 0.0909926470588235
1 0.7222222222222222 0.5490196078431373 0.0102124183006536 0.0851715686274510
1 0.2332516339869281 0.8339460784313726 0.0277777777777778 0.0585171568627451
1 0.5004084967320261 0.5677083333333334 0.0118464052287582 0.0940563725490196
1 0.8145424836601307 0.5318627450980392 0.0547385620915033 0.0183823529411765
1 0.7540849673202614 0.8700980392156863 0.0249183006535948 0.0180759803921569
1 0.7177287581699346 0.8756127450980392 0.0245098039215686 0.0223651960784314
1 0.6556372549019608 0.8560049019607843 0.0596405228758170 0.0677083333333333
1 0.5910947712418301 0.8713235294117647 0.0498366013071895 0.0686274509803922
1 0.5220588235294118 0.8976715686274510 0.0759803921568627 0.0177696078431373
1 0.5228758169934641 0.9200367647058824 0.0698529411764706 0.0143995098039216
1 0.4558823529411765 0.9163602941176471 0.0543300653594771 0.0082720588235294
1 0.4538398692810457 0.9387254901960784 0.0543300653594771 0.0079656862745098
1 0.4505718954248366 0.9283088235294118 0.0543300653594771 0.0079656862745098
1 0.7197712418300654 0.8483455882352942 0.0290032679738562 0.0229779411764706
1 0.4538398692810457 0.9068627450980392 0.0608660130718954 0.0073529411764706
1 0.4440359477124183 0.8792892156862745 0.0539215686274510 0.0067401960784314
1 0.4530228758169935 0.8658088235294118 0.0551470588235294 0.0094975490196078
1 0.3668300653594771 0.9280024509803921 0.0290032679738562 0.0398284313725490
1 0.3615196078431372 0.8884803921568627 0.0477941176470588 0.0193014705882353
1 0.3194444444444444 0.9243259803921569 0.0241013071895425 0.0523897058823529
1 0.2732843137254902 0.9485294117647058 0.0261437908496732 0.0585171568627451
1 0.1450163398692811 0.9724264705882353 0.1008986928104575 0.0517769607843137
1 0.7565359477124183 0.7346813725490197 0.0208333333333333 0.0238970588235294
1 0.7834967320261438 0.7276348039215687 0.0269607843137255 0.0263480392156863
1 0.4473039215686275 0.8918504901960784 0.0555555555555556 0.0101102941176471
1 0.4852941176470588 0.5698529411764706 0.0159313725490196 0.0946691176470588
1 0.7524509803921569 0.8465073529411765 0.0298202614379085 0.0189950980392157
1 0.9571078431372549 0.8030024509803921 0.0171568627450980 0.0419730392156863
1 0.8165849673202614 0.5514705882352942 0.0506535947712418 0.0131740196078431
1 0.8263888888888888 0.5692401960784313 0.0482026143790850 0.0162377450980392
1 0.7691993464052288 0.5741421568627451 0.0498366013071895 0.0193014705882353
1 0.4436274509803921 0.5732230392156863 0.0571895424836601 0.0174632352941176
1 0.4460784313725490 0.5928308823529411 0.0531045751633987 0.0150122549019608
1 0.4460784313725490 0.6127450980392157 0.0490196078431373 0.0159313725490196
1 0.3807189542483660 0.6210171568627451 0.0514705882352941 0.0199142156862745
1 0.3125000000000000 0.5747549019607843 0.0134803921568627 0.1102941176470588
1 0.2977941176470588 0.5753676470588235 0.0134803921568627 0.1099877450980392
1 0.9342320261437909 0.8082107843137255 0.0236928104575163 0.0422794117647059
1 0.2822712418300654 0.5762867647058824 0.0134803921568627 0.1099877450980392
1 0.0290032679738562 0.6639093137254902 0.0543300653594771 0.0670955882352941
1 0.1307189542483660 0.5361519607843137 0.0641339869281046 0.0496323529411765
1 0.0567810457516340 0.5364583333333334 0.0629084967320261 0.0444240196078431
1 0.9705882352941176 0.4264705882352941 0.0269607843137255 0.0468750000000000
1 0.9236111111111112 0.4166666666666667 0.0494281045751634 0.0723039215686275
1 0.8794934640522876 0.4445465686274510 0.0257352941176471 0.0312500000000000
1 0.8574346405228758 0.4411764705882353 0.0204248366013072 0.0303308823529412
1 0.9922385620915033 0.7977941176470589 0.0151143790849673 0.0444240196078431
1 0.9742647058823529 0.8017769607843137 0.0159313725490196 0.0453431372549020
1 0.0902777777777778 0.6541053921568627 0.0604575163398693 0.0664828431372549
1 0.2655228758169935 0.8305759803921569 0.0367647058823529 0.0612745098039216
1 0.7728758169934641 0.6807598039215687 0.0490196078431373 0.0358455882352941
1 0.9150326797385621 0.5229779411764706 0.0106209150326797 0.0814950980392157
1 0.3504901960784313 0.8079044117647058 0.0257352941176471 0.0287990196078431
1 0.3149509803921569 0.8131127450980392 0.0277777777777778 0.0297181372549020
1 0.4950980392156863 0.7931985294117647 0.0441176470588235 0.0606617647058824
1 0.6168300653594772 0.7643995098039216 0.0375816993464052 0.0416666666666667
1 0.6499183006535948 0.7616421568627451 0.0269607843137255 0.0395220588235294
1 0.6817810457516340 0.7555147058823529 0.0306372549019608 0.0435049019607843
1 0.7365196078431373 0.5471813725490197 0.0106209150326797 0.0845588235294118
1 0.9031862745098039 0.5229779411764706 0.0134803921568627 0.0787377450980392
1 0.9272875816993464 0.5217524509803921 0.0102124183006536 0.0762867647058824
1 0.3815359477124183 0.8014705882352942 0.0318627450980392 0.0260416666666667
1 0.8835784313725490 0.5704656862745098 0.0510620915032680 0.0116421568627451
1 0.2083333333333333 0.1896446078431372 0.1205065359477124 0.0830269607843137
1 0.3304738562091503 0.1939338235294118 0.1021241830065359 0.0818014705882353
1 0.4366830065359477 0.1957720588235294 0.0988562091503268 0.0756740196078431
1 0.5408496732026143 0.1960784313725490 0.0923202614379085 0.0762867647058824
1 0.6364379084967320 0.2031250000000000 0.0898692810457516 0.0775122549019608
1 0.7214052287581699 0.7503063725490197 0.0408496732026144 0.0459558823529412
1 0.9730392156862745 0.5542279411764706 0.0539215686274510 0.0186887254901961
1 0.4154411764705883 0.7984068627450981 0.0290032679738562 0.0251225490196078
