1 0.8961538461538462 0.0790865384615385 0.1987179487179487 0.0661057692307692
1 0.0239316239316239 0.3805288461538461 0.0482905982905983 0.0182692307692308
1 0.7863247863247863 0.8375000000000000 0.0529914529914530 0.0790865384615385
1 0.0226495726495726 0.4776442307692308 0.0405982905982906 0.0908653846153846
1 0.1025641025641026 0.4540865384615385 0.0709401709401709 0.0396634615384615
1 0.1568376068376068 0.4408653846153846 0.0282051282051282 0.0576923076923077
1 0.2123931623931624 0.4415865384615384 0.0641025641025641 0.0495192307692308
1 0.0286324786324786 0.3598557692307692 0.0529914529914530 0.0158653846153846
1 0.2803418803418803 0.4408653846153846 0.0692307692307692 0.0483173076923077
1 0.4145299145299146 0.4394230769230769 0.0713675213675214 0.0584134615384615
1 0.4769230769230769 0.4427884615384615 0.0427350427350427 0.0521634615384615
1 0.5363247863247863 0.4500000000000000 0.0692307692307692 0.0334134615384615
1 0.7324786324786324 0.6338942307692308 0.0670940170940171 0.0846153846153846
1 0.0162393162393162 0.8394230769230769 0.0239316239316239 0.0307692307692308
1 0.8935897435897436 0.8331730769230770 0.0538461538461538 0.0774038461538462
1 0.3470085470085470 0.4423076923076923 0.0598290598290598 0.0487980769230769
1 0.1850427350427351 0.3490384615384615 0.0632478632478632 0.0485576923076923
1 0.4769230769230769 0.3524038461538462 0.1021367521367521 0.0391826923076923
1 0.3094017094017094 0.3492788461538461 0.0611111111111111 0.0449519230769231
1 0.0555555555555556 0.5665865384615385 0.0230769230769231 0.0588942307692308
1 0.2474358974358974 0.3502403846153846 0.0628205128205128 0.0466346153846154
1 0.8393162393162393 0.8355769230769231 0.0512820512820513 0.0728365384615385
1 0.9572649572649573 0.8557692307692307 0.0636752136752137 0.0375000000000000
1 0.8918803418803419 0.7394230769230770 0.0623931623931624 0.0834134615384615
1 0.9722222222222222 0.7689903846153846 0.0559829059829060 0.0362980769230769
1 0.3735042735042735 0.3524038461538462 0.0589743589743590 0.0461538461538462
1 0.6081196581196581 0.4420673076923077 0.0500000000000000 0.0504807692307692
1 0.7572649572649572 0.1007211538461538 0.0790598290598291 0.0269230769230769
1 0.0294871794871795 0.2423076923076923 0.0461538461538462 0.1019230769230769
1 0.3055555555555556 0.6461538461538462 0.0529914529914530 0.0810096153846154
1 0.2512820512820513 0.6456730769230770 0.0495726495726496 0.0781250000000000
1 0.7380341880341881 0.2853365384615384 0.0448717948717949 0.0605769230769231
1 0.6025641025641025 0.6312500000000000 0.0717948717948718 0.0793269230769231
1 0.6688034188034188 0.4454326923076923 0.0491452991452991 0.0483173076923077
1 0.1944444444444444 0.6475961538461539 0.0495726495726496 0.0747596153846154
1 0.6923076923076923 0.2841346153846154 0.0457264957264957 0.0634615384615385
1 0.7623931623931623 0.4442307692307692 0.0346153846153846 0.0483173076923077
1 0.6350427350427350 0.0771634615384615 0.0529914529914530 0.0692307692307692
1 0.6905982905982906 0.0783653846153846 0.0508547008547009 0.0692307692307692
1 0.6247863247863248 0.8360576923076923 0.0491452991452991 0.0762019230769231
1 0.1166666666666667 0.7475961538461539 0.0662393162393162 0.0170673076923077
1 0.1316239316239316 0.7661057692307692 0.0576923076923077 0.0189903846153846
1 0.1256410256410256 0.7853365384615385 0.0670940170940171 0.0170673076923077
1 0.6743589743589744 0.8310096153846154 0.0435897435897436 0.0661057692307692
1 0.7294871794871794 0.8379807692307693 0.0576923076923077 0.0776442307692308
1 0.0324786324786325 0.6204326923076923 0.0649572649572650 0.0177884615384615
1 0.0371794871794872 0.6394230769230769 0.0662393162393162 0.0132211538461538
1 0.5756410256410256 0.0778846153846154 0.0602564102564103 0.0706730769230769
1 0.0363247863247863 0.6605769230769231 0.0683760683760684 0.0204326923076923
1 0.0380341880341880 0.7129807692307693 0.0760683760683761 0.0144230769230769
1 0.0440170940170940 0.7281250000000000 0.0794871794871795 0.0134615384615385
1 0.7192307692307692 0.4439903846153846 0.0487179487179487 0.0497596153846154
1 0.0435897435897436 0.7817307692307692 0.0829059829059829 0.0144230769230769
1 0.0448717948717949 0.7971153846153847 0.0858974358974359 0.0122596153846154
1 0.1923076923076923 0.7430288461538461 0.0444444444444444 0.0716346153846154
1 0.2521367521367521 0.7341346153846153 0.0431623931623932 0.0701923076923077
1 0.3004273504273504 0.7348557692307692 0.0431623931623932 0.0718750000000000
1 0.4324786324786325 0.8401442307692307 0.0551282051282051 0.0769230769230769
1 0.3735042735042735 0.8399038461538462 0.0589743589743590 0.0766826923076923
1 0.0376068376068376 0.6927884615384615 0.0709401709401709 0.0158653846153846
1 0.4833333333333333 0.0788461538461538 0.0645299145299145 0.0656250000000000
1 0.1059829059829060 0.0723557692307692 0.1158119658119658 0.0694711538461538
1 0.0170940170940171 0.0564903846153846 0.0346153846153846 0.0870192307692308
1 0.6448717948717949 0.2841346153846154 0.0465811965811966 0.0584134615384615
1 0.5829059829059829 0.2759615384615385 0.0606837606837607 0.0774038461538462
1 0.5226495726495727 0.2795673076923077 0.0547008547008547 0.0725961538461539
1 0.4598290598290598 0.2737980769230769 0.0696581196581197 0.0848557692307692
1 0.3957264957264957 0.2737980769230769 0.0606837606837607 0.0846153846153846
1 0.3025641025641025 0.2668269230769231 0.1222222222222222 0.0213942307692308
1 0.1299145299145299 0.7245192307692307 0.0752136752136752 0.0206730769230769
1 0.7846153846153846 0.2867788461538461 0.0444444444444444 0.0584134615384615
1 0.6294871794871795 0.3502403846153846 0.1000000000000000 0.0137019230769231
1 0.6380341880341880 0.3651442307692307 0.0923076923076923 0.0149038461538462
1 0.7380341880341881 0.3668269230769231 0.0995726495726496 0.0134615384615385
1 0.7354700854700855 0.3514423076923077 0.0987179487179487 0.0163461538461538
1 0.8410256410256410 0.3682692307692308 0.0995726495726496 0.0139423076923077
1 0.8307692307692308 0.3514423076923077 0.0871794871794872 0.0161057692307692
1 0.8264957264957264 0.3367788461538462 0.0957264957264957 0.0103365384615385
1 0.9115384615384615 0.3524038461538462 0.0602564102564103 0.0132211538461538
1 0.9384615384615385 0.3673076923076923 0.0931623931623932 0.0146634615384615
1 0.8273504273504273 0.2733173076923077 0.0256410256410256 0.0615384615384615
1 0.8555555555555555 0.2750000000000000 0.0239316239316239 0.0661057692307692
1 0.8782051282051282 0.2742788461538462 0.0192307692307692 0.0644230769230769
1 0.9358974358974359 0.2788461538461539 0.0243589743589744 0.0735576923076923
1 0.9606837606837607 0.2786057692307692 0.0239316239316239 0.0778846153846154
1 0.9824786324786324 0.2776442307692308 0.0170940170940171 0.0766826923076923
1 0.3166666666666667 0.8305288461538461 0.0495726495726496 0.0600961538461538
1 0.4982905982905983 0.8372596153846154 0.0679487179487179 0.0786057692307692
1 0.0465811965811966 0.7665865384615385 0.0893162393162393 0.0153846153846154
1 0.2645299145299145 0.8293269230769231 0.0465811965811966 0.0528846153846154
1 0.7123931623931624 0.5288461538461539 0.0393162393162393 0.0920673076923077
1 0.1102564102564103 0.6817307692307693 0.0739316239316239 0.0199519230769231
1 0.5944444444444444 0.5334134615384616 0.0598290598290598 0.0918269230769231
1 0.5316239316239316 0.5331730769230769 0.0559829059829060 0.0913461538461538
1 0.6444444444444445 0.7387019230769231 0.0423076923076923 0.0776442307692308
1 0.8222222222222222 0.7362980769230769 0.0641025641025641 0.0795673076923077
1 0.4688034188034188 0.5331730769230769 0.0628205128205128 0.0959134615384615
1 0.4047008547008547 0.5336538461538461 0.0623931623931624 0.0966346153846154
1 0.3444444444444444 0.5290865384615384 0.0551282051282051 0.0947115384615385
1 0.2722222222222222 0.5288461538461539 0.0645299145299145 0.0906250000000000
1 0.1098290598290598 0.5766826923076923 0.0769230769230769 0.0463942307692308
1 0.5658119658119658 0.8408653846153846 0.0619658119658120 0.0807692307692308
1 0.1068376068376068 0.6122596153846154 0.0628205128205128 0.0204326923076923
1 0.1111111111111111 0.6338942307692308 0.0709401709401709 0.0187500000000000
1 0.1269230769230769 0.6581730769230769 0.0739316239316239 0.0201923076923077
1 0.7764957264957265 0.5293269230769231 0.0713675213675214 0.0879807692307692
1 0.8551282051282051 0.5300480769230769 0.0790598290598291 0.0944711538461538
1 0.6594017094017094 0.5314903846153847 0.0632478632478632 0.0901442307692308
1 0.8042735042735043 0.4439903846153846 0.0431623931623932 0.0478365384615385
1 0.1730769230769231 0.8509615384615384 0.0320512820512820 0.0653846153846154
1 0.2128205128205128 0.8322115384615385 0.0440170940170940 0.0615384615384615
1 0.1081196581196581 0.8413461538461539 0.0521367521367521 0.0418269230769231
1 0.0589743589743590 0.8483173076923077 0.0427350427350427 0.0536057692307692
1 0.8632478632478633 0.4449519230769231 0.0470085470085470 0.0399038461538462
1 0.3012820512820513 0.2850961538461538 0.1188034188034188 0.0156250000000000
1 0.3008547008547008 0.3031250000000000 0.1260683760683761 0.0182692307692308
1 0.0179487179487179 0.8706730769230769 0.0350427350427350 0.0298076923076923
1 0.3512820512820513 0.7425480769230769 0.0521367521367521 0.0853365384615385
1 0.4141025641025641 0.7408653846153846 0.0641025641025641 0.0819711538461538
1 0.4790598290598291 0.7346153846153847 0.0559829059829060 0.0737980769230769
1 0.5410256410256410 0.7336538461538461 0.0542735042735043 0.0742788461538462
1 0.5978632478632478 0.7466346153846154 0.0457264957264957 0.0692307692307692
1 0.1222222222222222 0.3473557692307692 0.0598290598290598 0.0478365384615385
1 0.1141025641025641 0.7024038461538461 0.0726495726495727 0.0189903846153846
