1 0.0557291666666667 0.2371093750000000 0.0447916666666667 0.0933593750000000
1 0.9385416666666667 0.8636718750000000 0.0354166666666667 0.0703125000000000
1 0.1515625000000000 0.2292968750000000 0.0510416666666667 0.1000000000000000
1 0.3031250000000000 0.2222656250000000 0.0520833333333333 0.0972656250000000
1 0.2510416666666667 0.2238281250000000 0.0484375000000000 0.0992187500000000
1 0.3572916666666667 0.2183593750000000 0.0531250000000000 0.1007812500000000
1 0.4083333333333333 0.2152343750000000 0.0489583333333333 0.1066406250000000
1 0.0156250000000000 0.2386718750000000 0.0317708333333333 0.0890625000000000
1 0.2015625000000000 0.2269531250000000 0.0484375000000000 0.0949218750000000
1 0.9718750000000000 0.0421875000000000 0.0572916666666667 0.0835937500000000
1 0.4562500000000000 0.0640625000000000 0.0583333333333333 0.1019531250000000
1 0.8343750000000000 0.0496093750000000 0.0734375000000000 0.0976562500000000
1 0.7682291666666666 0.0503906250000000 0.0593750000000000 0.0960937500000000
1 0.7083333333333334 0.0527343750000000 0.0614583333333333 0.1007812500000000
1 0.6458333333333334 0.0539062500000000 0.0635416666666667 0.0984375000000000
1 0.5156250000000000 0.0613281250000000 0.0630208333333333 0.1078125000000000
1 0.4625000000000000 0.2144531250000000 0.0588541666666667 0.1054687500000000
1 0.3989583333333334 0.0660156250000000 0.0562500000000000 0.1074218750000000
1 0.3458333333333333 0.0718750000000000 0.0494791666666667 0.0964843750000000
1 0.1885416666666667 0.0871093750000000 0.0510416666666667 0.1058593750000000
1 0.1348958333333333 0.0906250000000000 0.0552083333333333 0.1000000000000000
1 0.9041666666666667 0.0460937500000000 0.0625000000000000 0.0898437500000000
1 0.5354166666666667 0.2132812500000000 0.0765625000000000 0.1031250000000000
1 0.2265625000000000 0.3562500000000000 0.0494791666666667 0.0867187500000000
1 0.7947916666666667 0.1929687500000000 0.0552083333333333 0.1125000000000000
1 0.1390625000000000 0.4781250000000000 0.0541666666666667 0.0789062500000000
1 0.0947916666666667 0.4804687500000000 0.0328125000000000 0.0820312500000000
1 0.0505208333333333 0.4812500000000000 0.0505208333333333 0.0796875000000000
1 0.9500000000000000 0.3347656250000000 0.0630208333333333 0.1101562500000000
1 0.8854166666666666 0.3410156250000000 0.0588541666666667 0.0996093750000000
1 0.8281250000000000 0.3429687500000000 0.0531250000000000 0.0964843750000000
1 0.7661458333333333 0.3449218750000000 0.0614583333333333 0.1015625000000000
1 0.6458333333333334 0.3472656250000000 0.0541666666666667 0.0929687500000000
1 0.5885416666666666 0.3472656250000000 0.0557291666666667 0.0968750000000000
1 0.5338541666666666 0.3480468750000000 0.0541666666666667 0.0949218750000000
1 0.4796875000000000 0.3492187500000000 0.0541666666666667 0.0949218750000000
1 0.4281250000000000 0.3539062500000000 0.0468750000000000 0.0871093750000000
1 0.3744791666666666 0.3546875000000000 0.0557291666666667 0.0859375000000000
1 0.3229166666666667 0.3546875000000000 0.0479166666666667 0.0867187500000000
1 0.2765625000000000 0.3554687500000000 0.0427083333333333 0.0875000000000000
1 0.1744791666666667 0.3578125000000000 0.0484375000000000 0.0894531250000000
1 0.1229166666666667 0.3574218750000000 0.0541666666666667 0.0894531250000000
1 0.0734375000000000 0.3578125000000000 0.0453125000000000 0.0894531250000000
1 0.0250000000000000 0.3593750000000000 0.0500000000000000 0.0886718750000000
1 0.9463541666666667 0.1867187500000000 0.0484375000000000 0.1199218750000000
1 0.8723958333333334 0.1917968750000000 0.0885416666666667 0.1195312500000000
1 0.6937500000000000 0.1957031250000000 0.0510416666666667 0.1109375000000000
1 0.7057291666666666 0.3476562500000000 0.0567708333333333 0.0964843750000000
1 0.6031250000000000 0.1992187500000000 0.0484375000000000 0.1179687500000000
1 0.2322916666666667 0.4804687500000000 0.0395833333333333 0.0843750000000000
1 0.9640625000000000 0.7226562500000000 0.0572916666666667 0.0750000000000000
1 0.9119791666666667 0.7222656250000000 0.0463541666666667 0.0753906250000000
1 0.8567708333333334 0.7187500000000000 0.0505208333333333 0.0785156250000000
1 0.8020833333333334 0.7167968750000000 0.0536458333333333 0.0835937500000000
1 0.7500000000000000 0.7121093750000000 0.0479166666666667 0.0769531250000000
1 0.7000000000000000 0.7093750000000000 0.0479166666666667 0.0808593750000000
1 0.1036458333333333 0.7835937500000000 0.0406250000000000 0.0921875000000000
1 0.6494791666666667 0.7070312500000000 0.0489583333333333 0.0773437500000000
1 0.5500000000000000 0.7019531250000000 0.0484375000000000 0.0734375000000000
1 0.5000000000000000 0.6984375000000000 0.0500000000000000 0.0808593750000000
1 0.4479166666666667 0.6933593750000000 0.0526041666666667 0.0707031250000000
1 0.3994791666666667 0.6914062500000000 0.0453125000000000 0.0734375000000000
1 0.3562500000000000 0.6906250000000000 0.0411458333333333 0.0718750000000000
1 0.3156250000000000 0.6902343750000000 0.0401041666666667 0.0734375000000000
1 0.6005208333333333 0.7058593750000000 0.0500000000000000 0.0804687500000000
1 0.1760416666666667 0.6824218750000000 0.0322916666666667 0.0625000000000000
1 0.1442708333333333 0.7859375000000000 0.0385416666666667 0.0871093750000000
1 0.2161458333333333 0.7914062500000000 0.0390625000000000 0.0914062500000000
1 0.9010416666666666 0.8640625000000000 0.0375000000000000 0.0687500000000000
1 0.8546875000000000 0.8566406250000000 0.0468750000000000 0.0781250000000000
1 0.8036458333333333 0.8503906250000000 0.0437500000000000 0.0753906250000000
1 0.7557291666666667 0.8488281250000000 0.0458333333333333 0.0679687500000000
1 0.6994791666666667 0.8464843750000000 0.0567708333333333 0.0695312500000000
1 0.6458333333333334 0.8421875000000000 0.0453125000000000 0.0617187500000000
1 0.1796875000000000 0.7886718750000000 0.0302083333333333 0.0929687500000000
1 0.6000000000000000 0.8398437500000000 0.0458333333333333 0.0679687500000000
1 0.5046875000000000 0.8117187500000000 0.0437500000000000 0.1058593750000000
1 0.4614583333333334 0.8082031250000000 0.0411458333333333 0.0980468750000000
1 0.4239583333333333 0.8074218750000000 0.0354166666666667 0.0972656250000000
1 0.3786458333333333 0.8027343750000000 0.0411458333333333 0.0941406250000000
1 0.3380208333333333 0.8007812500000000 0.0395833333333333 0.0980468750000000
1 0.2760416666666667 0.7960937500000000 0.0765625000000000 0.0964843750000000
1 0.5515625000000000 0.8152343750000000 0.0479166666666667 0.1031250000000000
1 0.2687500000000000 0.6890625000000000 0.0515625000000000 0.0660156250000000
1 0.2187500000000000 0.6832031250000000 0.0479166666666667 0.0714843750000000
1 0.1333333333333333 0.6808593750000000 0.0401041666666667 0.0671875000000000
1 0.0739583333333333 0.5839843750000000 0.0458333333333333 0.0695312500000000
1 0.9380208333333333 0.4789062500000000 0.0734375000000000 0.1046875000000000
1 0.8723958333333334 0.4773437500000000 0.0536458333333333 0.1058593750000000
1 0.8161458333333333 0.4777343750000000 0.0567708333333333 0.1046875000000000
1 0.0807291666666667 0.0957031250000000 0.0500000000000000 0.1062500000000000
1 0.7567708333333333 0.4777343750000000 0.0557291666666667 0.1015625000000000
1 0.1203125000000000 0.5835937500000000 0.0458333333333333 0.0699218750000000
1 0.6953125000000000 0.4781250000000000 0.0604166666666667 0.1015625000000000
1 0.5864583333333333 0.4792968750000000 0.0541666666666667 0.0914062500000000
1 0.5312500000000000 0.4804687500000000 0.0552083333333333 0.0886718750000000
1 0.4281250000000000 0.4808593750000000 0.0541666666666667 0.0812500000000000
1 0.3739583333333333 0.4875000000000000 0.0546875000000000 0.0687500000000000
1 0.3244791666666667 0.4882812500000000 0.0447916666666667 0.0707031250000000
1 0.2802083333333333 0.4851562500000000 0.0458333333333333 0.0761718750000000
1 0.6395833333333333 0.4812500000000000 0.0515625000000000 0.0949218750000000
1 0.1651041666666667 0.5839843750000000 0.0427083333333333 0.0722656250000000
1 0.2078125000000000 0.5855468750000000 0.0447916666666667 0.0687500000000000
1 0.2520833333333333 0.5875000000000000 0.0442708333333333 0.0765625000000000
1 0.0906250000000000 0.6800781250000000 0.0437500000000000 0.0683593750000000
1 0.9677083333333333 0.6058593750000000 0.0552083333333333 0.0824218750000000
1 0.9083333333333333 0.6070312500000000 0.0552083333333333 0.0890625000000000
1 0.8531250000000000 0.6054687500000000 0.0531250000000000 0.0863281250000000
1 0.8005208333333333 0.6039062500000000 0.0500000000000000 0.0886718750000000
1 0.7484375000000000 0.6003906250000000 0.0526041666666667 0.0843750000000000
1 0.6989583333333333 0.6007812500000000 0.0463541666666667 0.0847656250000000
1 0.6494791666666667 0.5980468750000000 0.0526041666666667 0.0792968750000000
1 0.5968750000000000 0.5972656250000000 0.0526041666666667 0.0800781250000000
1 0.5437500000000000 0.5960937500000000 0.0479166666666667 0.0777343750000000
1 0.4953125000000000 0.5945312500000000 0.0473958333333333 0.0746093750000000
1 0.4468750000000000 0.5914062500000000 0.0500000000000000 0.0796875000000000
1 0.3968750000000000 0.5910156250000000 0.0494791666666667 0.0773437500000000
1 0.3489583333333333 0.5886718750000000 0.0458333333333333 0.0792968750000000
1 0.3010416666666667 0.5878906250000000 0.0489583333333333 0.0781250000000000
1 0.1901041666666667 0.4812500000000000 0.0453125000000000 0.0824218750000000
1 0.0348958333333333 0.0976562500000000 0.0442708333333333 0.1019531250000000
1 0.1020833333333333 0.2351562500000000 0.0484375000000000 0.0890625000000000
1 0.9812500000000000 0.8695312500000000 0.0343750000000000 0.0726562500000000
