1 0.6927083333333334 0.2226562500000000 0.0302083333333333 0.1117187500000000
1 0.6572916666666667 0.2347656250000000 0.0328125000000000 0.0906250000000000
1 0.6203125000000000 0.2214843750000000 0.0359375000000000 0.1175781250000000
1 0.5822916666666667 0.2257812500000000 0.0359375000000000 0.1089843750000000
1 0.5500000000000000 0.2312500000000000 0.0260416666666667 0.0929687500000000
1 0.5182291666666666 0.2097656250000000 0.0354166666666667 0.1414062500000000
1 0.4812500000000000 0.2101562500000000 0.0328125000000000 0.1402343750000000
1 0.3489583333333333 0.2089843750000000 0.0338541666666667 0.1492187500000000
1 0.4119791666666667 0.2175781250000000 0.0286458333333333 0.1257812500000000
1 0.3812500000000000 0.2183593750000000 0.0270833333333333 0.1296875000000000
1 0.3161458333333333 0.2148437500000000 0.0265625000000000 0.1375000000000000
1 0.2843750000000000 0.2171875000000000 0.0317708333333333 0.1320312500000000
1 0.2531250000000000 0.2214843750000000 0.0276041666666667 0.1246093750000000
1 0.2177083333333333 0.2234375000000000 0.0328125000000000 0.1214843750000000
1 0.7286458333333333 0.2261718750000000 0.0375000000000000 0.1015625000000000
1 0.4458333333333334 0.2132812500000000 0.0348958333333333 0.1343750000000000
1 0.7692708333333333 0.2226562500000000 0.0401041666666667 0.1097656250000000
1 0.5932291666666667 0.6863281250000000 0.0354166666666667 0.0777343750000000
1 0.8494791666666667 0.2019531250000000 0.0380208333333333 0.1500000000000000
1 0.5572916666666666 0.6644531250000000 0.0276041666666667 0.1085937500000000
1 0.6302083333333334 0.6843750000000000 0.0322916666666667 0.0859375000000000
1 0.2291666666666667 0.7828125000000000 0.0203125000000000 0.0812500000000000
1 0.2567708333333333 0.7757812500000000 0.0239583333333333 0.1058593750000000
1 0.2880208333333333 0.7921875000000000 0.0302083333333333 0.0738281250000000
1 0.3239583333333333 0.7917968750000000 0.0348958333333333 0.0855468750000000
1 0.3614583333333333 0.7992187500000000 0.0328125000000000 0.0781250000000000
1 0.3942708333333333 0.7906250000000000 0.0265625000000000 0.0996093750000000
1 0.4197916666666667 0.7957031250000000 0.0213541666666667 0.1003906250000000
1 0.4468750000000000 0.7976562500000000 0.0270833333333333 0.1066406250000000
1 0.6885416666666667 0.5343750000000000 0.0375000000000000 0.0953125000000000
1 0.5375000000000000 0.8261718750000000 0.0354166666666667 0.0746093750000000
1 0.5880208333333333 0.8187500000000000 0.0437500000000000 0.1058593750000000
1 0.6411458333333333 0.8253906250000000 0.0447916666666667 0.1062500000000000
1 0.6848958333333334 0.8507812500000000 0.0338541666666667 0.0644531250000000
1 0.7286458333333333 0.8382812500000000 0.0406250000000000 0.1031250000000000
1 0.7750000000000000 0.8480468750000000 0.0406250000000000 0.0992187500000000
1 0.6666666666666666 0.6800781250000000 0.0390625000000000 0.1089843750000000
1 0.7104166666666667 0.6910156250000000 0.0447916666666667 0.0949218750000000
1 0.7552083333333334 0.6925781250000000 0.0369791666666667 0.0980468750000000
1 0.8020833333333334 0.7039062500000000 0.0411458333333333 0.0890625000000000
1 0.8437500000000000 0.7136718750000000 0.0343750000000000 0.0773437500000000
1 0.8927083333333333 0.7304687500000000 0.0427083333333333 0.0488281250000000
1 0.9380208333333333 0.7054687500000000 0.0255208333333333 0.1089843750000000
1 0.9718750000000000 0.7121093750000000 0.0348958333333333 0.1082031250000000
1 0.0708333333333333 0.7632812500000000 0.0234375000000000 0.0710937500000000
1 0.1000000000000000 0.7652343750000000 0.0276041666666667 0.0730468750000000
1 0.1276041666666667 0.7710937500000000 0.0265625000000000 0.0695312500000000
1 0.1526041666666667 0.7714843750000000 0.0177083333333333 0.0730468750000000
1 0.5145833333333333 0.6750000000000000 0.0375000000000000 0.0886718750000000
1 0.4791666666666667 0.6625000000000000 0.0255208333333333 0.1117187500000000
1 0.4510416666666667 0.6574218750000000 0.0260416666666667 0.1066406250000000
1 0.4197916666666667 0.6601562500000000 0.0276041666666667 0.0945312500000000
1 0.6562500000000000 0.5308593750000000 0.0244791666666667 0.0980468750000000
1 0.6260416666666667 0.5238281250000000 0.0276041666666667 0.1101562500000000
1 0.5916666666666667 0.5226562500000000 0.0328125000000000 0.1128906250000000
1 0.5572916666666666 0.5160156250000000 0.0244791666666667 0.1160156250000000
1 0.5302083333333333 0.5167968750000000 0.0250000000000000 0.1105468750000000
1 0.4932291666666667 0.5269531250000000 0.0338541666666667 0.0925781250000000
1 0.4593750000000000 0.5171875000000000 0.0307291666666667 0.1066406250000000
1 0.4255208333333333 0.5144531250000000 0.0291666666666667 0.1031250000000000
1 0.3916666666666667 0.5136718750000000 0.0296875000000000 0.1015625000000000
1 0.3598958333333334 0.5113281250000000 0.0234375000000000 0.0996093750000000
1 0.3328125000000000 0.5101562500000000 0.0229166666666667 0.0996093750000000
1 0.3046875000000000 0.5074218750000000 0.0244791666666667 0.1042968750000000
1 0.2661458333333334 0.5140625000000000 0.0401041666666667 0.0398437500000000
1 0.2630208333333333 0.5484375000000000 0.0500000000000000 0.0253906250000000
1 0.1750000000000000 0.7761718750000000 0.0213541666666667 0.0800781250000000
1 0.7786458333333334 0.5667968750000000 0.0322916666666667 0.1039062500000000
1 0.9598958333333333 0.5535156250000000 0.0520833333333333 0.0929687500000000
1 0.8187500000000000 0.5496093750000000 0.0239583333333333 0.0492187500000000
1 0.2223958333333333 0.5085937500000000 0.0229166666666667 0.0917968750000000
1 0.8359375000000000 0.4800781250000000 0.0453125000000000 0.0589843750000000
1 0.0734375000000000 0.6218750000000000 0.0312500000000000 0.1074218750000000
1 0.1093750000000000 0.6257812500000000 0.0307291666666667 0.1078125000000000
1 0.1432291666666667 0.6289062500000000 0.0307291666666667 0.1093750000000000
1 0.1776041666666667 0.6320312500000000 0.0296875000000000 0.1082031250000000
1 0.2140625000000000 0.6339843750000000 0.0343750000000000 0.1070312500000000
1 0.2500000000000000 0.6382812500000000 0.0307291666666667 0.1085937500000000
1 0.2859375000000000 0.6398437500000000 0.0343750000000000 0.1121093750000000
1 0.3239583333333333 0.6453125000000000 0.0343750000000000 0.1132812500000000
1 0.3583333333333333 0.6507812500000000 0.0291666666666667 0.1046875000000000
1 0.3901041666666666 0.6546875000000000 0.0291666666666667 0.1054687500000000
1 0.9036458333333334 0.5433593750000000 0.0557291666666667 0.1164062500000000
1 0.2026041666666667 0.7789062500000000 0.0255208333333333 0.0761718750000000
1 0.4812500000000000 0.8035156250000000 0.0354166666666667 0.1031250000000000
1 0.7354166666666667 0.5367187500000000 0.0510416666666667 0.0980468750000000
1 0.7406250000000000 0.9687500000000000 0.0322916666666667 0.0625000000000000
1 0.7838541666666666 0.9621093750000000 0.0463541666666667 0.0742187500000000
1 0.8281250000000000 0.9656250000000000 0.0390625000000000 0.0691406250000000
1 0.8703125000000000 0.9703125000000000 0.0411458333333333 0.0597656250000000
1 0.1947916666666667 0.5000000000000000 0.0250000000000000 0.1082031250000000
1 0.2026041666666667 0.3585937500000000 0.0286458333333333 0.1125000000000000
1 0.1609375000000000 0.4953125000000000 0.0406250000000000 0.1101562500000000
1 0.0640625000000000 0.4898437500000000 0.0229166666666667 0.1121093750000000
1 0.9328125000000000 0.3851562500000000 0.0458333333333333 0.0941406250000000
1 0.8911458333333333 0.3808593750000000 0.0307291666666667 0.1027343750000000
1 0.8541666666666666 0.3785156250000000 0.0401041666666667 0.1093750000000000
1 0.8052083333333333 0.3695312500000000 0.0526041666666667 0.1234375000000000
1 0.7307291666666667 0.3777343750000000 0.0484375000000000 0.1007812500000000
1 0.6843750000000000 0.3691406250000000 0.0411458333333333 0.1152343750000000
1 0.6411458333333333 0.3792968750000000 0.0421875000000000 0.0921875000000000
1 0.5994791666666667 0.3687500000000000 0.0359375000000000 0.1144531250000000
1 0.2375000000000000 0.3585937500000000 0.0333333333333333 0.1160156250000000
1 0.2692708333333333 0.3625000000000000 0.0276041666666667 0.1113281250000000
1 0.3036458333333333 0.3613281250000000 0.0385416666666667 0.1136718750000000
1 0.3432291666666666 0.3613281250000000 0.0348958333333333 0.1160156250000000
1 0.3796875000000000 0.3703125000000000 0.0338541666666667 0.1003906250000000
1 0.4104166666666667 0.3714843750000000 0.0255208333333333 0.1000000000000000
1 0.4406250000000000 0.3734375000000000 0.0312500000000000 0.0992187500000000
1 0.4703125000000000 0.3621093750000000 0.0218750000000000 0.1199218750000000
1 0.4979166666666667 0.3703125000000000 0.0302083333333333 0.1082031250000000
1 0.5322916666666667 0.3792968750000000 0.0328125000000000 0.0925781250000000
1 0.5671875000000000 0.3718750000000000 0.0260416666666667 0.1105468750000000
1 0.1744791666666667 0.3687500000000000 0.0260416666666667 0.0902343750000000
1 0.7026041666666667 0.9640625000000000 0.0270833333333333 0.0718750000000000
1 0.9135416666666667 0.9722656250000000 0.0401041666666667 0.0527343750000000
1 0.6276041666666666 0.9593750000000000 0.0359375000000000 0.0824218750000000
1 0.8911458333333333 0.2027343750000000 0.0432291666666667 0.1492187500000000
1 0.9291666666666667 0.2410156250000000 0.0265625000000000 0.0699218750000000
1 0.9671875000000000 0.2039062500000000 0.0432291666666667 0.1417968750000000
1 0.0666666666666667 0.3601562500000000 0.0380208333333333 0.1066406250000000
1 0.1046875000000000 0.3589843750000000 0.0333333333333333 0.1085937500000000
1 0.1416666666666667 0.3667968750000000 0.0343750000000000 0.0984375000000000
1 0.8109375000000000 0.2054687500000000 0.0385416666666667 0.1421875000000000
1 0.6677083333333333 0.9593750000000000 0.0406250000000000 0.0824218750000000
1 0.8692708333333333 0.8546875000000000 0.0442708333333333 0.1082031250000000
1 0.9203125000000000 0.8687500000000000 0.0380208333333333 0.1003906250000000
1 0.9692708333333333 0.8656250000000000 0.0484375000000000 0.1128906250000000
1 0.0588541666666667 0.8917968750000000 0.0317708333333333 0.0714843750000000
1 0.0979166666666667 0.8921875000000000 0.0328125000000000 0.0722656250000000
1 0.1427083333333333 0.9242187500000000 0.0427083333333333 0.0210937500000000
1 0.8223958333333333 0.8542968750000000 0.0458333333333333 0.0972656250000000
1 0.1854166666666667 0.9042968750000000 0.0187500000000000 0.0820312500000000
1 0.2104166666666667 0.9109375000000000 0.0276041666666667 0.0761718750000000
1 0.2473958333333333 0.9390625000000000 0.0348958333333333 0.0371093750000000
1 0.2812500000000000 0.9109375000000000 0.0281250000000000 0.1046875000000000
1 0.3140625000000000 0.9128906250000000 0.0307291666666667 0.1136718750000000
1 0.3500000000000000 0.9171875000000000 0.0354166666666667 0.1125000000000000
1 0.3848958333333333 0.9203125000000000 0.0317708333333333 0.1140625000000000
1 0.4218750000000000 0.9417968750000000 0.0359375000000000 0.0921875000000000
1 0.5822916666666667 0.9679687500000000 0.0432291666666667 0.0648437500000000
1 0.4614583333333334 0.9515625000000000 0.0375000000000000 0.0832031250000000
1 0.5057291666666667 0.9503906250000000 0.0427083333333333 0.1003906250000000
1 0.5442708333333334 0.9523437500000000 0.0270833333333333 0.0937500000000000
1 0.1442708333333333 0.8949218750000000 0.0432291666666667 0.0343750000000000
