1 0.5171875000000000 0.2302083333333333 0.0316406250000000 0.1765625000000000
1 0.3042968750000000 0.6598958333333333 0.0210937500000000 0.1114583333333333
1 0.9414062500000000 0.4119791666666667 0.0859375000000000 0.1963541666666667
1 0.3425781250000000 0.2432291666666667 0.0289062500000000 0.1281250000000000
1 0.3726562500000000 0.2354166666666667 0.0281250000000000 0.1375000000000000
1 0.3988281250000000 0.2380208333333333 0.0246093750000000 0.1427083333333333
1 0.4296875000000000 0.2390625000000000 0.0269531250000000 0.1463541666666667
1 0.9828125000000000 0.1411458333333333 0.0351562500000000 0.2411458333333333
1 0.8617187500000000 0.4119791666666667 0.0656250000000000 0.1963541666666667
1 0.9343750000000000 0.1437500000000000 0.0554687500000000 0.2359375000000000
1 0.8058593750000000 0.1755208333333333 0.0675781250000000 0.1906250000000000
1 0.7324218750000000 0.1885416666666667 0.0742187500000000 0.1916666666666667
1 0.4593750000000000 0.2411458333333333 0.0308593750000000 0.1442708333333333
1 0.6218750000000000 0.2151041666666667 0.0410156250000000 0.1729166666666667
1 0.5835937500000000 0.2151041666666667 0.0328125000000000 0.1781250000000000
1 0.5519531250000000 0.2171875000000000 0.0324218750000000 0.1807291666666667
1 0.8773437500000000 0.1468750000000000 0.0582031250000000 0.2421875000000000
1 0.8039062500000000 0.4067708333333334 0.0472656250000000 0.1854166666666667
1 0.7644531250000000 0.4130208333333333 0.0304687500000000 0.1692708333333333
1 0.9714843750000000 0.6625000000000000 0.0570312500000000 0.2270833333333333
1 0.3386718750000000 0.6703125000000000 0.0453125000000000 0.1145833333333333
1 0.3984375000000000 0.7000000000000000 0.0386718750000000 0.1276041666666667
1 0.4925781250000000 0.7328125000000000 0.0285156250000000 0.1213541666666667
1 0.5308593750000000 0.7380208333333333 0.0371093750000000 0.1260416666666667
1 0.5628906250000000 0.7572916666666667 0.0269531250000000 0.1557291666666667
1 0.6003906250000000 0.7682291666666666 0.0425781250000000 0.1375000000000000
1 0.6656250000000000 0.7953125000000000 0.0406250000000000 0.1593750000000000
1 0.7289062500000000 0.8291666666666667 0.0472656250000000 0.1609375000000000
1 0.7859375000000000 0.8453125000000000 0.0628906250000000 0.1880208333333333
1 0.9019531250000000 0.8994791666666667 0.0648437500000000 0.1880208333333333
1 0.9691406250000000 0.9109375000000000 0.0617187500000000 0.1781250000000000
1 0.6800781250000000 0.6130208333333333 0.0453125000000000 0.1755208333333333
1 0.7316406250000000 0.6171875000000000 0.0472656250000000 0.1744791666666667
1 0.7867187500000000 0.6338541666666667 0.0601562500000000 0.1973958333333333
1 0.8867187500000000 0.6682291666666667 0.0828125000000000 0.2114583333333333
1 0.4898437500000000 0.2354166666666667 0.0210937500000000 0.1520833333333333
1 0.6691406250000000 0.2526041666666667 0.0386718750000000 0.0682291666666667
1 0.2691406250000000 0.2583333333333334 0.0187500000000000 0.1208333333333333
1 0.2789062500000000 0.6526041666666667 0.0218750000000000 0.1192708333333333
1 0.4257812500000000 0.5630208333333333 0.0210937500000000 0.1328125000000000
1 0.3703125000000000 0.4812500000000000 0.0347656250000000 0.0895833333333333
1 0.4003906250000000 0.5500000000000000 0.0242187500000000 0.1286458333333333
1 0.3644531250000000 0.5671875000000000 0.0351562500000000 0.0765625000000000
1 0.3281250000000000 0.5395833333333333 0.0273437500000000 0.1203125000000000
1 0.2945312500000000 0.5255208333333333 0.0292968750000000 0.1171875000000000
1 0.2707031250000000 0.5223958333333333 0.0187500000000000 0.1093750000000000
1 0.2503906250000000 0.5187500000000000 0.0187500000000000 0.1109375000000000
1 0.2324218750000000 0.5140625000000000 0.0179687500000000 0.1072916666666667
1 0.2144531250000000 0.5083333333333333 0.0160156250000000 0.0958333333333333
1 0.1953125000000000 0.5078125000000000 0.0183593750000000 0.0989583333333333
1 0.1804687500000000 0.5098958333333333 0.0125000000000000 0.0750000000000000
1 0.1660156250000000 0.5114583333333333 0.0152343750000000 0.0687500000000000
1 0.1468750000000000 0.5046875000000000 0.0160156250000000 0.0635416666666667
1 0.1312500000000000 0.5020833333333333 0.0105468750000000 0.0578125000000000
1 0.2324218750000000 0.2635416666666667 0.0164062500000000 0.1151041666666667
1 0.1941406250000000 0.7187500000000000 0.0140625000000000 0.0932291666666667
1 0.4554687500000000 0.5640625000000000 0.0320312500000000 0.1375000000000000
1 0.4941406250000000 0.5697916666666667 0.0429687500000000 0.1458333333333333
1 0.5296875000000000 0.5791666666666667 0.0226562500000000 0.1468750000000000
1 0.5558593750000000 0.5786458333333333 0.0292968750000000 0.1546875000000000
1 0.4171875000000000 0.4135416666666666 0.0136718750000000 0.1072916666666667
1 0.2503906250000000 0.2625000000000000 0.0187500000000000 0.1151041666666667
1 0.3234375000000000 0.3953125000000000 0.0277343750000000 0.1239583333333333
1 0.2972656250000000 0.3963541666666667 0.0222656250000000 0.1234375000000000
1 0.2742187500000000 0.3921875000000000 0.0222656250000000 0.1156250000000000
1 0.2527343750000000 0.3963541666666667 0.0160156250000000 0.1083333333333333
1 0.2343750000000000 0.3932291666666667 0.0207031250000000 0.1010416666666667
1 0.2140625000000000 0.3953125000000000 0.0203125000000000 0.0958333333333333
1 0.1808593750000000 0.7093750000000000 0.0136718750000000 0.0770833333333333
1 0.1410156250000000 0.4041666666666667 0.0093750000000000 0.0593750000000000
1 0.1589843750000000 0.4062500000000000 0.0105468750000000 0.0687500000000000
1 0.1316406250000000 0.4010416666666667 0.0093750000000000 0.0583333333333333
1 0.1214843750000000 0.4036458333333333 0.0093750000000000 0.0671875000000000
1 0.1039062500000000 0.4000000000000000 0.0093750000000000 0.0578125000000000
1 0.0875000000000000 0.4015625000000000 0.0160156250000000 0.0562500000000000
1 0.0636718750000000 0.4489583333333333 0.0289062500000000 0.1385416666666667
1 0.6332031250000000 0.5953125000000000 0.0429687500000000 0.1588541666666667
1 0.5921875000000000 0.5885416666666666 0.0382812500000000 0.1713541666666667
1 0.1492187500000000 0.4046875000000000 0.0093750000000000 0.0656250000000000
1 0.1656250000000000 0.7046875000000000 0.0128906250000000 0.0848958333333333
1 0.1554687500000000 0.6947916666666667 0.0089843750000000 0.0739583333333333
1 0.1441406250000000 0.6927083333333334 0.0117187500000000 0.0750000000000000
1 0.0675781250000000 0.7281250000000000 0.0093750000000000 0.0812500000000000
1 0.0562500000000000 0.7182291666666667 0.0101562500000000 0.0682291666666667
1 0.0445312500000000 0.7177083333333333 0.0097656250000000 0.0708333333333333
1 0.0253906250000000 0.6942708333333333 0.0195312500000000 0.0713541666666667
1 0.0101562500000000 0.6833333333333333 0.0113281250000000 0.0593750000000000
1 0.0343750000000000 0.6281250000000000 0.0132812500000000 0.0557291666666667
1 0.0195312500000000 0.6328125000000000 0.0148437500000000 0.0416666666666667
1 0.0074218750000000 0.6265625000000000 0.0097656250000000 0.0296875000000000
1 0.0789062500000000 0.7369791666666666 0.0109375000000000 0.0723958333333333
1 0.0117187500000000 0.5817708333333333 0.0167968750000000 0.0291666666666667
1 0.0218750000000000 0.3932291666666667 0.0085937500000000 0.0630208333333333
1 0.0402343750000000 0.4729166666666667 0.0117187500000000 0.0671875000000000
1 0.0273437500000000 0.4755208333333333 0.0089843750000000 0.0635416666666667
1 0.0128906250000000 0.5140625000000000 0.0148437500000000 0.0317708333333333
1 0.0156250000000000 0.4557291666666667 0.0125000000000000 0.0302083333333333
1 0.0105468750000000 0.3911458333333334 0.0117187500000000 0.0307291666666667
1 0.3132812500000000 0.2494791666666667 0.0246093750000000 0.1307291666666667
1 0.2894531250000000 0.2567708333333333 0.0210937500000000 0.1182291666666667
1 0.0332031250000000 0.3927083333333333 0.0125000000000000 0.0645833333333333
1 0.4308593750000000 0.4109375000000000 0.0125000000000000 0.1125000000000000
1 0.0906250000000000 0.7468750000000000 0.0109375000000000 0.0755208333333333
1 0.0484375000000000 0.6359375000000000 0.0117187500000000 0.0625000000000000
1 0.1906250000000000 0.6166666666666667 0.0089843750000000 0.0890625000000000
1 0.1812500000000000 0.6104166666666667 0.0089843750000000 0.0817708333333333
1 0.1695312500000000 0.6093750000000000 0.0125000000000000 0.0812500000000000
1 0.1464843750000000 0.5973958333333333 0.0097656250000000 0.0812500000000000
1 0.1578125000000000 0.5958333333333333 0.0117187500000000 0.0770833333333333
1 0.1371093750000000 0.5901041666666667 0.0109375000000000 0.0786458333333333
1 0.1265625000000000 0.5864583333333333 0.0089843750000000 0.0708333333333333
1 0.1062500000000000 0.5791666666666667 0.0222656250000000 0.0802083333333333
1 0.1039062500000000 0.7562500000000000 0.0148437500000000 0.0781250000000000
1 0.0894531250000000 0.5692708333333333 0.0101562500000000 0.0651041666666667
1 0.0675781250000000 0.5682291666666667 0.0097656250000000 0.0552083333333333
1 0.0464843750000000 0.5572916666666666 0.0296875000000000 0.0598958333333333
1 0.1277343750000000 0.6802083333333333 0.0160156250000000 0.0760416666666667
1 0.1125000000000000 0.6687500000000000 0.0136718750000000 0.0645833333333333
1 0.0968750000000000 0.6630208333333333 0.0140625000000000 0.0755208333333333
1 0.0828125000000000 0.6536458333333334 0.0121093750000000 0.0625000000000000
1 0.0718750000000000 0.6484375000000000 0.0101562500000000 0.0729166666666667
1 0.0589843750000000 0.6395833333333333 0.0101562500000000 0.0583333333333333
1 0.0785156250000000 0.5708333333333333 0.0113281250000000 0.0614583333333333
1 0.4468750000000000 0.4140625000000000 0.0191406250000000 0.1187500000000000
1 0.3960937500000000 0.3859375000000000 0.0246093750000000 0.0921875000000000
1 0.4027343750000000 0.9671875000000000 0.0304687500000000 0.0661458333333333
1 0.7351562500000000 0.9687500000000000 0.0406250000000000 0.0619791666666667
1 0.6804687500000000 0.9520833333333333 0.0484375000000000 0.0953125000000000
1 0.6156250000000000 0.9348958333333334 0.0445312500000000 0.1296875000000000
1 0.5671875000000000 0.9281250000000000 0.0480468750000000 0.1260416666666667
1 0.5242187500000000 0.9062500000000000 0.0250000000000000 0.1583333333333333
1 0.4917968750000000 0.8822916666666667 0.0398437500000000 0.1161458333333333
1 0.4406250000000000 0.8697916666666666 0.0488281250000000 0.1359375000000000
1 0.4007812500000000 0.8453125000000000 0.0324218750000000 0.1114583333333333
1 0.3652343750000000 0.8296875000000000 0.0316406250000000 0.1291666666666667
1 0.3335937500000000 0.8000000000000000 0.0273437500000000 0.0932291666666667
1 0.3066406250000000 0.7854166666666667 0.0234375000000000 0.1218750000000000
1 0.2812500000000000 0.7713541666666667 0.0226562500000000 0.0989583333333333
1 0.2589843750000000 0.7635416666666667 0.0160156250000000 0.1109375000000000
1 0.2421875000000000 0.7447916666666666 0.0121093750000000 0.1000000000000000
1 0.2277343750000000 0.7390625000000000 0.0167968750000000 0.0968750000000000
1 0.2097656250000000 0.7322916666666667 0.0132812500000000 0.0932291666666667
1 0.3648437500000000 0.9541666666666667 0.0343750000000000 0.0921875000000000
1 0.2027343750000000 0.6213541666666667 0.0101562500000000 0.0932291666666667
1 0.3339843750000000 0.9421875000000000 0.0214843750000000 0.1166666666666667
1 0.2179687500000000 0.6296875000000000 0.0152343750000000 0.0906250000000000
1 0.2566406250000000 0.6359375000000000 0.0222656250000000 0.0947916666666667
1 0.0148437500000000 0.3130208333333334 0.0164062500000000 0.0609375000000000
1 0.0285156250000000 0.3104166666666667 0.0089843750000000 0.0666666666666667
1 0.0421875000000000 0.3078125000000000 0.0140625000000000 0.0614583333333333
1 0.0566406250000000 0.3010416666666667 0.0093750000000000 0.0750000000000000
1 0.0679687500000000 0.2984375000000000 0.0117187500000000 0.0677083333333333
1 0.0902343750000000 0.2979166666666667 0.0101562500000000 0.0687500000000000
1 0.0796875000000000 0.3000000000000000 0.0097656250000000 0.0708333333333333
1 0.1003906250000000 0.2958333333333333 0.0101562500000000 0.0760416666666667
1 0.1121093750000000 0.2958333333333333 0.0125000000000000 0.0776041666666667
1 0.1218750000000000 0.2911458333333333 0.0089843750000000 0.0848958333333333
1 0.1328125000000000 0.2942708333333333 0.0121093750000000 0.0869791666666667
1 0.1457031250000000 0.2906250000000000 0.0136718750000000 0.0953125000000000
1 0.1593750000000000 0.2864583333333333 0.0125000000000000 0.0854166666666667
1 0.1726562500000000 0.2812500000000000 0.0121093750000000 0.0848958333333333
1 0.1855468750000000 0.2807291666666666 0.0093750000000000 0.0848958333333333
1 0.1976562500000000 0.2739583333333334 0.0121093750000000 0.0942708333333333
1 0.2125000000000000 0.2718750000000000 0.0171875000000000 0.0989583333333333
1 0.2335937500000000 0.6333333333333333 0.0167968750000000 0.0953125000000000
1 0.3042968750000000 0.9312500000000000 0.0324218750000000 0.1276041666666667
1 0.1007812500000000 0.4802083333333333 0.0347656250000000 0.0734375000000000
1 0.2300781250000000 0.8401041666666667 0.0265625000000000 0.0890625000000000
1 0.2656250000000000 0.8869791666666667 0.0343750000000000 0.1036458333333333
1 0.4640625000000000 0.4161458333333333 0.0144531250000000 0.1119791666666667
1 0.4941406250000000 0.4161458333333333 0.0136718750000000 0.1197916666666667
1 0.5109375000000000 0.4093750000000000 0.0203125000000000 0.1416666666666667
1 0.5339843750000000 0.4052083333333333 0.0246093750000000 0.1489583333333333
1 0.5558593750000000 0.4067708333333334 0.0183593750000000 0.1489583333333333
1 0.5753906250000000 0.4046875000000000 0.0199218750000000 0.1427083333333333
1 0.6019531250000000 0.4119791666666667 0.0308593750000000 0.1598958333333333
1 0.4800781250000000 0.4182291666666667 0.0148437500000000 0.1151041666666667
1 0.6707031250000000 0.4062500000000000 0.0265625000000000 0.1614583333333333
1 0.7007812500000000 0.4093750000000000 0.0339843750000000 0.1692708333333333
1 0.1351562500000000 0.7828125000000000 0.0238281250000000 0.0828125000000000
1 0.1578125000000000 0.8026041666666667 0.0093750000000000 0.0932291666666667
1 0.1722656250000000 0.8125000000000000 0.0152343750000000 0.0812500000000000
1 0.1871093750000000 0.8244791666666667 0.0128906250000000 0.1046875000000000
1 0.6378906250000000 0.4052083333333333 0.0339843750000000 0.1604166666666667
1 0.2050781250000000 0.8338541666666667 0.0230468750000000 0.0854166666666667
