1 0.2483660130718954 0.3658088235294117 0.0518790849673203 0.0989583333333333
1 0.0923202614379085 0.3799019607843137 0.0784313725490196 0.0796568627450980
1 0.1915849673202615 0.4022671568627451 0.0616830065359477 0.0349264705882353
1 0.9566993464052288 0.2432598039215686 0.0355392156862745 0.0419730392156863
1 0.1241830065359477 0.5361519607843137 0.0375816993464052 0.0833333333333333
1 0.7843137254901961 0.3311887254901961 0.0506535947712418 0.0680147058823529
1 0.3692810457516340 0.3602941176470588 0.0477941176470588 0.0814950980392157
1 0.0861928104575163 0.5404411764705882 0.0408496732026144 0.0857843137254902
1 0.0326797385620915 0.5337009803921569 0.0657679738562092 0.1148897058823529
1 0.2549019607843137 0.6250000000000000 0.0678104575163399 0.1289828431372549
1 0.2818627450980392 0.4981617647058824 0.0294117647058824 0.0523897058823529
1 0.3239379084967320 0.5012254901960784 0.0285947712418301 0.0539215686274510
1 0.3533496732026144 0.4954044117647059 0.0302287581699346 0.0499387254901961
1 0.4003267973856209 0.4828431372549020 0.0294117647058824 0.0505514705882353
1 0.4489379084967320 0.4874387254901961 0.0330882352941176 0.0496323529411765
1 0.4799836601307190 0.4849877450980392 0.0273692810457516 0.0511642156862745
1 0.5098039215686274 0.4819240196078431 0.0281862745098039 0.0517769607843137
1 0.1719771241830065 0.5238970588235294 0.0375816993464052 0.0940563725490196
1 0.9669117647058824 0.3223039215686275 0.0596405228758170 0.0726102941176471
1 0.8933823529411765 0.3314950980392157 0.0486111111111111 0.0747549019607843
1 0.6548202614379085 0.3360906862745098 0.0547385620915033 0.0710784313725490
1 0.5886437908496732 0.3504901960784313 0.0449346405228758 0.0811887254901961
1 0.4207516339869281 0.3532475490196079 0.0490196078431373 0.0851715686274510
1 0.4844771241830065 0.3556985294117647 0.0453431372549020 0.0821078431372549
1 0.3149509803921569 0.3676470588235294 0.0625000000000000 0.0863970588235294
1 0.2487745098039216 0.5049019607843137 0.0310457516339869 0.0560661764705882
1 0.6650326797385621 0.4617034313725490 0.0245098039215686 0.0462622549019608
1 0.5367647058823529 0.4788602941176471 0.0265522875816993 0.0517769607843137
1 0.8876633986928104 0.5465686274509803 0.0498366013071895 0.0851715686274510
1 0.7732843137254902 0.5468750000000000 0.0710784313725490 0.0857843137254902
1 0.6760620915032680 0.5796568627450981 0.0723039215686275 0.0814950980392157
1 0.6013071895424836 0.5784313725490197 0.0833333333333333 0.0312500000000000
1 0.9334150326797386 0.6559436274509803 0.0273692810457516 0.0784313725490196
1 0.8982843137254902 0.6559436274509803 0.0416666666666667 0.1099877450980392
1 0.8141339869281046 0.6681985294117647 0.1262254901960784 0.0569852941176471
1 0.7103758169934641 0.7285539215686274 0.0641339869281046 0.0425857843137255
1 0.6441993464052288 0.7110906862745098 0.0682189542483660 0.1023284313725490
1 0.5706699346405228 0.7221200980392157 0.0780228758169935 0.1053921568627451
1 0.5044934640522876 0.7383578431372549 0.0547385620915033 0.1188725490196078
1 0.3598856209150327 0.7693014705882353 0.0923202614379085 0.1112132352941176
1 0.2753267973856209 0.7876838235294118 0.0804738562091503 0.1283700980392157
1 0.1936274509803922 0.8278186274509803 0.0808823529411765 0.0873161764705882
1 0.5040849673202614 0.4408700980392157 0.0326797385620915 0.0235906862745098
1 0.0792483660130719 0.7763480392156863 0.1041666666666667 0.0416666666666667
1 0.5036764705882353 0.5949754901960784 0.0702614379084967 0.1023284313725490
1 0.4211601307189543 0.6032475490196079 0.0878267973856209 0.1001838235294118
1 0.1756535947712418 0.6648284313725490 0.0776143790849673 0.0723039215686275
1 0.0167483660130719 0.6875000000000000 0.0339052287581699 0.0974264705882353
1 0.0588235294117647 0.6832107843137255 0.0461601307189543 0.1014093137254902
1 0.1090686274509804 0.6783088235294118 0.0486111111111111 0.0367647058823529
1 0.8349673202614379 0.4439338235294117 0.0208333333333333 0.0422794117647059
1 0.8125000000000000 0.4473039215686275 0.0220588235294118 0.0456495098039216
1 0.7577614379084967 0.4417892156862745 0.0277777777777778 0.0444240196078431
1 0.6903594771241830 0.4583333333333333 0.0236928104575163 0.0487132352941176
1 0.9199346405228758 0.2126225490196078 0.0294117647058824 0.0376838235294118
1 0.6139705882352942 0.4693627450980392 0.0236928104575163 0.0484068627450980
1 0.5890522875816994 0.4718137254901961 0.0257352941176471 0.0474877450980392
1 0.5633169934640523 0.4748774509803921 0.0249183006535948 0.0499387254901961
1 0.5915032679738562 0.6222426470588235 0.0747549019607843 0.0300245098039216
1 0.9064542483660131 0.2490808823529412 0.0371732026143791 0.0340073529411765
1 0.4456699346405229 0.2383578431372549 0.0522875816993464 0.0891544117647059
1 0.8116830065359477 0.2276348039215686 0.0371732026143791 0.0836397058823529
1 0.2483660130718954 0.0747549019607843 0.0657679738562092 0.1495098039215686
1 0.8006535947712419 0.1148897058823529 0.0457516339869281 0.0836397058823529
1 0.7267156862745098 0.0879289215686275 0.0629084967320261 0.1378676470588235
1 0.6527777777777778 0.0876225490196078 0.0641339869281046 0.1403186274509804
1 0.5441176470588235 0.0888480392156863 0.0661764705882353 0.1302083333333333
1 0.3280228758169935 0.0778186274509804 0.0837418300653595 0.1461397058823529
1 0.4403594771241830 0.0790441176470588 0.1258169934640523 0.1485906862745098
1 0.9579248366013072 0.5251225490196079 0.0841503267973856 0.0799632352941176
1 0.1025326797385621 0.8581495098039216 0.0947712418300654 0.0382965686274510
1 0.8933823529411765 0.4335171568627451 0.0531045751633987 0.0756740196078431
1 0.9383169934640523 0.4252450980392157 0.0371732026143791 0.0808823529411765
1 0.9791666666666666 0.4231004901960784 0.0379901960784314 0.0765931372549020
1 0.7271241830065359 0.3495710784313725 0.0596405228758170 0.0413602941176471
1 0.3186274509803921 0.5919117647058824 0.0608660130718954 0.0747549019607843
1 0.8611111111111112 0.2500000000000000 0.0355392156862745 0.0355392156862745
1 0.1781045751633987 0.0768995098039216 0.0718954248366013 0.1439950980392157
1 0.1094771241830065 0.0750612745098039 0.0625000000000000 0.1501225490196078
1 0.9738562091503268 0.6488970588235294 0.0522875816993464 0.0897671568627451
1 0.8451797385620915 0.1148897058823529 0.0371732026143791 0.0805759803921569
1 0.7761437908496732 0.2506127450980392 0.0343137254901961 0.0367647058823529
1 0.0445261437908497 0.0723039215686275 0.0637254901960784 0.1446078431372549
1 0.7332516339869281 0.2310049019607843 0.0375816993464052 0.0802696078431373
1 0.6932189542483660 0.2285539215686274 0.0379901960784314 0.0928308823529412
1 0.6082516339869281 0.2300857843137255 0.0465686274509804 0.0912990196078431
1 0.5543300653594772 0.2334558823529412 0.0535130718954248 0.0882352941176471
1 0.4983660130718954 0.2349877450980392 0.0518790849673203 0.0912990196078431
1 0.0915032679738562 0.8192401960784313 0.1025326797385621 0.0340073529411765
1 0.6523692810457516 0.2297794117647059 0.0428921568627451 0.0937500000000000
1 0.2982026143790850 0.2325367647058824 0.0543300653594771 0.0931372549019608
1 0.2238562091503268 0.2386642156862745 0.0584150326797386 0.0989583333333333
1 0.1462418300653595 0.2383578431372549 0.0645424836601307 0.1032475490196078
1 0.0445261437908497 0.2726715686274510 0.0347222222222222 0.0462622549019608
1 0.0825163398692810 0.2720588235294117 0.0298202614379085 0.0447303921568627
1 0.9276960784313726 0.1375612745098039 0.0412581699346405 0.0428921568627451
1 0.3897058823529412 0.2383578431372549 0.0551470588235294 0.0919117647058824
1 0.9362745098039216 0.0909926470588235 0.0412581699346405 0.0425857843137255
