1 0.9754901960784313 0.7705269607843137 0.0322712418300654 0.0533088235294118
1 0.1229575163398693 0.1158088235294118 0.0453431372549020 0.0781250000000000
1 0.0943627450980392 0.8158700980392157 0.0600490196078431 0.0254289215686275
1 0.0996732026143791 0.7791053921568627 0.0735294117647059 0.0189950980392157
1 0.0261437908496732 0.8219975490196079 0.0526960784313725 0.0269607843137255
1 0.7851307189542484 0.6516544117647058 0.0326797385620915 0.0370710784313725
1 0.9644607843137255 0.6675857843137255 0.0461601307189543 0.0389093137254902
1 0.9195261437908496 0.6706495098039216 0.0359477124183007 0.0349264705882353
1 0.8819444444444444 0.6636029411764706 0.0396241830065359 0.0367647058823529
1 0.7205882352941176 0.6660539215686274 0.0433006535947712 0.0658700980392157
1 0.6801470588235294 0.6694240196078431 0.0302287581699346 0.0710784313725490
1 0.6486928104575164 0.6685049019607843 0.0285947712418301 0.0729166666666667
1 0.6102941176470589 0.6780024509803921 0.0416666666666667 0.0588235294117647
1 0.5649509803921569 0.6789215686274510 0.0486111111111111 0.0557598039215686
1 0.5241013071895425 0.6700367647058824 0.0236928104575163 0.0649509803921569
1 0.4963235294117647 0.6706495098039216 0.0265522875816993 0.0719975490196078
1 0.4701797385620915 0.6721813725490197 0.0241013071895425 0.0695465686274510
1 0.1601307189542484 0.8097426470588235 0.0616830065359477 0.0263480392156863
1 0.1629901960784314 0.8409926470588235 0.0674019607843137 0.0294117647058824
1 0.2659313725490196 0.8161764705882353 0.0976307189542484 0.1115196078431373
1 0.3341503267973856 0.8293504901960784 0.0322712418300654 0.0768995098039216
1 0.5065359477124183 0.4782475490196079 0.0604575163398693 0.0643382352941176
1 0.0183823529411765 0.1139705882352941 0.0367647058823529 0.0772058823529412
1 0.7683823529411765 0.7689950980392157 0.0404411764705882 0.0609681372549020
1 0.9121732026143791 0.7944240196078431 0.0927287581699346 0.0530024509803922
1 0.8243464052287581 0.7619485294117647 0.0567810457516340 0.0600490196078431
1 0.7283496732026143 0.8079044117647058 0.0334967320261438 0.0634191176470588
1 0.6789215686274510 0.7990196078431373 0.0604575163398693 0.0891544117647059
1 0.4383169934640523 0.6789215686274510 0.0322712418300654 0.0723039215686275
1 0.6237745098039216 0.8082107843137255 0.0330882352941176 0.0536151960784314
1 0.5567810457516340 0.8281250000000000 0.0216503267973856 0.0143995098039216
1 0.5273692810457516 0.8219975490196079 0.0269607843137255 0.0566789215686275
1 0.4942810457516340 0.8155637254901961 0.0290032679738562 0.0723039215686275
1 0.4591503267973856 0.7950367647058824 0.0257352941176471 0.0781250000000000
1 0.4321895424836601 0.8189338235294118 0.0196078431372549 0.0707720588235294
1 0.4007352941176471 0.8030024509803921 0.0326797385620915 0.0781250000000000
1 0.3676470588235294 0.8216911764705882 0.0310457516339869 0.0811887254901961
1 0.5833333333333334 0.8149509803921569 0.0314542483660131 0.0637254901960784
1 0.4485294117647059 0.4794730392156863 0.0494281045751634 0.0655637254901961
1 0.4084967320261438 0.6859681372549019 0.0261437908496732 0.0621936274509804
1 0.2863562091503268 0.6675857843137255 0.0375816993464052 0.0551470588235294
1 0.0596405228758170 0.6148897058823529 0.0866013071895425 0.0254289215686275
1 0.1425653594771242 0.6096813725490197 0.0690359477124183 0.0333946078431373
1 0.1527777777777778 0.5566789215686274 0.0575980392156863 0.0245098039215686
1 0.0616830065359477 0.5827205882352942 0.0874183006535948 0.0284926470588235
1 0.9881535947712419 0.4724264705882353 0.0249183006535948 0.0575980392156863
1 0.9517973856209150 0.4730392156862745 0.0383986928104575 0.0539215686274510
1 0.9097222222222222 0.4748774509803921 0.0412581699346405 0.0557598039215686
1 0.8705065359477124 0.4739583333333333 0.0343137254901961 0.0560661764705882
1 0.8300653594771242 0.4745710784313725 0.0428921568627451 0.0563725490196078
1 0.7377450980392157 0.4745710784313725 0.0310457516339869 0.0585171568627451
1 0.6993464052287581 0.4764093137254902 0.0441176470588235 0.0664828431372549
1 0.6495098039215687 0.4748774509803921 0.0526960784313725 0.0637254901960784
1 0.6025326797385621 0.4767156862745098 0.0408496732026144 0.0612745098039216
1 0.5604575163398693 0.4840686274509804 0.0416666666666667 0.0505514705882353
1 0.0702614379084967 0.1213235294117647 0.0477941176470588 0.0652573529411765
1 0.2201797385620915 0.5821078431372549 0.0449346405228758 0.0836397058823529
1 0.2822712418300654 0.5821078431372549 0.0723039215686275 0.0674019607843137
1 0.3570261437908497 0.5814950980392157 0.0710784313725490 0.0689338235294118
1 0.4191176470588235 0.6029411764705882 0.0445261437908497 0.0254289215686275
1 0.2348856209150327 0.6976102941176471 0.0531045751633987 0.0505514705882353
1 0.1548202614379085 0.7285539215686274 0.0584150326797386 0.0232843137254902
1 0.1572712418300654 0.6881127450980392 0.0600490196078431 0.0260416666666667
1 0.0894607843137255 0.7074142156862745 0.0604575163398693 0.0269607843137255
1 0.0910947712418301 0.6758578431372549 0.0674019607843137 0.0257352941176471
1 0.9485294117647058 0.5625000000000000 0.0645424836601307 0.0689338235294118
1 0.8843954248366013 0.5640318627450981 0.0547385620915033 0.0664828431372549
1 0.3243464052287582 0.6810661764705882 0.0302287581699346 0.0821078431372549
1 0.8337418300653595 0.5637254901960784 0.0465686274509804 0.0799632352941176
1 0.7283496732026143 0.5762867647058824 0.0412581699346405 0.0628063725490196
1 0.6789215686274510 0.5836397058823529 0.0502450980392157 0.0487132352941176
1 0.6151960784313726 0.5814950980392157 0.0408496732026144 0.0530024509803922
1 0.5759803921568627 0.5719975490196079 0.0314542483660131 0.0793504901960784
1 0.5437091503267973 0.5670955882352942 0.0208333333333333 0.0747549019607843
1 0.5069444444444444 0.5842524509803921 0.0473856209150327 0.0603553921568627
1 0.4620098039215687 0.5851715686274510 0.0330882352941176 0.0505514705882353
1 0.7937091503267973 0.5695465686274510 0.0314542483660131 0.0692401960784314
1 0.4007352941176471 0.4785539215686275 0.0465686274509804 0.0652573529411765
1 0.3672385620915033 0.6908700980392157 0.0486111111111111 0.0557598039215686
1 0.3080065359477124 0.4776348039215687 0.0449346405228758 0.0689338235294118
1 0.0359477124183007 0.2564338235294117 0.0285947712418301 0.0465686274509804
1 0.0804738562091503 0.2435661764705882 0.0514705882352941 0.0655637254901961
1 0.0935457516339869 0.2018995098039216 0.0469771241830065 0.0162377450980392
1 0.1405228758169935 0.2576593137254902 0.0224673202614379 0.0493259803921569
1 0.2026143790849673 0.2643995098039216 0.0424836601307190 0.0762867647058824
1 0.2471405228758170 0.2150735294117647 0.0453431372549020 0.0775122549019608
1 0.2500000000000000 0.2797181372549020 0.0506535947712418 0.0474877450980392
1 0.2998366013071895 0.2659313725490196 0.0498366013071895 0.0768995098039216
1 0.3517156862745098 0.2671568627450980 0.0461601307189543 0.0738357843137255
1 0.3909313725490196 0.2705269607843137 0.0310457516339869 0.0680147058823529
1 0.4268790849673202 0.2735906862745098 0.0310457516339869 0.0652573529411765
1 0.4607843137254902 0.2751225490196079 0.0334967320261438 0.0615808823529412
1 0.4930555555555556 0.2754289215686275 0.0261437908496732 0.0634191176470588
1 0.5294117647058824 0.2751225490196079 0.0457516339869281 0.0640318627450980
1 0.5678104575163399 0.2840073529411765 0.0285947712418301 0.0481004901960784
1 0.1184640522875817 0.0560661764705882 0.0575980392156863 0.0392156862745098
1 0.9195261437908496 0.1421568627450980 0.0457516339869281 0.0713848039215686
1 0.8684640522875817 0.1375612745098039 0.0522875816993464 0.0750612745098039
1 0.8149509803921569 0.1375612745098039 0.0420751633986928 0.0753676470588235
1 0.3521241830065360 0.4764093137254902 0.0433006535947712 0.0686274509803922
1 0.1834150326797385 0.0802696078431373 0.0482026143790850 0.1007965686274510
1 0.2324346405228758 0.1011029411764706 0.0412581699346405 0.1078431372549020
1 0.2761437908496732 0.1041666666666667 0.0388071895424837 0.1069240196078431
1 0.3174019607843137 0.1096813725490196 0.0388071895424837 0.0958946078431373
1 0.3549836601307190 0.1090686274509804 0.0347222222222222 0.0995710784313725
1 0.3933823529411765 0.1084558823529412 0.0318627450980392 0.1035539215686275
1 0.5988562091503268 0.2729779411764706 0.0294117647058824 0.0683210784313725
1 0.4346405228758170 0.1093750000000000 0.0424836601307190 0.1014093137254902
1 0.5294117647058824 0.1155024509803922 0.0347222222222222 0.0977328431372549
1 0.5694444444444444 0.1118259803921569 0.0322712418300654 0.1050857843137255
1 0.6070261437908496 0.1121323529411765 0.0392156862745098 0.1072303921568627
1 0.6470588235294118 0.1127450980392157 0.0404411764705882 0.1115196078431373
1 0.6870915032679739 0.1228553921568627 0.0375816993464052 0.0934436274509804
1 0.7267156862745098 0.1415441176470588 0.0408496732026144 0.0560661764705882
1 0.7651143790849673 0.1369485294117647 0.0318627450980392 0.0707720588235294
1 0.4844771241830065 0.1207107843137255 0.0494281045751634 0.0879289215686275
1 0.6225490196078431 0.2766544117647059 0.0167483660130719 0.0655637254901961
1 0.9738562091503268 0.1412377450980392 0.0531045751633987 0.0732230392156863
1 0.6446078431372549 0.2778799019607843 0.0249183006535948 0.0640318627450980
1 0.9285130718954249 0.2279411764705882 0.0424836601307190 0.0563725490196078
1 0.9722222222222222 0.2279411764705882 0.0433006535947712 0.0572916666666667
1 0.8223039215686274 0.3201593137254902 0.0343137254901961 0.0575980392156863
1 0.9093137254901961 0.3219975490196079 0.0437091503267974 0.0511642156862745
1 0.9432189542483660 0.3232230392156863 0.0216503267973856 0.0490196078431373
1 0.9791666666666666 0.3275122549019608 0.0396241830065359 0.0456495098039216
1 0.8770424836601307 0.3949142156862745 0.0359477124183007 0.0517769607843137
1 0.9174836601307189 0.3946078431372549 0.0416666666666667 0.0511642156862745
1 0.9607843137254902 0.3936887254901961 0.0388071895424837 0.0514705882352941
1 0.0669934640522876 0.4506740196078431 0.0694444444444444 0.0309436274509804
1 0.0531045751633987 0.4963235294117647 0.0776143790849673 0.0386029411764706
1 0.1327614379084967 0.5015318627450981 0.0710784313725490 0.0300245098039216
1 0.1368464052287582 0.4641544117647059 0.0616830065359477 0.0309436274509804
1 0.2124183006535948 0.4797794117647059 0.0441176470588235 0.0677083333333333
1 0.2593954248366013 0.4794730392156863 0.0486111111111111 0.0701593137254902
1 0.8864379084967320 0.2273284313725490 0.0371732026143791 0.0585171568627451
1 0.8435457516339869 0.2236519607843137 0.0408496732026144 0.0539215686274510
1 0.8312908496732027 0.3936887254901961 0.0453431372549020 0.0505514705882353
1 0.6973039215686274 0.3878676470588235 0.0400326797385621 0.0649509803921569
1 0.6691176470588235 0.2781862745098039 0.0228758169934641 0.0609681372549020
1 0.7434640522875817 0.3854166666666667 0.0457516339869281 0.0677083333333333
1 0.6960784313725490 0.2729779411764706 0.0302287581699346 0.0710784313725490
1 0.7291666666666666 0.2729779411764706 0.0351307189542484 0.0686274509803922
1 0.0408496732026144 0.3783700980392157 0.0494281045751634 0.0502450980392157
1 0.0951797385620915 0.3820465686274510 0.0502450980392157 0.0471813725490196
1 0.1462418300653595 0.3820465686274510 0.0379901960784314 0.0471813725490196
1 0.2099673202614379 0.3848039215686275 0.0465686274509804 0.0744485294117647
1 0.1376633986928105 0.3391544117647059 0.0383986928104575 0.0287990196078431
1 0.3088235294117647 0.3841911764705883 0.0465686274509804 0.0732230392156863
1 0.3574346405228758 0.3841911764705883 0.0498366013071895 0.0723039215686275
1 0.4076797385620915 0.3826593137254902 0.0498366013071895 0.0701593137254902
1 0.4644607843137255 0.3878676470588235 0.0449346405228758 0.0677083333333333
1 0.5118464052287581 0.3820465686274510 0.0424836601307190 0.0689338235294118
1 0.6045751633986928 0.3848039215686275 0.0375816993464052 0.0686274509803922
1 0.6474673202614379 0.3835784313725490 0.0408496732026144 0.0661764705882353
1 0.2589869281045752 0.3844975490196079 0.0510620915032680 0.0747549019607843
