1 0.4914215686274510 0.2303921568627451 0.0629084967320261 0.0435049019607843
1 0.4901960784313725 0.1859681372549020 0.0567810457516340 0.0416666666666667
1 0.3754084967320261 0.7478553921568627 0.0359477124183007 0.0701593137254902
1 0.4117647058823529 0.7545955882352942 0.0351307189542484 0.0689338235294118
1 0.4493464052287582 0.7552083333333334 0.0367647058823529 0.0670955882352941
1 0.4861111111111111 0.7552083333333334 0.0367647058823529 0.0615808823529412
1 0.5253267973856209 0.7545955882352942 0.0383986928104575 0.0686274509803922
1 0.6368464052287581 0.7579656862745098 0.0371732026143791 0.0701593137254902
1 0.5968137254901961 0.7539828431372549 0.0343137254901961 0.0674019607843137
1 0.9460784313725490 0.7530637254901961 0.0526960784313725 0.0827205882352941
1 0.7406045751633987 0.7475490196078431 0.1017156862745098 0.0983455882352941
1 0.8443627450980392 0.7460171568627451 0.1045751633986928 0.0980392156862745
1 0.7442810457516340 0.8710171568627451 0.0861928104575163 0.1044730392156863
1 0.9758986928104575 0.8848039215686274 0.0465686274509804 0.0946691176470588
1 0.5616830065359477 0.7542892156862745 0.0334967320261438 0.0680147058823529
1 0.6531862745098039 0.8639705882352942 0.0849673202614379 0.0986519607843137
1 0.3415032679738562 0.8560049019607843 0.0379901960784314 0.0946691176470588
1 0.5412581699346405 0.8716299019607843 0.0355392156862745 0.0303308823529412
1 0.3790849673202614 0.8590686274509803 0.0351307189542484 0.0919117647058824
1 0.4174836601307190 0.8697916666666666 0.0424836601307190 0.0845588235294118
1 0.4611928104575164 0.8651960784313726 0.0379901960784314 0.0839460784313725
1 0.4995915032679739 0.8909313725490197 0.0330882352941176 0.0251225490196078
1 0.5020424836601307 0.8612132352941176 0.0416666666666667 0.0324754901960784
1 0.2401960784313726 0.8596813725490197 0.0290032679738562 0.0762867647058824
1 0.0236928104575163 0.8563112745098039 0.0477941176470588 0.0836397058823529
1 0.0808823529411765 0.8532475490196079 0.0383986928104575 0.0867034313725490
1 0.1192810457516340 0.8560049019607843 0.0379901960784314 0.0857843137254902
1 0.1589052287581699 0.8563112745098039 0.0363562091503268 0.0925245098039216
1 0.1989379084967320 0.8560049019607843 0.0424836601307190 0.0888480392156863
1 0.9865196078431373 0.3379289215686275 0.0257352941176471 0.1109068627450980
1 0.2826797385620915 0.8550857843137255 0.0322712418300654 0.0842524509803922
1 0.5457516339869281 0.2046568627450980 0.0441176470588235 0.0962009803921569
1 0.5392156862745098 0.8992034313725490 0.0424836601307190 0.0217524509803922
1 0.5845588235294118 0.8869485294117647 0.0441176470588235 0.0438112745098039
1 0.5951797385620915 0.2040441176470588 0.0469771241830065 0.1011029411764706
1 0.7642973856209150 0.6265318627450981 0.0371732026143791 0.0759803921568627
1 0.7013888888888888 0.1905637254901961 0.0539215686274510 0.0309436274509804
1 0.1523692810457516 0.6127450980392157 0.0388071895424837 0.0919117647058824
1 0.1985294117647059 0.6130514705882353 0.0334967320261438 0.0900735294117647
1 0.2373366013071895 0.6115196078431373 0.0416666666666667 0.0870098039215686
1 0.2777777777777778 0.6093750000000000 0.0334967320261438 0.0882352941176471
1 0.3153594771241830 0.6106004901960784 0.0392156862745098 0.0879289215686275
1 0.3705065359477124 0.6390931372549019 0.0531045751633987 0.0349264705882353
1 0.3647875816993464 0.6023284313725490 0.0531045751633987 0.0367647058823529
1 0.4223856209150327 0.6406250000000000 0.0494281045751634 0.0404411764705882
1 0.4183006535947713 0.6014093137254902 0.0482026143790850 0.0349264705882353
1 0.4758986928104575 0.6397058823529411 0.0518790849673203 0.0364583333333333
1 0.4771241830065360 0.6020220588235294 0.0498366013071895 0.0364583333333333
1 0.5290032679738562 0.6418504901960784 0.0494281045751634 0.0373774509803922
1 0.6478758169934641 0.2303921568627451 0.0514705882352941 0.0352328431372549
1 0.5776143790849673 0.6449142156862745 0.0383986928104575 0.0318627450980392
1 0.5747549019607843 0.6148897058823529 0.0404411764705882 0.0242034313725490
1 0.6192810457516340 0.6485906862745098 0.0408496732026144 0.0306372549019608
1 0.6176470588235294 0.6148897058823529 0.0453431372549020 0.0324754901960784
1 0.1098856209150327 0.6060049019607843 0.0347222222222222 0.1017156862745098
1 0.6580882352941176 0.6188725490196079 0.0326797385620915 0.0873161764705882
1 0.0714869281045752 0.6032475490196079 0.0424836601307190 0.1050857843137255
1 0.0400326797385621 0.7166053921568627 0.0449346405228758 0.0333946078431373
1 0.0653594771241830 0.2018995098039216 0.1270424836601307 0.1026348039215686
1 0.1621732026143791 0.2006740196078431 0.0424836601307190 0.1053921568627451
1 0.2038398692810457 0.1988357843137255 0.0408496732026144 0.1047794117647059
1 0.2442810457516340 0.2037377450980392 0.0367647058823529 0.1004901960784314
1 0.2781862745098039 0.2224264705882353 0.0269607843137255 0.0594362745098039
1 0.2818627450980392 0.1706495098039216 0.0343137254901961 0.0456495098039216
1 0.3243464052287582 0.2068014705882353 0.0388071895424837 0.0891544117647059
1 0.3672385620915033 0.1939338235294118 0.0465686274509804 0.1127450980392157
1 0.4252450980392157 0.2208946078431372 0.0625000000000000 0.0594362745098039
1 0.3398692810457516 0.7481617647058824 0.0302287581699346 0.0677083333333333
1 0.3071895424836601 0.7426470588235294 0.0273692810457516 0.0768995098039216
1 0.2749183006535948 0.7392769607843137 0.0318627450980392 0.0753676470588235
1 0.2393790849673203 0.7297794117647058 0.0347222222222222 0.0912990196078431
1 0.2001633986928105 0.7291666666666666 0.0334967320261438 0.0962009803921569
1 0.1654411764705882 0.7276348039215687 0.0339052287581699 0.0934436274509804
1 0.1250000000000000 0.7251838235294118 0.0416666666666667 0.0937500000000000
1 0.0845588235294118 0.7264093137254902 0.0379901960784314 0.0909926470588235
1 0.0155228758169935 0.6053921568627451 0.0310457516339869 0.0983455882352941
1 0.6899509803921569 0.6216299019607843 0.0269607843137255 0.0811887254901961
1 0.5314542483660131 0.6038602941176471 0.0465686274509804 0.0340073529411765
1 0.3970588235294117 0.3746936274509804 0.0445261437908497 0.0278799019607843
1 0.2773692810457516 0.3425245098039216 0.0522875816993464 0.0940563725490196
1 0.3325163398692810 0.3707107843137255 0.0547385620915033 0.0398284313725490
1 0.3312908496732026 0.3305759803921569 0.0555555555555556 0.0382965686274510
1 0.7222222222222222 0.6253063725490197 0.0375816993464052 0.0768995098039216
1 0.5102124183006536 0.3296568627450980 0.1699346405228758 0.1148897058823529
1 0.6968954248366013 0.3302696078431372 0.1654411764705882 0.1130514705882353
1 0.8778594771241830 0.3281250000000000 0.1862745098039216 0.1139705882352941
1 0.2030228758169935 0.3434436274509804 0.0506535947712418 0.0925245098039216
1 0.9681372549019608 0.2208946078431372 0.0620915032679739 0.0447303921568627
1 0.9097222222222222 0.1865808823529412 0.0416666666666667 0.0431985294117647
1 0.8639705882352942 0.1746323529411765 0.0510620915032680 0.0683210784313725
1 0.8198529411764706 0.1960784313725490 0.0322712418300654 0.0217524509803922
1 0.8611111111111112 0.2261029411764706 0.1135620915032680 0.0352328431372549
1 0.7704248366013072 0.2273284313725490 0.0575980392156863 0.0376838235294118
1 0.7700163398692811 0.1850490196078431 0.0641339869281046 0.0453431372549020
1 0.7075163398692811 0.2276348039215686 0.0620915032679739 0.0410539215686275
1 0.9648692810457516 0.1752450980392157 0.0633169934640523 0.0407475490196078
1 0.1613562091503268 0.3428308823529412 0.0326797385620915 0.0998774509803922
1 0.2393790849673203 0.3428308823529412 0.0228758169934641 0.0998774509803922
1 0.0747549019607843 0.3345588235294117 0.0416666666666667 0.1041666666666667
1 0.8067810457516340 0.6262254901960784 0.0408496732026144 0.0814950980392157
1 0.9052287581699346 0.6179534313725490 0.1331699346405229 0.1084558823529412
1 0.9901960784313726 0.4791666666666667 0.0212418300653595 0.0922181372549020
1 0.8537581699346405 0.4672181372549020 0.2087418300653595 0.1142769607843137
1 0.6433823529411765 0.4681372549019608 0.2046568627450980 0.1106004901960784
1 0.4546568627450980 0.4659926470588235 0.1678921568627451 0.1090686274509804
1 0.1188725490196078 0.3412990196078431 0.0441176470588235 0.0946691176470588
1 0.2957516339869281 0.4819240196078431 0.0310457516339869 0.0830269607843137
1 0.2593954248366013 0.4810049019607843 0.0363562091503268 0.0808823529411765
1 0.3419117647058824 0.4806985294117647 0.0457516339869281 0.0888480392156863
1 0.1764705882352941 0.4981617647058824 0.0518790849673203 0.0401348039215686
1 0.1205065359477124 0.5000000000000000 0.0555555555555556 0.0373774509803922
1 0.0608660130718954 0.4978553921568628 0.0522875816993464 0.0364583333333333
1 0.1785130718954248 0.4580269607843137 0.0486111111111111 0.0379901960784314
1 0.1266339869281046 0.4604779411764706 0.0449346405228758 0.0315563725490196
1 0.0788398692810457 0.4656862745098039 0.0498366013071895 0.0238970588235294
1 0.0363562091503268 0.3354779411764706 0.0343137254901961 0.1084558823529412
1 0.2226307189542484 0.4791666666666667 0.0359477124183007 0.0805759803921569
