1 0.4192708333333333 0.8187500000000000 0.0338541666666667 0.0781250000000000
1 0.2927083333333333 0.8675781250000000 0.0229166666666667 0.0929687500000000
1 0.2703125000000000 0.8792968750000000 0.0197916666666667 0.1027343750000000
1 0.4515625000000000 0.8093750000000000 0.0286458333333333 0.0835937500000000
1 0.3536458333333333 0.8382812500000000 0.0380208333333333 0.0843750000000000
1 0.3880208333333333 0.8281250000000000 0.0276041666666667 0.0828125000000000
1 0.2458333333333333 0.8894531250000000 0.0213541666666667 0.1042968750000000
1 0.4890625000000000 0.8156250000000000 0.0369791666666667 0.0699218750000000
1 0.1156250000000000 0.9375000000000000 0.0447916666666667 0.1000000000000000
1 0.5458333333333333 0.7910156250000000 0.0270833333333333 0.0773437500000000
1 0.5718750000000000 0.7792968750000000 0.0187500000000000 0.0730468750000000
1 0.0359375000000000 0.9601562500000000 0.0437500000000000 0.0812500000000000
1 0.2182291666666667 0.9078125000000000 0.0328125000000000 0.0910156250000000
1 0.1479166666666667 0.9355468750000000 0.0151041666666667 0.0796875000000000
1 0.1828125000000000 0.9445312500000000 0.0411458333333333 0.0316406250000000
1 0.1781250000000000 0.8992187500000000 0.0406250000000000 0.0398437500000000
1 0.5197916666666667 0.7941406250000000 0.0187500000000000 0.0722656250000000
1 0.0776041666666667 0.9632812500000000 0.0302083333333333 0.0734375000000000
1 0.5781250000000000 0.6722656250000000 0.0218750000000000 0.0722656250000000
1 0.6140625000000000 0.7660156250000000 0.0208333333333333 0.0730468750000000
1 0.9463541666666667 0.4238281250000000 0.0125000000000000 0.0632812500000000
1 0.9614583333333333 0.4183593750000000 0.0119791666666667 0.0621093750000000
1 0.9786458333333333 0.4171875000000000 0.0145833333333333 0.0644531250000000
1 0.9937500000000000 0.4132812500000000 0.0130208333333333 0.0609375000000000
1 0.0151041666666667 0.3515625000000000 0.0302083333333333 0.1320312500000000
1 0.0593750000000000 0.3488281250000000 0.0526041666666667 0.1292968750000000
1 0.1046875000000000 0.3464843750000000 0.0354166666666667 0.1199218750000000
1 0.1390625000000000 0.3480468750000000 0.0312500000000000 0.1156250000000000
1 0.1723958333333333 0.3476562500000000 0.0291666666666667 0.1195312500000000
1 0.9250000000000000 0.4207031250000000 0.0177083333333333 0.0664062500000000
1 0.2026041666666667 0.3468750000000000 0.0296875000000000 0.1179687500000000
1 0.2734375000000000 0.3656250000000000 0.0296875000000000 0.0796875000000000
1 0.3015625000000000 0.3609375000000000 0.0255208333333333 0.0726562500000000
1 0.3822916666666666 0.3542968750000000 0.0406250000000000 0.0687500000000000
1 0.5911458333333334 0.7738281250000000 0.0166666666666667 0.0738281250000000
1 0.4703125000000000 0.3566406250000000 0.0411458333333333 0.0640625000000000
1 0.4276041666666667 0.3546875000000000 0.0369791666666667 0.0671875000000000
1 0.5140625000000000 0.3503906250000000 0.0333333333333333 0.0636718750000000
1 0.5531250000000000 0.3527343750000000 0.0354166666666667 0.0656250000000000
1 0.5875000000000000 0.3503906250000000 0.0218750000000000 0.0566406250000000
1 0.2375000000000000 0.3554687500000000 0.0390625000000000 0.0921875000000000
1 0.9088541666666666 0.4218750000000000 0.0140625000000000 0.0687500000000000
1 0.8895833333333333 0.4222656250000000 0.0203125000000000 0.0718750000000000
1 0.8723958333333334 0.4242187500000000 0.0140625000000000 0.0667968750000000
1 0.2385416666666667 0.4882812500000000 0.0192708333333333 0.0976562500000000
1 0.2619791666666667 0.4863281250000000 0.0296875000000000 0.0941406250000000
1 0.3098958333333333 0.4914062500000000 0.0328125000000000 0.0660156250000000
1 0.2843750000000000 0.4972656250000000 0.0156250000000000 0.0656250000000000
1 0.3458333333333333 0.4828125000000000 0.0348958333333333 0.0718750000000000
1 0.3937500000000000 0.4781250000000000 0.0385416666666667 0.0625000000000000
1 0.4359375000000000 0.4699218750000000 0.0312500000000000 0.0707031250000000
1 0.4723958333333333 0.4695312500000000 0.0348958333333333 0.0582031250000000
1 0.5114583333333333 0.4687500000000000 0.0348958333333333 0.0589843750000000
1 0.5484375000000000 0.4652343750000000 0.0354166666666667 0.0585937500000000
1 0.5895833333333333 0.4597656250000000 0.0416666666666667 0.0570312500000000
1 0.6213541666666667 0.4468750000000000 0.0203125000000000 0.0746093750000000
1 0.6453125000000000 0.4414062500000000 0.0223958333333333 0.0816406250000000
1 0.6770833333333334 0.4390625000000000 0.0244791666666667 0.0769531250000000
1 0.7020833333333333 0.4476562500000000 0.0166666666666667 0.0519531250000000
1 0.7223958333333333 0.4429687500000000 0.0203125000000000 0.0585937500000000
1 0.7432291666666667 0.4410156250000000 0.0177083333333333 0.0597656250000000
1 0.7651041666666667 0.4457031250000000 0.0234375000000000 0.0453125000000000
1 0.7901041666666667 0.4324218750000000 0.0229166666666667 0.0687500000000000
1 0.8244791666666667 0.4265625000000000 0.0255208333333333 0.0714843750000000
1 0.8520833333333333 0.4257812500000000 0.0197916666666667 0.0699218750000000
1 0.6098958333333333 0.3382812500000000 0.0192708333333333 0.0796875000000000
1 0.6338541666666667 0.3382812500000000 0.0229166666666667 0.0773437500000000
1 0.6583333333333333 0.3371093750000000 0.0213541666666667 0.0820312500000000
1 0.6838541666666667 0.3402343750000000 0.0250000000000000 0.0792968750000000
1 0.4848958333333334 0.2343750000000000 0.0375000000000000 0.0656250000000000
1 0.5286458333333334 0.2339843750000000 0.0333333333333333 0.0648437500000000
1 0.5703125000000000 0.2351562500000000 0.0375000000000000 0.0628906250000000
1 0.6093750000000000 0.2273437500000000 0.0375000000000000 0.0902343750000000
1 0.6468750000000000 0.2269531250000000 0.0333333333333333 0.0894531250000000
1 0.6744791666666666 0.2191406250000000 0.0192708333333333 0.1113281250000000
1 0.7015625000000000 0.2207031250000000 0.0187500000000000 0.1117187500000000
1 0.7208333333333333 0.2308593750000000 0.0140625000000000 0.0945312500000000
1 0.7385416666666667 0.2292968750000000 0.0151041666666667 0.0964843750000000
1 0.7619791666666667 0.2347656250000000 0.0197916666666667 0.0835937500000000
1 0.7901041666666667 0.2308593750000000 0.0260416666666667 0.0925781250000000
1 0.8125000000000000 0.2304687500000000 0.0192708333333333 0.0902343750000000
1 0.8520833333333333 0.2335937500000000 0.0171875000000000 0.0859375000000000
1 0.8322916666666667 0.2269531250000000 0.0156250000000000 0.0988281250000000
1 0.8734375000000000 0.2335937500000000 0.0156250000000000 0.0863281250000000
1 0.8890625000000000 0.2394531250000000 0.0145833333333333 0.0734375000000000
1 0.9942708333333333 0.2488281250000000 0.0135416666666667 0.0757812500000000
1 0.9651041666666667 0.2472656250000000 0.0223958333333333 0.0660156250000000
1 0.9427083333333334 0.2414062500000000 0.0145833333333333 0.0773437500000000
1 0.9260416666666667 0.2386718750000000 0.0135416666666667 0.0789062500000000
1 0.9046875000000000 0.2390625000000000 0.0119791666666667 0.0777343750000000
1 0.4437500000000000 0.2281250000000000 0.0281250000000000 0.0660156250000000
1 0.2041666666666667 0.4890625000000000 0.0416666666666667 0.1085937500000000
1 0.4119791666666667 0.2203125000000000 0.0312500000000000 0.0898437500000000
1 0.3260416666666667 0.2214843750000000 0.0395833333333333 0.0804687500000000
1 0.7229166666666667 0.3351562500000000 0.0239583333333333 0.0781250000000000
1 0.7468750000000000 0.3414062500000000 0.0187500000000000 0.0640625000000000
1 0.7692708333333333 0.3394531250000000 0.0223958333333333 0.0628906250000000
1 0.7880208333333333 0.3437500000000000 0.0161458333333333 0.0570312500000000
1 0.8067708333333333 0.3417968750000000 0.0182291666666667 0.0628906250000000
1 0.8302083333333333 0.3378906250000000 0.0270833333333333 0.0503906250000000
1 0.8526041666666667 0.3343750000000000 0.0177083333333333 0.0742187500000000
1 0.8729166666666667 0.3359375000000000 0.0151041666666667 0.0656250000000000
1 0.8916666666666667 0.3316406250000000 0.0140625000000000 0.0710937500000000
1 0.9177083333333333 0.3328125000000000 0.0187500000000000 0.0687500000000000
1 0.9380208333333333 0.3332031250000000 0.0114583333333333 0.0652343750000000
1 0.9817708333333334 0.3277343750000000 0.0276041666666667 0.0660156250000000
1 0.9552083333333333 0.3375000000000000 0.0151041666666667 0.0636718750000000
1 0.0218750000000000 0.1644531250000000 0.0442708333333333 0.1753906250000000
1 0.0677083333333333 0.1710937500000000 0.0375000000000000 0.1550781250000000
1 0.1151041666666667 0.2089843750000000 0.0562500000000000 0.0929687500000000
1 0.1593750000000000 0.2222656250000000 0.0286458333333333 0.0585937500000000
1 0.1963541666666667 0.2140625000000000 0.0359375000000000 0.0824218750000000
1 0.2328125000000000 0.2195312500000000 0.0260416666666667 0.0765625000000000
1 0.2604166666666667 0.1886718750000000 0.0296875000000000 0.1457031250000000
1 0.2906250000000000 0.1910156250000000 0.0250000000000000 0.1363281250000000
1 0.3692708333333333 0.2234375000000000 0.0442708333333333 0.0730468750000000
1 0.1661458333333333 0.4941406250000000 0.0296875000000000 0.1070312500000000
1 0.3369791666666667 0.3562500000000000 0.0390625000000000 0.0730468750000000
1 0.1260416666666667 0.5039062500000000 0.0473958333333333 0.0953125000000000
1 0.2640625000000000 0.7738281250000000 0.0296875000000000 0.0738281250000000
1 0.2932291666666667 0.7648437500000000 0.0244791666666667 0.0683593750000000
1 0.3203125000000000 0.7503906250000000 0.0250000000000000 0.0742187500000000
1 0.3437500000000000 0.7187500000000000 0.0244791666666667 0.0964843750000000
1 0.3739583333333333 0.7113281250000000 0.0343750000000000 0.1003906250000000
1 0.4057291666666666 0.7042968750000000 0.0317708333333333 0.0964843750000000
1 0.4375000000000000 0.7011718750000000 0.0317708333333333 0.0925781250000000
1 0.4677083333333333 0.6960937500000000 0.0286458333333333 0.0867187500000000
1 0.4942708333333333 0.6925781250000000 0.0223958333333333 0.0800781250000000
1 0.5151041666666667 0.6839843750000000 0.0192708333333333 0.0812500000000000
1 0.5338541666666666 0.6792968750000000 0.0187500000000000 0.0769531250000000
1 0.5567708333333333 0.6761718750000000 0.0213541666666667 0.0867187500000000
1 0.3171875000000000 0.8578125000000000 0.0223958333333333 0.0898437500000000
1 0.6010416666666667 0.6710937500000000 0.0208333333333333 0.0699218750000000
1 0.6213541666666667 0.6652343750000000 0.0166666666666667 0.0699218750000000
1 0.6458333333333334 0.6601562500000000 0.0218750000000000 0.0718750000000000
1 0.6661458333333333 0.6558593750000000 0.0145833333333333 0.0679687500000000
1 0.6812500000000000 0.6503906250000000 0.0171875000000000 0.0667968750000000
1 0.7010416666666667 0.6453125000000000 0.0182291666666667 0.0703125000000000
1 0.7218750000000000 0.6410156250000000 0.0213541666666667 0.0710937500000000
1 0.7890625000000000 0.6222656250000000 0.0302083333333333 0.0742187500000000
1 0.2307291666666667 0.7929687500000000 0.0416666666666667 0.0554687500000000
1 0.7635416666666667 0.6292968750000000 0.0140625000000000 0.0738281250000000
1 0.1864583333333333 0.7933593750000000 0.0317708333333333 0.0843750000000000
1 0.0166666666666667 0.8152343750000000 0.0276041666666667 0.1261718750000000
1 0.6375000000000000 0.7585937500000000 0.0239583333333333 0.0722656250000000
1 0.6619791666666667 0.7531250000000000 0.0161458333333333 0.0730468750000000
1 0.6963541666666667 0.7460937500000000 0.0250000000000000 0.0636718750000000
1 0.6776041666666667 0.7515625000000000 0.0140625000000000 0.0664062500000000
1 0.7130208333333333 0.7371093750000000 0.0135416666666667 0.0714843750000000
1 0.7333333333333333 0.7273437500000000 0.0229166666666667 0.0664062500000000
1 0.7593750000000000 0.7210937500000000 0.0182291666666667 0.0707031250000000
1 0.7807291666666667 0.7164062500000000 0.0234375000000000 0.0683593750000000
1 0.8031250000000000 0.7089843750000000 0.0229166666666667 0.0675781250000000
1 0.8468750000000000 0.6960937500000000 0.0250000000000000 0.0695312500000000
1 0.0848958333333333 0.4933593750000000 0.0317708333333333 0.1269531250000000
1 0.8848958333333333 0.6843750000000000 0.0229166666666667 0.0714843750000000
1 0.8661458333333333 0.6906250000000000 0.0109375000000000 0.0644531250000000
1 0.9052083333333333 0.6820312500000000 0.0125000000000000 0.0589843750000000
1 0.9213541666666667 0.6777343750000000 0.0203125000000000 0.0574218750000000
1 0.9421875000000000 0.6714843750000000 0.0171875000000000 0.0585937500000000
1 0.9619791666666667 0.6660156250000000 0.0187500000000000 0.0593750000000000
1 0.9796875000000000 0.6613281250000000 0.0135416666666667 0.0550781250000000
1 0.9942708333333333 0.6542968750000000 0.0109375000000000 0.0527343750000000
1 0.0604166666666667 0.8199218750000000 0.0510416666666667 0.0902343750000000
1 0.1036458333333333 0.8140625000000000 0.0338541666666667 0.0875000000000000
1 0.1484375000000000 0.7980468750000000 0.0380208333333333 0.1031250000000000
1 0.7421875000000000 0.6359375000000000 0.0187500000000000 0.0683593750000000
1 0.8250000000000000 0.7039062500000000 0.0187500000000000 0.0664062500000000
1 0.8296875000000000 0.6164062500000000 0.0197916666666667 0.0699218750000000
1 0.5901041666666667 0.5683593750000000 0.0208333333333333 0.0703125000000000
1 0.6145833333333334 0.5558593750000000 0.0218750000000000 0.0738281250000000
1 0.6411458333333333 0.5515625000000000 0.0255208333333333 0.0753906250000000
1 0.6703125000000000 0.5492187500000000 0.0234375000000000 0.0800781250000000
1 0.6973958333333333 0.5457031250000000 0.0276041666666667 0.0800781250000000
1 0.7203125000000000 0.5437500000000000 0.0192708333333333 0.0710937500000000
1 0.7432291666666667 0.5425781250000000 0.0177083333333333 0.0640625000000000
1 0.7640625000000000 0.5351562500000000 0.0182291666666667 0.0777343750000000
1 0.7854166666666667 0.5296875000000000 0.0234375000000000 0.0785156250000000
1 0.5635416666666667 0.5687500000000000 0.0213541666666667 0.0687500000000000
1 0.8098958333333334 0.5269531250000000 0.0208333333333333 0.0753906250000000
1 0.8671875000000000 0.5300781250000000 0.0156250000000000 0.0507812500000000
1 0.9104166666666667 0.5152343750000000 0.0140625000000000 0.0636718750000000
1 0.9260416666666667 0.5121093750000000 0.0135416666666667 0.0593750000000000
1 0.9505208333333334 0.5042968750000000 0.0244791666666667 0.0660156250000000
1 0.9744791666666667 0.5007812500000000 0.0223958333333333 0.0636718750000000
1 0.9947916666666666 0.4988281250000000 0.0119791666666667 0.0644531250000000
1 0.0187500000000000 0.5136718750000000 0.0375000000000000 0.1035156250000000
1 0.0536458333333333 0.4976562500000000 0.0229166666666667 0.1257812500000000
1 0.8125000000000000 0.6207031250000000 0.0135416666666667 0.0664062500000000
1 0.8338541666666667 0.5257812500000000 0.0250000000000000 0.0773437500000000
1 0.5432291666666667 0.5761718750000000 0.0161458333333333 0.0648437500000000
1 0.8901041666666667 0.5152343750000000 0.0244791666666667 0.0613281250000000
1 0.5010416666666667 0.5851562500000000 0.0234375000000000 0.0687500000000000
1 0.5250000000000000 0.5757812500000000 0.0197916666666667 0.0781250000000000
1 0.8718750000000000 0.6050781250000000 0.0192708333333333 0.0683593750000000
1 0.8927083333333333 0.6031250000000000 0.0192708333333333 0.0621093750000000
1 0.9135416666666667 0.5996093750000000 0.0197916666666667 0.0621093750000000
1 0.9296875000000000 0.5976562500000000 0.0114583333333333 0.0582031250000000
1 0.9427083333333334 0.5941406250000000 0.0145833333333333 0.0625000000000000
1 0.9593750000000000 0.5886718750000000 0.0140625000000000 0.0585937500000000
1 0.0489583333333333 0.6656250000000000 0.0510416666666667 0.1039062500000000
1 0.1000000000000000 0.6457031250000000 0.0484375000000000 0.1261718750000000
1 0.1500000000000000 0.6519531250000000 0.0473958333333333 0.0863281250000000
1 0.9786458333333333 0.5839843750000000 0.0244791666666667 0.0562500000000000
1 0.4484375000000000 0.5843750000000000 0.0255208333333333 0.0792968750000000
1 0.4755208333333333 0.5796875000000000 0.0281250000000000 0.0792968750000000
1 0.1958333333333333 0.6511718750000000 0.0380208333333333 0.0679687500000000
1 0.4208333333333333 0.5863281250000000 0.0265625000000000 0.0808593750000000
1 0.3947916666666667 0.5847656250000000 0.0223958333333333 0.0988281250000000
1 0.3682291666666667 0.5886718750000000 0.0229166666666667 0.0921875000000000
1 0.3385416666666667 0.5921875000000000 0.0260416666666667 0.1019531250000000
1 0.2822916666666667 0.6164062500000000 0.0244791666666667 0.0929687500000000
1 0.8520833333333333 0.6109375000000000 0.0197916666666667 0.0683593750000000
1 0.3109375000000000 0.6070312500000000 0.0239583333333333 0.1003906250000000
1 0.2468750000000000 0.6425781250000000 0.0453125000000000 0.0695312500000000
