1 0.3688725490196079 0.6890318627450981 0.0531045751633987 0.0309436274509804
1 0.3754084967320261 0.7254901960784313 0.0571895424836601 0.0263480392156863
1 0.2598039215686275 0.6917892156862745 0.0502450980392157 0.0266544117647059
1 0.3133169934640523 0.6890318627450981 0.0486111111111111 0.0309436274509804
1 0.2528594771241830 0.6568627450980392 0.0547385620915033 0.0309436274509804
1 0.2491830065359477 0.6207107843137255 0.0506535947712418 0.0309436274509804
1 0.3672385620915033 0.6534926470588235 0.0563725490196078 0.0291053921568627
1 0.2467320261437909 0.5848651960784313 0.0490196078431373 0.0333946078431373
1 0.3035130718954248 0.5808823529411765 0.0539215686274510 0.0303308823529412
1 0.2459150326797385 0.5465686274509803 0.0445261437908497 0.0330882352941176
1 0.3047385620915033 0.6191789215686274 0.0498366013071895 0.0318627450980392
1 0.3092320261437909 0.6547181372549019 0.0404411764705882 0.0266544117647059
1 0.3639705882352941 0.6182598039215687 0.0596405228758170 0.0324754901960784
1 0.3656045751633987 0.5827205882352942 0.0563725490196078 0.0315563725490196
1 0.5939542483660131 0.2659313725490196 0.1270424836601307 0.0306372549019608
1 0.7267156862745098 0.6155024509803921 0.0183823529411765 0.0321691176470588
1 0.6858660130718954 0.6011029411764706 0.0420751633986928 0.0272671568627451
1 0.6343954248366013 0.6017156862745098 0.0445261437908497 0.0309436274509804
1 0.5845588235294118 0.6032475490196079 0.0379901960784314 0.0291053921568627
1 0.6364379084967320 0.5652573529411765 0.1441993464052287 0.0303308823529412
1 0.6450163398692811 0.5300245098039216 0.0465686274509804 0.0340073529411765
1 0.5898692810457516 0.5349264705882353 0.0453431372549020 0.0287990196078431
1 0.6401143790849673 0.4969362745098039 0.0494281045751634 0.0303308823529412
1 0.7634803921568627 0.6155024509803921 0.0269607843137255 0.0272671568627451
1 0.5845588235294118 0.4972426470588235 0.0437091503267974 0.0309436274509804
1 0.5841503267973857 0.4059436274509804 0.0686274509803922 0.0254289215686275
1 0.5731209150326797 0.3728553921568628 0.0939542483660131 0.0287990196078431
1 0.5747549019607843 0.3382352941176471 0.0853758169934641 0.0287990196078431
1 0.8815359477124183 0.3936887254901961 0.0273692810457516 0.0894607843137255
1 0.8480392156862745 0.3949142156862745 0.0269607843137255 0.0894607843137255
1 0.8198529411764706 0.3964460784313725 0.0257352941176471 0.0836397058823529
1 0.0641339869281046 0.6329656862745098 0.0612745098039216 0.0355392156862745
1 0.1237745098039216 0.5882352941176471 0.1772875816993464 0.0275735294117647
1 0.5874183006535948 0.4598651960784313 0.0490196078431373 0.0352328431372549
1 0.7218137254901961 0.6473651960784313 0.0208333333333333 0.0242034313725490
1 0.7614379084967320 0.6443014705882353 0.0330882352941176 0.0248161764705882
1 0.7218137254901961 0.6792279411764706 0.0204248366013072 0.0254289215686275
1 0.8353758169934641 0.5018382352941176 0.0216503267973856 0.0851715686274510
1 0.8700980392156863 0.4972426470588235 0.0265522875816993 0.0860906862745098
1 0.9076797385620915 0.4996936274509804 0.0343137254901961 0.0857843137254902
1 0.8120915032679739 0.5030637254901961 0.0187908496732026 0.0854779411764706
1 0.9211601307189542 0.3943014705882353 0.0294117647058824 0.0836397058823529
1 0.8112745098039216 0.6023284313725490 0.0204248366013072 0.0753676470588235
1 0.7365196078431373 0.4148284313725490 0.0281862745098039 0.0315563725490196
1 0.7822712418300654 0.4154411764705883 0.0461601307189543 0.0300245098039216
1 0.7745098039215687 0.4515931372549020 0.0433006535947712 0.0303308823529412
1 0.7316176470588235 0.4500612745098039 0.0277777777777778 0.0251225490196078
1 0.7696078431372549 0.4837622549019608 0.0424836601307190 0.0278799019607843
1 0.7295751633986928 0.4862132352941176 0.0236928104575163 0.0324754901960784
1 0.7303921568627451 0.5196078431372549 0.0285947712418301 0.0272671568627451
1 0.7704248366013072 0.5189950980392157 0.0408496732026144 0.0309436274509804
1 0.7712418300653595 0.5523897058823529 0.0371732026143791 0.0257352941176471
1 0.7271241830065359 0.5514705882352942 0.0257352941176471 0.0266544117647059
1 0.7704248366013072 0.5821078431372549 0.0355392156862745 0.0229779411764706
1 0.7283496732026143 0.5821078431372549 0.0277777777777778 0.0226715686274510
1 0.7577614379084967 0.6792279411764706 0.0322712418300654 0.0229779411764706
1 0.1213235294117647 0.5490196078431373 0.1789215686274510 0.0291053921568627
1 0.4910130718954248 0.3014705882352941 0.0388071895424837 0.0343137254901961
1 0.1776960784313726 0.5104166666666666 0.0580065359477124 0.0333946078431373
1 0.0490196078431373 0.5143995098039216 0.0498366013071895 0.0315563725490196
1 0.2732843137254902 0.4436274509803921 0.0988562091503268 0.0263480392156863
1 0.3611111111111111 0.4653799019607843 0.0506535947712418 0.0386029411764706
1 0.3051470588235294 0.4705882352941176 0.0408496732026144 0.0229779411764706
1 0.2479575163398693 0.4724264705882353 0.0482026143790850 0.0242034313725490
1 0.3615196078431372 0.5039828431372549 0.0518790849673203 0.0321691176470588
1 0.3035130718954248 0.5052083333333334 0.0473856209150327 0.0318627450980392
1 0.2479575163398693 0.5067401960784313 0.0482026143790850 0.0349264705882353
1 0.3174019607843137 0.7251838235294118 0.0498366013071895 0.0284926470588235
1 0.3541666666666667 0.4255514705882353 0.0469771241830065 0.0330882352941176
1 0.3607026143790850 0.5441176470588235 0.0469771241830065 0.0309436274509804
1 0.6956699346405228 0.5318627450980392 0.0298202614379085 0.0303308823529412
1 0.6907679738562091 0.4926470588235294 0.0449346405228758 0.0281862745098039
1 0.6744281045751634 0.4552696078431372 0.0674019607843137 0.0284926470588235
1 0.6727941176470589 0.4181985294117647 0.0890522875816993 0.0333946078431373
1 0.6776960784313726 0.3792892156862745 0.0923202614379085 0.0297181372549020
1 0.6781045751633987 0.3425245098039216 0.0964052287581699 0.0324754901960784
1 0.6834150326797386 0.3036151960784313 0.1205065359477124 0.0343137254901961
1 0.5743464052287581 0.3030024509803921 0.0878267973856209 0.0333946078431373
1 0.3006535947712418 0.5431985294117647 0.0486111111111111 0.0364583333333333
1 0.2716503267973856 0.4102328431372549 0.0927287581699346 0.0312500000000000
1 0.3476307189542484 0.3802083333333333 0.0469771241830065 0.0435049019607843
1 0.2667483660130719 0.3734681372549020 0.1025326797385621 0.0303308823529412
1 0.1491013071895425 0.4662990196078431 0.0584150326797386 0.0404411764705882
1 0.0870098039215686 0.4715073529411765 0.0522875816993464 0.0533088235294118
1 0.1875000000000000 0.3728553921568628 0.0428921568627451 0.0340073529411765
1 0.1895424836601307 0.4090073529411765 0.0465686274509804 0.0337009803921569
1 0.1405228758169935 0.4093137254901961 0.0441176470588235 0.0346200980392157
1 0.0882352941176471 0.4096200980392157 0.0482026143790850 0.0373774509803922
1 0.0343137254901961 0.4123774509803921 0.0555555555555556 0.0355392156862745
1 0.4775326797385621 0.6112132352941176 0.0473856209150327 0.0333946078431373
1 0.4260620915032680 0.6115196078431373 0.0469771241830065 0.0291053921568627
1 0.4787581699346405 0.5716911764705882 0.1556372549019608 0.0284926470588235
1 0.4820261437908497 0.5407475490196079 0.1589052287581699 0.0291053921568627
1 0.5318627450980392 0.4993872549019608 0.0531045751633987 0.0376838235294118
1 0.4750816993464052 0.5021446078431373 0.0514705882352941 0.0379901960784314
1 0.4195261437908497 0.5058210784313726 0.0457516339869281 0.0355392156862745
1 0.4726307189542484 0.4626225490196079 0.1617647058823529 0.0330882352941176
1 0.4632352941176471 0.4157475490196079 0.1597222222222222 0.0333946078431373
1 0.4473039215686275 0.3753063725490196 0.1368464052287582 0.0389093137254902
1 0.4464869281045752 0.3379289215686275 0.1515522875816993 0.0330882352941176
1 0.2928921568627451 0.3385416666666667 0.1450163398692811 0.0343137254901961
1 0.1115196078431373 0.5165441176470589 0.0510620915032680 0.0284926470588235
1 0.2602124183006536 0.7303921568627451 0.0445261437908497 0.0389093137254902
1 0.8884803921568627 0.5995710784313726 0.0412581699346405 0.0818014705882353
1 0.1454248366013072 0.7377450980392157 0.0543300653594771 0.0346200980392157
1 0.4771241830065360 0.6449142156862745 0.1458333333333333 0.0257352941176471
1 0.4268790849673202 0.6841299019607843 0.0449346405228758 0.0278799019607843
1 0.4799836601307190 0.6825980392156863 0.0392156862745098 0.0248161764705882
1 0.5306372549019608 0.6764705882352942 0.0420751633986928 0.0272671568627451
1 0.4820261437908497 0.7132352941176471 0.1392973856209150 0.0260416666666667
1 0.6352124183006536 0.7043504901960784 0.1327614379084967 0.0278799019607843
1 0.3905228758169935 0.3036151960784313 0.0392156862745098 0.0321691176470588
1 0.3423202614379085 0.3014705882352941 0.0482026143790850 0.0303308823529412
1 0.2916666666666667 0.3020833333333333 0.0433006535947712 0.0340073529411765
1 0.2373366013071895 0.3008578431372549 0.0465686274509804 0.0315563725490196
1 0.4881535947712418 0.2662377450980392 0.0457516339869281 0.0315563725490196
1 0.4395424836601307 0.2665441176470588 0.0383986928104575 0.0321691176470588
1 0.3937908496732026 0.2671568627450980 0.0494281045751634 0.0355392156862745
1 0.3415032679738562 0.2662377450980392 0.0433006535947712 0.0364583333333333
1 0.2050653594771242 0.7328431372549019 0.0461601307189543 0.0361519607843137
1 0.2904411764705883 0.2628676470588235 0.0498366013071895 0.0370710784313725
1 0.2373366013071895 0.2622549019607843 0.0465686274509804 0.0382965686274510
1 0.4424019607843137 0.3026960784313725 0.0477941176470588 0.0327818627450980
1 0.6327614379084967 0.6397058823529411 0.1433823529411765 0.0254289215686275
1 0.6286764705882353 0.6715686274509803 0.1315359477124183 0.0266544117647059
1 0.0845588235294118 0.7447916666666666 0.0510620915032680 0.0312500000000000
1 0.2013888888888889 0.6960784313725490 0.0486111111111111 0.0303308823529412
1 0.1413398692810457 0.7022058823529411 0.0559640522875817 0.0324754901960784
1 0.0796568627450980 0.7068014705882353 0.0539215686274510 0.0352328431372549
1 0.1299019607843137 0.6648284313725490 0.1703431372549020 0.0202205882352941
1 0.8451797385620915 0.5986519607843137 0.0277777777777778 0.0824142156862745
1 0.1899509803921569 0.6265318627450981 0.0506535947712418 0.0275735294117647
1 0.1294934640522876 0.6302083333333334 0.0547385620915033 0.0349264705882353
1 0.5322712418300654 0.6084558823529411 0.0510620915032680 0.0303308823529412
