1 0.4497549019607843 0.3112745098039216 0.0604575163398693 0.0937500000000000
1 0.0383986928104575 0.4160539215686275 0.0600490196078431 0.0802696078431373
1 0.5114379084967320 0.3186274509803921 0.0551470588235294 0.0790441176470588
1 0.5694444444444444 0.3192401960784313 0.0510620915032680 0.0802696078431373
1 0.6225490196078431 0.3216911764705883 0.0510620915032680 0.0802696078431373
1 0.6830065359477124 0.3103553921568628 0.0600490196078431 0.1026348039215686
1 0.7446895424836601 0.3232230392156863 0.0514705882352941 0.0781250000000000
1 0.7973856209150327 0.3235294117647059 0.0510620915032680 0.0793504901960784
1 0.8529411764705882 0.3238357843137255 0.0563725490196078 0.0793504901960784
1 0.9787581699346405 0.3268995098039216 0.0433006535947712 0.0732230392156863
1 0.9113562091503268 0.3125000000000000 0.0575980392156863 0.0989583333333333
1 0.1376633986928105 0.3103553921568628 0.0608660130718954 0.0851715686274510
1 0.3398692810457516 0.2653186274509804 0.0518790849673203 0.0180759803921569
1 0.2463235294117647 0.6473651960784313 0.0330882352941176 0.0750612745098039
1 0.2120098039215686 0.6449142156862745 0.0326797385620915 0.0750612745098039
1 0.1785130718954248 0.6467524509803921 0.0330882352941176 0.0747549019607843
1 0.1437908496732026 0.6458333333333334 0.0326797385620915 0.0750612745098039
1 0.1086601307189543 0.6449142156862745 0.0330882352941176 0.0750612745098039
1 0.0706699346405229 0.6424632352941176 0.0359477124183007 0.0753676470588235
1 0.9808006535947712 0.5410539215686274 0.0343137254901961 0.0790441176470588
1 0.3880718954248366 0.3189338235294117 0.0539215686274510 0.0768995098039216
1 0.9219771241830066 0.5349264705882353 0.0763888888888889 0.0989583333333333
1 0.0187908496732026 0.2947303921568628 0.0379901960784314 0.1121323529411765
1 0.0702614379084967 0.2944240196078431 0.0633169934640523 0.1118259803921569
1 0.8022875816993464 0.2015931372549020 0.0522875816993464 0.0790441176470588
1 0.1058006535947712 0.4194240196078431 0.0600490196078431 0.0802696078431373
1 0.1989379084967320 0.3128063725490196 0.0539215686274510 0.0805759803921569
1 0.2630718954248366 0.3008578431372549 0.0661764705882353 0.1087622549019608
1 0.3276143790849673 0.3155637254901961 0.0575980392156863 0.0830269607843137
1 0.8529411764705882 0.5382965686274510 0.0543300653594771 0.0836397058823529
1 0.1776960784313726 0.4114583333333333 0.0698529411764706 0.0928308823529412
1 0.2316176470588235 0.5291053921568627 0.0629084967320261 0.0870098039215686
1 0.2998366013071895 0.4243259803921569 0.0547385620915033 0.0738357843137255
1 0.6495098039215687 0.5346200980392157 0.0690359477124183 0.0888480392156863
1 0.7136437908496732 0.5376838235294118 0.0555555555555556 0.0821078431372549
1 0.7855392156862745 0.5361519607843137 0.0784313725490196 0.0885416666666667
1 0.0196078431372549 0.0098039215686275 0.0392156862745098 0.0193014705882353
1 0.0772058823529412 0.0572916666666667 0.0600490196078431 0.0306372549019608
1 0.1303104575163399 0.0441176470588235 0.0416666666666667 0.0594362745098039
1 0.1732026143790850 0.0523897058823529 0.0363562091503268 0.0462622549019608
1 0.5808823529411765 0.5352328431372549 0.0522875816993464 0.0867034313725490
1 0.1732026143790850 0.0134803921568627 0.0379901960784314 0.0272671568627451
1 0.2602124183006536 0.0392156862745098 0.0351307189542484 0.0787377450980392
1 0.2977941176470588 0.0392156862745098 0.0355392156862745 0.0787377450980392
1 0.3353758169934640 0.0398284313725490 0.0375816993464052 0.0753676470588235
1 0.3815359477124183 0.0502450980392157 0.0494281045751634 0.0628063725490196
1 0.4293300653594771 0.0407475490196078 0.0379901960784314 0.0814950980392157
1 0.4677287581699346 0.0566789215686275 0.0343137254901961 0.0505514705882353
1 0.2879901960784313 0.6384803921568627 0.0453431372549020 0.0845588235294118
1 0.2169117647058824 0.0382965686274510 0.0453431372549020 0.0713848039215686
1 0.5073529411764706 0.5300245098039216 0.0816993464052288 0.0955882352941176
1 0.4354575163398693 0.5349264705882353 0.0543300653594771 0.0830269607843137
1 0.3513071895424836 0.5327818627450981 0.0575980392156863 0.0854779411764706
1 0.0204248366013072 0.0591299019607843 0.0408496732026144 0.0214460784313725
1 0.0196078431372549 0.0343137254901961 0.0396241830065359 0.0248161764705882
1 0.3558006535947713 0.4292279411764706 0.0477941176470588 0.0698529411764706
1 0.4105392156862745 0.4270833333333333 0.0518790849673203 0.0744485294117647
1 0.4685457516339869 0.4273897058823529 0.0518790849673203 0.0744485294117647
1 0.5212418300653595 0.4283088235294117 0.0518790849673203 0.0744485294117647
1 0.5755718954248366 0.4307598039215687 0.0518790849673203 0.0689338235294118
1 0.6290849673202614 0.4298406862745098 0.0514705882352941 0.0689338235294118
1 0.6854575163398693 0.4338235294117647 0.0514705882352941 0.0689338235294118
1 0.7414215686274510 0.4319852941176471 0.0514705882352941 0.0689338235294118
1 0.8059640522875817 0.4329044117647059 0.0718954248366013 0.0726102941176471
1 0.8676470588235294 0.4341299019607843 0.0453431372549020 0.0719975490196078
1 0.9281045751633987 0.4319852941176471 0.0674019607843137 0.0738357843137255
1 0.9832516339869281 0.4362745098039216 0.0355392156862745 0.0726102941176471
1 0.0433006535947712 0.5242034313725490 0.0563725490196078 0.0937500000000000
1 0.1589052287581699 0.5257352941176471 0.0772058823529412 0.0971200980392157
1 0.2961601307189543 0.5214460784313726 0.0461601307189543 0.0787377450980392
1 0.2434640522875817 0.4237132352941176 0.0547385620915033 0.0738357843137255
1 0.3341503267973856 0.6393995098039216 0.0420751633986928 0.0842524509803922
1 0.6580882352941176 0.8419117647058824 0.0363562091503268 0.0631127450980392
1 0.4125816993464052 0.6476715686274510 0.0334967320261438 0.0811887254901961
1 0.2438725490196078 0.1868872549019608 0.0633169934640523 0.0799632352941176
1 0.3125000000000000 0.1755514705882353 0.0608660130718954 0.1133578431372549
1 0.3680555555555556 0.1917892156862745 0.0469771241830065 0.0808823529411765
1 0.4227941176470588 0.1917892156862745 0.0559640522875817 0.0854779411764706
1 0.4820261437908497 0.1927083333333333 0.0559640522875817 0.0854779411764706
1 0.5506535947712419 0.1856617647058824 0.0674019607843137 0.1020220588235294
1 0.1658496732026144 0.1706495098039216 0.0657679738562092 0.1124387254901961
1 0.6200980392156863 0.1957720588235294 0.0531045751633987 0.0848651960784314
1 0.7344771241830066 0.1939338235294118 0.0575980392156863 0.0912990196078431
1 0.9816176470588235 0.8069852941176471 0.0363562091503268 0.0398284313725490
1 0.9452614379084967 0.8057598039215687 0.0241013071895425 0.0407475490196078
1 0.9117647058823529 0.8134191176470589 0.0388071895424837 0.0560661764705882
1 0.8541666666666666 0.8311887254901961 0.0441176470588235 0.0854779411764706
1 0.8161764705882353 0.8232230392156863 0.0310457516339869 0.0726102941176471
1 0.6760620915032680 0.1976102941176471 0.0531045751633987 0.0845588235294118
1 0.0142973856209150 0.1914828431372549 0.0290032679738562 0.0667892156862745
1 0.0678104575163399 0.1663602941176471 0.0751633986928105 0.1164215686274510
1 0.9828431372549019 0.0530024509803922 0.0343137254901961 0.0842524509803922
1 0.4697712418300654 0.0150122549019608 0.0375816993464052 0.0303308823529412
1 0.3758169934640523 0.6443014705882353 0.0339052287581699 0.0811887254901961
1 0.5224673202614379 0.0422794117647059 0.0625000000000000 0.0281862745098039
1 0.5755718954248366 0.0459558823529412 0.0347222222222222 0.0713848039215686
1 0.6229575163398693 0.0756740196078431 0.0551470588235294 0.0137867647058824
1 0.6237745098039216 0.0563725490196078 0.0563725490196078 0.0226715686274510
1 0.6258169934640523 0.0281862745098039 0.0555555555555556 0.0275735294117647
1 0.6744281045751634 0.0612745098039216 0.0355392156862745 0.0484068627450980
1 0.7193627450980392 0.0533088235294118 0.0408496732026144 0.0710784313725490
1 0.7585784313725490 0.0569852941176471 0.0334967320261438 0.0625000000000000
1 0.8010620915032680 0.0450367647058824 0.0477941176470588 0.0903799019607843
1 0.8500816993464052 0.0523897058823529 0.0453431372549020 0.0793504901960784
1 0.9187091503267973 0.0756740196078431 0.0698529411764706 0.0352328431372549
1 0.9199346405228758 0.0410539215686275 0.0723039215686275 0.0306372549019608
1 0.9260620915032680 0.0113357843137255 0.0759803921568627 0.0226715686274510
1 0.7826797385620915 0.8293504901960784 0.0343137254901961 0.0821078431372549
1 0.7450980392156863 0.8314950980392157 0.0375816993464052 0.0867034313725490
1 0.5216503267973857 0.0695465686274510 0.0661764705882353 0.0266544117647059
1 0.9419934640522876 0.1917892156862745 0.1156045751633987 0.1029411764705882
1 0.2834967320261438 0.7331495098039216 0.0596405228758170 0.0566789215686275
1 0.2214052287581699 0.7337622549019608 0.0596405228758170 0.0579044117647059
1 0.1633986928104575 0.7340686274509803 0.0514705882352941 0.0551470588235294
1 0.1086601307189543 0.7291666666666666 0.0580065359477124 0.0551470588235294
1 0.0093954248366013 0.7285539215686274 0.0191993464052288 0.0539215686274510
1 0.0477941176470588 0.7331495098039216 0.0526960784313725 0.0563725490196078
1 0.9726307189542484 0.6639093137254902 0.0445261437908497 0.0698529411764706
1 0.9068627450980392 0.6550245098039216 0.0592320261437908 0.0750612745098039
1 0.8378267973856209 0.6541053921568627 0.0763888888888889 0.0790441176470588
1 0.6491013071895425 0.6537990196078431 0.0629084967320261 0.0625000000000000
1 0.5943627450980392 0.6415441176470589 0.0379901960784314 0.0860906862745098
1 0.5494281045751634 0.6439950980392157 0.0375816993464052 0.0860906862745098
1 0.5020424836601307 0.6620710784313726 0.0494281045751634 0.0462622549019608
1 0.4522058823529412 0.6660539215686274 0.0379901960784314 0.0511642156862745
1 0.7009803921568627 0.8351715686274510 0.0416666666666667 0.0867034313725490
1 0.3480392156862745 0.7331495098039216 0.0596405228758170 0.0563725490196078
1 0.4097222222222222 0.7325367647058824 0.0604575163398693 0.0597426470588235
1 0.8558006535947712 0.1997549019607843 0.0461601307189543 0.0818014705882353
1 0.5200163398692811 0.7380514705882353 0.0302287581699346 0.0477941176470588
1 0.4722222222222222 0.7325367647058824 0.0596405228758170 0.0597426470588235
1 0.5747549019607843 0.8443627450980392 0.0363562091503268 0.0631127450980392
1 0.5355392156862745 0.8452818627450981 0.0363562091503268 0.0628063725490196
1 0.4861111111111111 0.8422181372549019 0.0359477124183007 0.0628063725490196
1 0.4460784313725490 0.8437500000000000 0.0359477124183007 0.0628063725490196
1 0.4080882352941176 0.8406862745098039 0.0363562091503268 0.0631127450980392
1 0.3688725490196079 0.8400735294117647 0.0339052287581699 0.0628063725490196
1 0.6151960784313726 0.8412990196078431 0.0359477124183007 0.0628063725490196
1 0.2883986928104575 0.8272058823529411 0.0457516339869281 0.0860906862745098
1 0.2357026143790850 0.8284313725490197 0.0457516339869281 0.0860906862745098
1 0.1004901960784314 0.8155637254901961 0.0461601307189543 0.0796568627450980
1 0.6903594771241830 0.7300857843137255 0.0400326797385621 0.0542279411764706
1 0.6397058823529411 0.7362132352941176 0.0400326797385621 0.0539215686274510
1 0.5935457516339869 0.7386642156862745 0.0302287581699346 0.0481004901960784
1 0.3292483660130719 0.8425245098039216 0.0339052287581699 0.0628063725490196
1 0.5526960784313726 0.7386642156862745 0.0302287581699346 0.0481004901960784
