1 0.6397058823529411 0.5702614379084967 0.0110294117647059 0.0886437908496732
1 0.1207107843137255 0.7508169934640523 0.0327818627450980 0.1593137254901961
1 0.0159313725490196 0.7855392156862745 0.0321691176470588 0.1523692810457516
1 0.0493259803921569 0.7777777777777778 0.0343137254901961 0.1654411764705882
1 0.0839460784313725 0.7561274509803921 0.0352328431372549 0.1388888888888889
1 0.1577818627450980 0.7410130718954249 0.0379901960784314 0.1519607843137255
1 0.5229779411764706 0.3574346405228758 0.0186887254901961 0.0882352941176471
1 0.2254901960784314 0.7087418300653595 0.0340073529411765 0.1241830065359477
1 0.2570465686274510 0.7005718954248366 0.0278799019607843 0.1372549019607843
1 0.2833946078431372 0.6899509803921569 0.0257352941176471 0.1294934640522876
1 0.3103553921568628 0.6870915032679739 0.0245098039215686 0.1364379084967320
1 0.6268382352941176 0.5735294117647058 0.0153186274509804 0.0825163398692810
1 0.1927083333333333 0.7312091503267973 0.0303308823529412 0.1515522875816993
1 0.6167279411764706 0.5816993464052288 0.0085784313725490 0.0959967320261438
1 0.5925245098039216 0.5890522875816994 0.0128676470588235 0.1004901960784314
1 0.5392156862745098 0.3578431372549020 0.0116421568627451 0.0878267973856209
1 0.1250000000000000 0.5600490196078431 0.0370710784313725 0.1217320261437908
1 0.0882352941176471 0.5592320261437909 0.0343137254901961 0.1217320261437908
1 0.0505514705882353 0.5682189542483660 0.0370710784313725 0.1352124183006536
1 0.0159313725490196 0.5784313725490197 0.0321691176470588 0.1290849673202615
1 0.6446078431372549 0.3537581699346405 0.0165441176470588 0.0751633986928105
1 0.6305147058823529 0.3529411764705883 0.0134803921568627 0.0763888888888889
1 0.6158088235294118 0.3504901960784313 0.0091911764705882 0.0727124183006536
1 0.4041053921568628 0.3549836601307190 0.0238970588235294 0.0984477124183007
1 0.6044730392156863 0.3504901960784313 0.0119485294117647 0.0710784313725490
1 0.5928308823529411 0.3545751633986928 0.0091911764705882 0.0796568627450980
1 0.5811887254901961 0.3537581699346405 0.0137867647058824 0.0812908496732026
1 0.5670955882352942 0.3537581699346405 0.0128676470588235 0.0812908496732026
1 0.4261642156862745 0.3574346405228758 0.0223651960784314 0.0955882352941176
1 0.4469975490196079 0.3545751633986928 0.0156250000000000 0.0919117647058824
1 0.4659926470588235 0.3570261437908497 0.0193014705882353 0.0898692810457516
1 0.5533088235294118 0.3521241830065360 0.0147058823529412 0.0804738562091503
1 0.5039828431372549 0.3570261437908497 0.0174632352941176 0.0870098039215686
1 0.1654411764705882 0.5494281045751634 0.0376838235294118 0.1172385620915033
1 0.2015931372549020 0.5473856209150327 0.0294117647058824 0.1160130718954248
1 0.2343750000000000 0.5363562091503268 0.0333946078431373 0.1004901960784314
1 0.2650122549019608 0.5302287581699346 0.0257352941176471 0.1131535947712418
1 0.5741421568627451 0.5915032679738562 0.0223651960784314 0.0972222222222222
1 0.6534926470588235 0.4566993464052287 0.0205269607843137 0.0808823529411765
1 0.6363357843137255 0.4644607843137255 0.0113357843137255 0.0665849673202614
1 0.6225490196078431 0.4665032679738562 0.0162377450980392 0.0702614379084967
1 0.6075367647058824 0.4656862745098039 0.0156250000000000 0.0718954248366013
1 0.5621936274509803 0.4685457516339869 0.0189950980392157 0.0812908496732026
1 0.5373774509803921 0.4808006535947713 0.0131740196078431 0.0812908496732026
1 0.5217524509803921 0.4873366013071895 0.0159313725490196 0.0833333333333333
1 0.6050857843137255 0.5837418300653595 0.0131740196078431 0.0910947712418301
1 0.5064338235294118 0.4852941176470588 0.0156250000000000 0.0837418300653595
1 0.4721200980392157 0.4975490196078431 0.0202205882352941 0.0898692810457516
1 0.4325980392156863 0.5004084967320261 0.0189950980392157 0.0870098039215686
1 0.4120710784313725 0.5085784313725490 0.0214460784313725 0.0984477124183007
1 0.3900122549019608 0.5098039215686274 0.0235906862745098 0.0968137254901961
1 0.3679534313725490 0.5147058823529411 0.0205269607843137 0.0988562091503268
1 0.3449754901960784 0.5163398692810458 0.0226715686274510 0.0972222222222222
1 0.3238357843137255 0.5257352941176471 0.0189950980392157 0.1078431372549020
1 0.2944240196078431 0.5269607843137255 0.0340073529411765 0.1123366013071895
1 0.4914215686274510 0.4922385620915033 0.0150122549019608 0.0919117647058824
1 0.4865196078431372 0.3558006535947713 0.0189950980392157 0.0874183006535948
1 0.4518995098039216 0.5016339869281046 0.0186887254901961 0.0878267973856209
1 0.6942401960784313 0.4236111111111111 0.0450367647058824 0.0792483660130719
1 0.5122549019607843 0.8790849673202614 0.0156250000000000 0.1094771241830065
1 0.5281862745098039 0.8725490196078431 0.0174632352941176 0.1066176470588235
1 0.5459558823529411 0.8631535947712419 0.0183823529411765 0.1058006535947712
1 0.5612745098039216 0.8451797385620915 0.0122549019607843 0.0939542483660131
1 0.6997549019607843 0.3251633986928105 0.0508578431372549 0.1119281045751634
1 0.6495098039215687 0.2773692810457516 0.0171568627450980 0.0714869281045752
1 0.6357230392156863 0.2757352941176471 0.0082720588235294 0.0747549019607843
1 0.6259191176470589 0.2794117647058824 0.0085784313725490 0.0772058823529412
1 0.3599877450980392 0.6683006535947712 0.0202205882352941 0.1315359477124183
1 0.3367034313725490 0.6740196078431373 0.0263480392156863 0.1250000000000000
1 0.6133578431372549 0.2761437908496732 0.0162377450980392 0.0821078431372549
1 0.4981617647058824 0.8868464052287581 0.0122549019607843 0.1037581699346405
1 0.5965073529411765 0.2761437908496732 0.0165441176470588 0.0808823529411765
1 0.5689338235294118 0.2749183006535948 0.0119485294117647 0.0833333333333333
1 0.5572916666666666 0.2724673202614379 0.0116421568627451 0.0870098039215686
1 0.5410539215686274 0.2712418300653595 0.0202205882352941 0.0837418300653595
1 0.5211397058823529 0.2679738562091503 0.0199142156862745 0.0902777777777778
1 0.5018382352941176 0.2679738562091503 0.0156250000000000 0.0882352941176471
1 0.4856004901960784 0.2651143790849673 0.0171568627450980 0.0935457516339869
1 0.4681372549019608 0.2647058823529412 0.0140931372549020 0.0910947712418301
1 0.4491421568627451 0.2593954248366013 0.0196078431372549 0.1029411764705882
1 0.4280024509803921 0.2569444444444444 0.0217524509803922 0.0943627450980392
1 0.1691176470588235 0.9240196078431373 0.0291053921568627 0.1360294117647059
1 0.6920955882352942 0.4852941176470588 0.0496323529411765 0.0477941176470588
1 0.5824142156862745 0.2741013071895425 0.0110294117647059 0.0833333333333333
1 0.4819240196078431 0.9040032679738562 0.0193014705882353 0.1045751633986928
1 0.4641544117647059 0.9125816993464052 0.0156250000000000 0.1041666666666667
1 0.4473039215686275 0.9256535947712419 0.0186887254901961 0.1082516339869281
1 0.2031250000000000 0.9080882352941176 0.0324754901960784 0.1462418300653595
1 0.0995710784313725 0.9411764705882353 0.0386029411764706 0.1180555555555556
1 0.4034926470588235 0.6499183006535948 0.0177696078431373 0.1160130718954248
1 0.3823529411764706 0.6503267973856209 0.0242034313725490 0.1143790849673203
1 0.2371323529411765 0.8933823529411765 0.0248161764705882 0.1417483660130719
1 0.2643995098039216 0.8750000000000000 0.0287990196078431 0.1384803921568628
1 0.2947303921568628 0.8692810457516340 0.0303308823529412 0.1327614379084967
1 0.3216911764705883 0.8492647058823529 0.0220588235294118 0.1147875816993464
1 0.3455882352941176 0.8374183006535948 0.0193014705882353 0.1196895424836601
1 0.3676470588235294 0.8194444444444444 0.0220588235294118 0.1094771241830065
1 0.3887867647058824 0.8092320261437909 0.0211397058823529 0.1303104575163399
1 0.4074754901960784 0.7953431372549019 0.0147058823529412 0.1107026143790850
1 0.4273897058823529 0.7900326797385621 0.0223651960784314 0.1196895424836601
1 0.4497549019607843 0.7798202614379085 0.0193014705882353 0.1070261437908497
1 0.4687500000000000 0.7704248366013072 0.0177696078431373 0.1200980392156863
1 0.4856004901960784 0.7577614379084967 0.0174632352941176 0.1029411764705882
1 0.5024509803921569 0.7536764705882353 0.0140931372549020 0.1131535947712418
1 0.5177696078431373 0.7434640522875817 0.0174632352941176 0.1045751633986928
1 0.5349264705882353 0.7389705882352942 0.0122549019607843 0.1025326797385621
1 0.5502450980392157 0.7344771241830066 0.0177696078431373 0.0988562091503268
1 0.5658700980392157 0.7250816993464052 0.0082720588235294 0.1037581699346405
1 0.3679534313725490 0.9616013071895425 0.0177696078431373 0.0763888888888889
1 0.3884803921568628 0.9550653594771242 0.0229779411764706 0.0906862745098039
1 0.4102328431372549 0.9481209150326797 0.0202205882352941 0.1045751633986928
1 0.4292279411764706 0.9334150326797386 0.0193014705882353 0.1111111111111111
1 0.0217524509803922 0.3619281045751634 0.0435049019607843 0.1241830065359477
1 0.0621936274509804 0.3623366013071895 0.0373774509803922 0.1254084967320261
1 0.1384803921568628 0.9366830065359477 0.0315563725490196 0.1274509803921569
1 0.4034926470588235 0.2565359477124183 0.0202205882352941 0.1008986928104575
1 0.0156250000000000 0.2214052287581699 0.0315563725490196 0.1429738562091503
1 0.6605392156862745 0.1527777777777778 0.0226715686274510 0.1527777777777778
1 0.6372549019607843 0.1486928104575163 0.0223651960784314 0.1629901960784314
1 0.6118259803921569 0.1454248366013072 0.0266544117647059 0.1552287581699346
1 0.5867034313725490 0.1343954248366013 0.0245098039215686 0.1797385620915033
1 0.5557598039215687 0.1266339869281046 0.0337009803921569 0.1621732026143791
1 0.5251225490196079 0.1119281045751634 0.0275735294117647 0.1817810457516340
1 0.4935661764705883 0.1082516339869281 0.0355392156862745 0.1711601307189543
1 0.4577205882352941 0.1013071895424837 0.0349264705882353 0.1850490196078431
1 0.4215686274509804 0.0939542483660131 0.0373774509803922 0.1875000000000000
1 0.1011029411764706 0.3541666666666667 0.0370710784313725 0.1156045751633987
1 0.3817401960784313 0.0919117647058824 0.0386029411764706 0.1781045751633987
1 0.2738970588235294 0.0812908496732026 0.0481004901960784 0.1535947712418301
1 0.2230392156862745 0.0731209150326797 0.0517769607843137 0.1376633986928105
1 0.1605392156862745 0.0657679738562092 0.0435049019607843 0.1311274509803922
1 0.0530024509803922 0.2271241830065359 0.0416666666666667 0.1294934640522876
1 0.3789828431372549 0.3570261437908497 0.0238970588235294 0.0996732026143791
1 0.3290441176470588 0.0894607843137255 0.0459558823529412 0.1699346405228758
1 0.3302696078431372 0.3574346405228758 0.0275735294117647 0.1008986928104575
1 0.3553921568627451 0.3558006535947713 0.0229779411764706 0.1000816993464052
1 0.3783700980392157 0.2553104575163399 0.0275735294117647 0.1008986928104575
1 0.3526348039215687 0.2504084967320261 0.0238970588235294 0.1094771241830065
1 0.2974877450980392 0.2446895424836601 0.0266544117647059 0.1107026143790850
1 0.2668504901960784 0.2446895424836601 0.0312500000000000 0.1037581699346405
1 0.2368259803921569 0.2381535947712418 0.0266544117647059 0.1156045751633987
1 0.2071078431372549 0.2377450980392157 0.0340073529411765 0.1143790849673203
1 0.1706495098039216 0.2344771241830065 0.0386029411764706 0.1205065359477124
1 0.3247549019607843 0.2495915032679739 0.0284926470588235 0.1004901960784314
1 0.0974264705882353 0.2267156862745098 0.0389093137254902 0.1294934640522876
1 0.1390931372549020 0.3553921568627451 0.0401348039215686 0.1151960784313725
1 0.1770833333333333 0.3525326797385621 0.0355392156862745 0.1180555555555556
1 0.2123161764705882 0.3582516339869281 0.0303308823529412 0.1147875816993464
1 0.2426470588235294 0.3541666666666667 0.0312500000000000 0.1123366013071895
1 0.2717524509803921 0.3558006535947713 0.0251225490196078 0.1074346405228758
1 0.1344975490196078 0.2348856209150327 0.0327818627450980 0.1139705882352941
1 0.3005514705882353 0.3545751633986928 0.0327818627450980 0.1070261437908497
