1 0.3484477124183006 0.4460784313725490 0.0285947712418301 0.0787377450980392
1 0.2630718954248366 0.3391544117647059 0.0163398692810458 0.0677083333333333
1 0.2798202614379085 0.3376225490196079 0.0175653594771242 0.0670955882352941
1 0.2994281045751634 0.3357843137254902 0.0155228758169935 0.0686274509803922
1 0.3137254901960784 0.3345588235294117 0.0155228758169935 0.0670955882352941
1 0.3321078431372549 0.3333333333333333 0.0200163398692810 0.0674019607843137
1 0.3533496732026144 0.3336397058823529 0.0224673202614379 0.0680147058823529
1 0.3725490196078431 0.3327205882352941 0.0159313725490196 0.0716911764705882
1 0.1462418300653595 0.2604166666666667 0.0159313725490196 0.0710784313725490
1 0.1629901960784314 0.2564338235294117 0.0208333333333333 0.0772058823529412
1 0.1838235294117647 0.2539828431372549 0.0216503267973856 0.0738357843137255
1 0.2038398692810457 0.2509191176470588 0.0163398692810458 0.0790441176470588
1 0.2201797385620915 0.2472426470588235 0.0163398692810458 0.0753676470588235
1 0.2389705882352941 0.2441789215686274 0.0212418300653595 0.0802696078431373
1 0.3750000000000000 0.4433210784313725 0.0245098039215686 0.0854779411764706
1 0.2622549019607843 0.2417279411764706 0.0228758169934641 0.0768995098039216
1 0.3096405228758170 0.2356004901960784 0.0236928104575163 0.0799632352941176
1 0.3337418300653595 0.2334558823529412 0.0228758169934641 0.0833333333333333
1 0.3582516339869281 0.2297794117647059 0.0277777777777778 0.0802696078431373
1 0.2099673202614379 0.3434436274509804 0.0167483660130719 0.0661764705882353
1 0.1944444444444444 0.3422181372549020 0.0138888888888889 0.0615808823529412
1 0.1801470588235294 0.3422181372549020 0.0142973856209150 0.0609681372549020
1 0.1658496732026144 0.3446691176470588 0.0138888888888889 0.0628063725490196
1 0.1511437908496732 0.3449754901960784 0.0130718954248366 0.0572916666666667
1 0.1368464052287582 0.3471200980392157 0.0171568627450980 0.0612745098039216
1 0.2606209150326798 0.4463848039215687 0.0200163398692810 0.0762867647058824
1 0.2839052287581699 0.4473039215686275 0.0253267973856209 0.0747549019607843
1 0.3043300653594771 0.4457720588235294 0.0171568627450980 0.0716911764705882
1 0.1192810457516340 0.3483455882352941 0.0179738562091503 0.0606617647058824
1 0.2859477124183006 0.2389705882352941 0.0216503267973856 0.0842524509803922
1 0.3235294117647059 0.4466911764705883 0.0187908496732026 0.0726102941176471
1 0.7299836601307189 0.4849877450980392 0.0285947712418301 0.0759803921568627
1 0.2189542483660131 0.4448529411764706 0.0183823529411765 0.0732230392156863
1 0.6646241830065359 0.5698529411764706 0.0367647058823529 0.0879289215686275
1 0.6977124183006536 0.5695465686274510 0.0253267973856209 0.0836397058823529
1 0.7312091503267973 0.5756740196078431 0.0351307189542484 0.0903799019607843
1 0.7647058823529411 0.5790441176470589 0.0330882352941176 0.0830269607843137
1 0.8010620915032680 0.5833333333333334 0.0367647058823529 0.0965073529411765
1 0.8402777777777778 0.5909926470588235 0.0416666666666667 0.0805759803921569
1 0.4897875816993464 0.4742647058823529 0.0212418300653595 0.0618872549019608
1 0.5118464052287581 0.4730392156862745 0.0245098039215686 0.0631127450980392
1 0.5359477124183006 0.4757965686274510 0.0236928104575163 0.0680147058823529
1 0.5588235294117647 0.4770220588235294 0.0208333333333333 0.0674019607843137
1 0.5841503267973857 0.4761029411764706 0.0310457516339869 0.0655637254901961
1 0.6127450980392157 0.4733455882352941 0.0228758169934641 0.0686274509803922
1 0.6388888888888888 0.4773284313725490 0.0302287581699346 0.0741421568627451
1 0.6691176470588235 0.4785539215686275 0.0294117647058824 0.0704656862745098
1 0.6997549019607843 0.4834558823529412 0.0334967320261438 0.0802696078431373
1 0.7598039215686274 0.4837622549019608 0.0269607843137255 0.0778186274509804
1 0.7900326797385621 0.4898897058823529 0.0306372549019608 0.0692401960784314
1 0.8280228758169934 0.4865196078431372 0.0416666666666667 0.0741421568627451
1 0.4930555555555556 0.4013480392156863 0.0236928104575163 0.0628063725490196
1 0.5147058823529411 0.3998161764705883 0.0179738562091503 0.0652573529411765
1 0.5392156862745098 0.3964460784313725 0.0302287581699346 0.0652573529411765
1 0.6311274509803921 0.5692401960784313 0.0351307189542484 0.0811887254901961
1 0.5927287581699346 0.5634191176470589 0.0400326797385621 0.0903799019607843
1 0.5494281045751634 0.5591299019607843 0.0388071895424837 0.0768995098039216
1 0.5093954248366013 0.5575980392156863 0.0359477124183007 0.0818014705882353
1 0.4873366013071895 0.3195465686274510 0.0245098039215686 0.0612745098039216
1 0.5106209150326797 0.3180147058823529 0.0220588235294118 0.0643382352941176
1 0.5383986928104575 0.3158700980392157 0.0245098039215686 0.0631127450980392
1 0.5616830065359477 0.3143382352941176 0.0224673202614379 0.0655637254901961
1 0.5886437908496732 0.3106617647058824 0.0277777777777778 0.0649509803921569
1 0.6151960784313726 0.3100490196078431 0.0277777777777778 0.0680147058823529
1 0.6429738562091504 0.3072916666666667 0.0261437908496732 0.0643382352941176
1 0.6723856209150327 0.3057598039215687 0.0318627450980392 0.0674019607843137
1 0.7038398692810458 0.3030024509803921 0.0294117647058824 0.0680147058823529
1 0.7340686274509803 0.3014705882352941 0.0367647058823529 0.0729166666666667
1 0.5612745098039216 0.4019607843137255 0.0175653594771242 0.0640318627450980
1 0.7683823529411765 0.3002450980392157 0.0322712418300654 0.0716911764705882
1 0.8316993464052288 0.2941176470588235 0.0367647058823529 0.0747549019607843
1 0.4979575163398693 0.6458333333333334 0.0375816993464052 0.0808823529411765
1 0.5330882352941176 0.6492034313725490 0.0302287581699346 0.0716911764705882
1 0.5710784313725490 0.6553308823529411 0.0412581699346405 0.0876225490196078
1 0.6070261437908496 0.6599264705882353 0.0318627450980392 0.0808823529411765
1 0.6507352941176471 0.6660539215686274 0.0457516339869281 0.0876225490196078
1 0.6911764705882353 0.6721813725490197 0.0367647058823529 0.0808823529411765
1 0.7340686274509803 0.6859681372549019 0.0449346405228758 0.0937500000000000
1 0.7757352941176471 0.6850490196078431 0.0388071895424837 0.0949754901960784
1 0.8312908496732027 0.6936274509803921 0.0604575163398693 0.1124387254901961
1 0.7990196078431373 0.2950367647058824 0.0285947712418301 0.0765931372549020
1 0.2397875816993464 0.4460784313725490 0.0228758169934641 0.0756740196078431
1 0.5878267973856209 0.3998161764705883 0.0261437908496732 0.0658700980392157
1 0.6458333333333334 0.3992034313725490 0.0277777777777778 0.0646446078431373
1 0.3860294117647059 0.6332720588235294 0.0265522875816993 0.0802696078431373
1 0.1421568627450980 0.5260416666666666 0.0114379084967320 0.0520833333333333
1 0.1544117647058824 0.5275735294117647 0.0159313725490196 0.0490196078431373
1 0.1707516339869281 0.5269607843137255 0.0159313725490196 0.0511642156862745
1 0.1842320261437909 0.5291053921568627 0.0102124183006536 0.0490196078431373
1 0.2005718954248366 0.5306372549019608 0.0183823529411765 0.0523897058823529
1 0.2160947712418301 0.5297181372549019 0.0126633986928105 0.0536151960784314
1 0.2320261437908497 0.5315563725490197 0.0200163398692810 0.0569852941176471
1 0.2508169934640523 0.5330882352941176 0.0163398692810458 0.0530024509803922
1 0.2691993464052287 0.5346200980392157 0.0204248366013072 0.0572916666666667
1 0.3578431372549020 0.6295955882352942 0.0273692810457516 0.0710784313725490
1 0.2875816993464052 0.5355392156862745 0.0167483660130719 0.0545343137254902
1 0.3267973856209150 0.5376838235294118 0.0175653594771242 0.0560661764705882
1 0.3447712418300654 0.5392156862745098 0.0216503267973856 0.0569852941176471
1 0.3672385620915033 0.5398284313725490 0.0212418300653595 0.0551470588235294
1 0.3888888888888889 0.5398284313725490 0.0236928104575163 0.0554534313725490
1 0.1245915032679739 0.4439338235294117 0.0171568627450980 0.0680147058823529
1 0.2426470588235294 0.3406862745098039 0.0208333333333333 0.0670955882352941
1 0.1413398692810457 0.4445465686274510 0.0183823529411765 0.0680147058823529
1 0.1617647058823529 0.4451593137254902 0.0183823529411765 0.0674019607843137
1 0.1801470588235294 0.4442401960784313 0.0179738562091503 0.0686274509803922
1 0.1993464052287582 0.4469975490196079 0.0196078431372549 0.0741421568627451
1 0.3080065359477124 0.5376838235294118 0.0204248366013072 0.0572916666666667
1 0.6156045751633987 0.4013480392156863 0.0285947712418301 0.0652573529411765
1 0.3321078431372549 0.6259191176470589 0.0236928104575163 0.0778186274509804
1 0.2883986928104575 0.6207107843137255 0.0224673202614379 0.0759803921568627
1 0.6723856209150327 0.3979779411764706 0.0277777777777778 0.0658700980392157
1 0.6997549019607843 0.3970588235294117 0.0294117647058824 0.0695465686274510
1 0.7279411764705882 0.3964460784313725 0.0285947712418301 0.0689338235294118
1 0.7573529411764706 0.3930759803921569 0.0261437908496732 0.0615808823529412
1 0.7908496732026143 0.3958333333333333 0.0322712418300654 0.0670955882352941
1 0.8276143790849673 0.3973651960784313 0.0326797385620915 0.0732230392156863
1 0.1474673202614379 0.6957720588235294 0.0179738562091503 0.0735294117647059
1 0.1629901960784314 0.7003676470588235 0.0122549019607843 0.0640318627450980
1 0.1785130718954248 0.7061887254901961 0.0187908496732026 0.0729166666666667
1 0.1952614379084967 0.7086397058823529 0.0159313725490196 0.0661764705882353
1 0.3100490196078431 0.6243872549019608 0.0208333333333333 0.0719975490196078
1 0.2165032679738562 0.7166053921568627 0.0212418300653595 0.0784313725490196
1 0.2565359477124183 0.7233455882352942 0.0241013071895425 0.0768995098039216
1 0.2777777777777778 0.7261029411764706 0.0212418300653595 0.0735294117647059
1 0.1343954248366013 0.6001838235294118 0.0204248366013072 0.0625000000000000
1 0.1560457516339869 0.6026348039215687 0.0216503267973856 0.0667892156862745
1 0.1748366013071895 0.6056985294117647 0.0155228758169935 0.0674019607843137
1 0.1924019607843137 0.6072303921568627 0.0183823529411765 0.0634191176470588
1 0.2128267973856209 0.6115196078431373 0.0220588235294118 0.0732230392156863
1 0.2312091503267974 0.6109068627450981 0.0142973856209150 0.0716911764705882
1 0.2487745098039216 0.6145833333333334 0.0204248366013072 0.0759803921568627
1 0.2679738562091503 0.6182598039215687 0.0179738562091503 0.0692401960784314
1 0.2340686274509804 0.7199754901960784 0.0159313725490196 0.0701593137254902
1 0.2250816993464052 0.3416053921568628 0.0138888888888889 0.0658700980392157
