1 0.2467320261437909 0.7861519607843137 0.0919117647058824 0.0186887254901961
1 0.4399509803921569 0.7852328431372549 0.0870098039215686 0.0147058823529412
1 0.4407679738562091 0.7650122549019608 0.0849673202614379 0.0245098039215686
1 0.3488562091503268 0.7855392156862745 0.0931372549019608 0.0174632352941176
1 0.3398692810457516 0.7674632352941176 0.0906862745098039 0.0168504901960784
1 0.2475490196078431 0.7640931372549019 0.0857843137254902 0.0238970588235294
1 0.1368464052287582 0.7892156862745098 0.0849673202614379 0.0180759803921569
1 0.1372549019607843 0.7705269607843137 0.0857843137254902 0.0177696078431373
1 0.0469771241830065 0.7840073529411765 0.0890522875816993 0.0242034313725490
1 0.1339869281045752 0.7208946078431373 0.0853758169934641 0.0177696078431373
1 0.1323529411764706 0.6991421568627451 0.0849673202614379 0.0217524509803922
1 0.0441176470588235 0.7208946078431373 0.0882352941176471 0.0177696078431373
1 0.0445261437908497 0.6973039215686274 0.0890522875816993 0.0251225490196078
1 0.1229575163398693 0.6596200980392157 0.1000816993464052 0.0254289215686275
1 0.1294934640522876 0.6351102941176471 0.0874183006535948 0.0165441176470588
1 0.1315359477124183 0.6182598039215687 0.0800653594771242 0.0088848039215686
1 0.0171568627450980 0.6623774509803921 0.0314542483660131 0.0217524509803922
1 0.0167483660130719 0.6372549019607843 0.0326797385620915 0.0232843137254902
1 0.3300653594771242 0.4102328431372549 0.1041666666666667 0.0165441176470588
1 0.2332516339869281 0.4283088235294117 0.0906862745098039 0.0159313725490196
1 0.2308006535947713 0.4096200980392157 0.0923202614379085 0.0189950980392157
1 0.5314542483660131 0.7705269607843137 0.0898692810457516 0.0134803921568627
1 0.5306372549019608 0.7855392156862745 0.0886437908496732 0.0150122549019608
1 0.6184640522875817 0.7496936274509803 0.1070261437908497 0.0193014705882353
1 0.6278594771241830 0.7674632352941176 0.1004901960784314 0.0140931372549020
1 0.2332516339869281 0.4757965686274510 0.0837418300653595 0.0193014705882353
1 0.7165032679738562 0.4292279411764706 0.0825163398692810 0.0156250000000000
1 0.6303104575163399 0.4292279411764706 0.0866013071895425 0.0156250000000000
1 0.1164215686274510 0.0628063725490196 0.1225490196078431 0.0214460784313725
1 0.7173202614379085 0.4114583333333333 0.0821078431372549 0.0168504901960784
1 0.7197712418300654 0.3918504901960784 0.0890522875816993 0.0183823529411765
1 0.6299019607843137 0.3924632352941176 0.0857843137254902 0.0196078431372549
1 0.5347222222222222 0.4056372549019608 0.0964052287581699 0.0628063725490196
1 0.4342320261437909 0.4050245098039216 0.0906862745098039 0.0612745098039216
1 0.3439542483660131 0.3915441176470588 0.0845588235294118 0.0153186274509804
1 0.3312908496732026 0.4286151960784313 0.1021241830065359 0.0168504901960784
1 0.5179738562091504 0.6954656862745098 0.0853758169934641 0.0263480392156863
1 0.4354575163398693 0.6960784313725490 0.0743464052287582 0.0251225490196078
1 0.3468137254901961 0.6942401960784313 0.0988562091503268 0.0189950980392157
1 0.2438725490196078 0.7193627450980392 0.0821078431372549 0.0174632352941176
1 0.2426470588235294 0.7018995098039216 0.0870098039215686 0.0153186274509804
1 0.7193627450980392 0.7846200980392157 0.0751633986928105 0.0156250000000000
1 0.7197712418300654 0.7671568627450981 0.0759803921568627 0.0162377450980392
1 0.7140522875816994 0.7487745098039216 0.0776143790849673 0.0171568627450980
1 0.6278594771241830 0.7846200980392157 0.1008986928104575 0.0156250000000000
1 0.3378267973856209 0.7153799019607843 0.1017156862745098 0.0211397058823529
1 0.2463235294117647 0.3897058823529412 0.1025326797385621 0.0189950980392157
1 0.1384803921568628 0.4037990196078431 0.0441176470588235 0.0689338235294118
1 0.0931372549019608 0.4059436274509804 0.0416666666666667 0.0683210784313725
1 0.7340686274509803 0.1899509803921569 0.0861928104575163 0.0116421568627451
1 0.6311274509803921 0.2383578431372549 0.0972222222222222 0.0183823529411765
1 0.6315359477124183 0.2178308823529412 0.0984477124183007 0.0180759803921569
1 0.6274509803921569 0.1979166666666667 0.0955882352941176 0.0174632352941176
1 0.5355392156862745 0.2392769607843137 0.0894607843137255 0.0186887254901961
1 0.5355392156862745 0.2202818627450980 0.0890522875816993 0.0153186274509804
1 0.5322712418300654 0.2015931372549020 0.0886437908496732 0.0159313725490196
1 0.4391339869281046 0.2386642156862745 0.0972222222222222 0.0174632352941176
1 0.4391339869281046 0.2193627450980392 0.0976307189542484 0.0159313725490196
1 0.7332516339869281 0.2049632352941176 0.0878267973856209 0.0156250000000000
1 0.3341503267973856 0.2377450980392157 0.1078431372549020 0.0171568627450980
1 0.3333333333333333 0.2184436274509804 0.1062091503267974 0.0189950980392157
1 0.2283496732026144 0.2190563725490196 0.0980392156862745 0.0153186274509804
1 0.3255718954248366 0.1976102941176471 0.1098856209150327 0.0199142156862745
1 0.2226307189542484 0.1988357843137255 0.0927287581699346 0.0196078431372549
1 0.0142973856209150 0.0471813725490196 0.0224673202614379 0.0496323529411765
1 0.0396241830065359 0.0490196078431373 0.0228758169934641 0.0511642156862745
1 0.1339869281045752 0.2132352941176471 0.0257352941176471 0.0723039215686275
1 0.0898692810457516 0.2141544117647059 0.0224673202614379 0.0692401960784314
1 0.0502450980392157 0.2135416666666667 0.0502450980392157 0.0680147058823529
1 0.2275326797385621 0.2368259803921569 0.0968137254901961 0.0180759803921569
1 0.7312091503267973 0.2215073529411765 0.0935457516339869 0.0156250000000000
1 0.7303921568627451 0.2392769607843137 0.0976307189542484 0.0183823529411765
1 0.7291666666666666 0.2849264705882353 0.0927287581699346 0.0150122549019608
1 0.0494281045751634 0.4050245098039216 0.0396241830065359 0.0664828431372549
1 0.0138888888888889 0.4074754901960784 0.0261437908496732 0.0689338235294118
1 0.1188725490196078 0.3109681372549020 0.0396241830065359 0.0649509803921569
1 0.0718954248366013 0.3115808823529412 0.0469771241830065 0.0683210784313725
1 0.0228758169934641 0.3118872549019608 0.0457516339869281 0.0670955882352941
1 0.1981209150326797 0.3354779411764706 0.1041666666666667 0.0174632352941176
1 0.1968954248366013 0.3152573529411765 0.1074346405228758 0.0168504901960784
1 0.3067810457516340 0.3367034313725490 0.1041666666666667 0.0174632352941176
1 0.3063725490196079 0.3158700980392157 0.1000816993464052 0.0189950980392157
1 0.1960784313725490 0.2956495098039216 0.1033496732026144 0.0156250000000000
1 0.4174836601307190 0.3367034313725490 0.1078431372549020 0.0171568627450980
1 0.4146241830065360 0.3170955882352941 0.1090686274509804 0.0202205882352941
1 0.5265522875816994 0.3345588235294117 0.1025326797385621 0.0245098039215686
1 0.5249183006535948 0.3118872549019608 0.1021241830065359 0.0171568627450980
1 0.5220588235294118 0.2928921568627451 0.1000816993464052 0.0140931372549020
1 0.7279411764705882 0.3370098039215687 0.0902777777777778 0.0147058823529412
1 0.6299019607843137 0.3345588235294117 0.0976307189542484 0.0168504901960784
1 0.6294934640522876 0.3158700980392157 0.1000816993464052 0.0180759803921569
1 0.6307189542483660 0.2971813725490196 0.0996732026143791 0.0159313725490196
1 0.7275326797385621 0.3192401960784313 0.0919117647058824 0.0168504901960784
1 0.7283496732026143 0.3020833333333333 0.0906862745098039 0.0162377450980392
1 0.2340686274509804 0.4947916666666667 0.0796568627450980 0.0156250000000000
1 0.2340686274509804 0.5128676470588235 0.0825163398692810 0.0180759803921569
1 0.6307189542483660 0.4114583333333333 0.0845588235294118 0.0162377450980392
1 0.0596405228758170 0.4892769607843137 0.0314542483660131 0.0625000000000000
1 0.2455065359477124 0.6400122549019608 0.0882352941176471 0.0189950980392157
1 0.5310457516339869 0.5888480392156863 0.0857843137254902 0.0162377450980392
1 0.5285947712418301 0.5707720588235294 0.0845588235294118 0.0128676470588235
1 0.4342320261437909 0.5821078431372549 0.0878267973856209 0.0193014705882353
1 0.4334150326797386 0.5606617647058824 0.0894607843137255 0.0180759803921569
1 0.3374183006535948 0.5888480392156863 0.0992647058823529 0.0162377450980392
1 0.2442810457516340 0.6590073529411765 0.0866013071895425 0.0177696078431373
1 0.3349673202614379 0.5704656862745098 0.1029411764705882 0.0171568627450980
1 0.2389705882352941 0.5707720588235294 0.0845588235294118 0.0153186274509804
1 0.7173202614379085 0.7156862745098039 0.0841503267973856 0.0171568627450980
1 0.7185457516339869 0.6951593137254902 0.0772058823529412 0.0186887254901961
1 0.6143790849673203 0.7107843137254902 0.1029411764705882 0.0143995098039216
1 0.6147875816993464 0.6920955882352942 0.1021241830065359 0.0171568627450980
1 0.5196078431372549 0.7181372549019608 0.0829248366013072 0.0174632352941176
1 0.2430555555555556 0.5885416666666666 0.0866013071895425 0.0153186274509804
1 0.0616830065359477 0.6446078431372549 0.0196078431372549 0.0566789215686275
1 0.3415032679738562 0.6406250000000000 0.1004901960784314 0.0168504901960784
1 0.3410947712418301 0.6593137254901961 0.1041666666666667 0.0156250000000000
1 0.7246732026143791 0.5891544117647058 0.0804738562091503 0.0168504901960784
1 0.7222222222222222 0.5710784313725490 0.0776143790849673 0.0177696078431373
1 0.7234477124183006 0.5526960784313726 0.0808823529411765 0.0165441176470588
1 0.6282679738562091 0.5888480392156863 0.1062091503267974 0.0165441176470588
1 0.6270424836601307 0.5704656862745098 0.1045751633986928 0.0174632352941176
1 0.6245915032679739 0.5496323529411765 0.1033496732026144 0.0205269607843137
1 0.7209967320261438 0.6599264705882353 0.0759803921568627 0.0165441176470588
1 0.7201797385620915 0.6427696078431373 0.0808823529411765 0.0159313725490196
1 0.7193627450980392 0.6237745098039216 0.0796568627450980 0.0196078431372549
1 0.6274509803921569 0.6590073529411765 0.1053921568627451 0.0174632352941176
1 0.6262254901960784 0.6366421568627451 0.1004901960784314 0.0242034313725490
1 0.5277777777777778 0.6587009803921569 0.0890522875816993 0.0143995098039216
1 0.5281862745098039 0.6409313725490197 0.0898692810457516 0.0183823529411765
1 0.4366830065359477 0.6580882352941176 0.0853758169934641 0.0168504901960784
1 0.4379084967320261 0.6378676470588235 0.0861928104575163 0.0220588235294118
1 0.4334150326797386 0.7175245098039216 0.0870098039215686 0.0159313725490196
1 0.0163398692810458 0.4901960784313725 0.0330882352941176 0.0695465686274510
1 0.1143790849673203 0.0373774509803922 0.1233660130718954 0.0229779411764706
1 0.4395424836601307 0.5094975490196079 0.1078431372549020 0.0180759803921569
1 0.5506535947712419 0.5104166666666666 0.1094771241830065 0.0174632352941176
1 0.6462418300653595 0.5061274509803921 0.0776143790849673 0.0205269607843137
1 0.7295751633986928 0.5113357843137255 0.0714869281045752 0.0165441176470588
1 0.5506535947712419 0.4895833333333333 0.1094771241830065 0.0205269607843137
1 0.0147058823529412 0.5683210784313726 0.0269607843137255 0.0625000000000000
1 0.4383169934640523 0.4901960784313725 0.1090686274509804 0.0171568627450980
1 0.3308823529411765 0.5098039215686274 0.1029411764705882 0.0183823529411765
1 0.3300653594771242 0.4908088235294117 0.1017156862745098 0.0162377450980392
1 0.5543300653594772 0.4666053921568628 0.1139705882352941 0.0174632352941176
1 0.0428921568627451 0.5710784313725490 0.0265522875816993 0.0609681372549020
1 0.0727124183006536 0.5698529411764706 0.0285947712418301 0.0658700980392157
1 0.0996732026143791 0.5704656862745098 0.0232843137254902 0.0646446078431373
1 0.1282679738562091 0.5713848039215687 0.0273692810457516 0.0661764705882353
1 0.1560457516339869 0.5695465686274510 0.0257352941176471 0.0649509803921569
1 0.0433006535947712 0.6449142156862745 0.0138888888888889 0.0618872549019608
1 0.4399509803921569 0.4653799019607843 0.0988562091503268 0.0199142156862745
1 0.3366013071895425 0.4712009803921569 0.1029411764705882 0.0174632352941176
1 0.1523692810457516 0.4883578431372549 0.0245098039215686 0.0609681372549020
1 0.1233660130718954 0.4895833333333333 0.0261437908496732 0.0634191176470588
1 0.0947712418300654 0.4905024509803921 0.0232843137254902 0.0600490196078431
1 0.7308006535947712 0.4757965686274510 0.0796568627450980 0.0165441176470588
1 0.7299836601307189 0.4932598039215687 0.0747549019607843 0.0134803921568627
