1 0.9647435897435898 0.2658653846153846 0.0721153846153846 0.0211538461538462
1 0.8169871794871795 0.3084134615384616 0.0951923076923077 0.0475961538461538
1 0.9173076923076923 0.3074519230769231 0.0955128205128205 0.0459134615384615
1 0.9836538461538461 0.3062500000000000 0.0346153846153846 0.0459134615384615
1 0.0201923076923077 0.4750000000000000 0.0375000000000000 0.0528846153846154
1 0.6826923076923077 0.2653846153846154 0.0919871794871795 0.0225961538461538
1 0.8833333333333333 0.2653846153846154 0.0868589743589744 0.0252403846153846
1 0.7855769230769231 0.2639423076923077 0.0942307692307692 0.0245192307692308
1 0.7176282051282051 0.3093750000000000 0.0900641025641026 0.0454326923076923
1 0.9788461538461538 0.3552884615384616 0.0439102564102564 0.0454326923076923
1 0.9092948717948718 0.3569711538461539 0.0948717948717949 0.0420673076923077
1 0.8115384615384615 0.3581730769230769 0.0993589743589744 0.0444711538461538
1 0.7147435897435898 0.3572115384615385 0.0929487179487180 0.0449519230769231
1 0.6169871794871795 0.3600961538461538 0.1006410256410256 0.0478365384615385
1 0.5160256410256411 0.3600961538461538 0.1016025641025641 0.0483173076923077
1 0.0259615384615385 0.5286057692307692 0.0487179487179487 0.0524038461538462
1 0.5740384615384615 0.2610576923076923 0.0900641025641026 0.0211538461538462
1 0.5150641025641025 0.3112980769230769 0.0939102564102564 0.0492788461538462
1 0.0467948717948718 0.1250000000000000 0.0903846153846154 0.0603365384615385
1 0.1493589743589744 0.1245192307692308 0.1150641025641026 0.0593750000000000
1 0.0503205128205128 0.1882211538461538 0.0974358974358974 0.0581730769230769
1 0.1554487179487180 0.1862980769230769 0.1019230769230769 0.0588942307692308
1 0.2676282051282051 0.1646634615384615 0.1112179487179487 0.1019230769230769
1 0.3833333333333334 0.1668269230769231 0.1080128205128205 0.1021634615384615
1 0.4935897435897436 0.1713942307692308 0.1067307692307692 0.0992788461538461
1 0.6041666666666666 0.0882211538461539 0.1060897435897436 0.0524038461538462
1 0.7205128205128205 0.0877403846153846 0.1080128205128205 0.0538461538461538
1 0.6032051282051282 0.1427884615384615 0.1073717948717949 0.0514423076923077
1 0.7112179487179487 0.1439903846153846 0.1016025641025641 0.0514423076923077
1 0.6003205128205128 0.1961538461538462 0.1016025641025641 0.0483173076923077
1 0.7048076923076924 0.1992788461538462 0.0980769230769231 0.0495192307692308
1 0.8250000000000000 0.0899038461538462 0.1012820512820513 0.0533653846153846
1 0.8157051282051282 0.1451923076923077 0.0980769230769231 0.0490384615384615
1 0.8060897435897436 0.2000000000000000 0.0951923076923077 0.0509615384615385
1 0.9201923076923076 0.0944711538461538 0.0762820512820513 0.0487980769230769
1 0.9041666666666667 0.2002403846153846 0.0881410256410256 0.0514423076923077
1 0.9801282051282051 0.0980769230769231 0.0400641025641026 0.0463942307692308
1 0.9839743589743589 0.1485576923076923 0.0320512820512820 0.0492788461538462
1 0.9762820512820513 0.2002403846153846 0.0483974358974359 0.0490384615384615
1 0.0660256410256410 0.2978365384615385 0.1041666666666667 0.0548076923076923
1 0.1740384615384615 0.2954326923076923 0.1048076923076923 0.0526442307692308
1 0.0737179487179487 0.3538461538461539 0.1038461538461539 0.0543269230769231
1 0.1778846153846154 0.3531250000000000 0.1028846153846154 0.0528846153846154
1 0.2839743589743590 0.2665865384615385 0.1028846153846154 0.0365384615384615
1 0.3910256410256410 0.2670673076923077 0.1080128205128205 0.0324519230769231
1 0.2955128205128205 0.3375000000000000 0.1137820512820513 0.0966346153846154
1 0.4108974358974359 0.3358173076923077 0.1067307692307692 0.0932692307692308
1 0.6150641025641026 0.3081730769230769 0.1000000000000000 0.0495192307692308
1 0.9179487179487179 0.1478365384615385 0.0967948717948718 0.0519230769230769
1 0.1897435897435897 0.8081730769230769 0.1016025641025641 0.0360576923076923
1 0.0621794871794872 0.6634615384615384 0.0993589743589744 0.0365384615384615
1 0.9307692307692308 0.6259615384615385 0.0817307692307692 0.0764423076923077
1 0.7532051282051282 0.6322115384615384 0.0948717948717949 0.0747596153846154
1 0.6605769230769231 0.6326923076923077 0.0913461538461538 0.0740384615384615
1 0.5669871794871795 0.6338942307692308 0.0942307692307692 0.0711538461538462
1 0.4605769230769231 0.6276442307692308 0.0967948717948718 0.0841346153846154
1 0.3573717948717949 0.6444711538461538 0.0996794871794872 0.0759615384615385
1 0.2551282051282051 0.6430288461538461 0.0980769230769231 0.0800480769230769
1 0.1596153846153846 0.6608173076923077 0.0887820512820513 0.0406250000000000
1 0.1541666666666667 0.6132211538461538 0.0868589743589744 0.0415865384615385
1 0.0583333333333333 0.6192307692307693 0.1044871794871795 0.0485576923076923
1 0.9647435897435898 0.5170673076923077 0.0721153846153846 0.0413461538461538
1 0.8804487179487179 0.5151442307692308 0.0907051282051282 0.0375000000000000
1 0.9721153846153846 0.4697115384615385 0.0583333333333333 0.0425480769230769
1 0.8942307692307693 0.4713942307692308 0.0929487179487180 0.0413461538461538
1 0.7862179487179487 0.5156250000000000 0.0891025641025641 0.0430288461538462
1 0.7974358974358975 0.4735576923076923 0.0929487179487180 0.0432692307692308
1 0.6935897435897436 0.5180288461538461 0.0942307692307692 0.0408653846153846
1 0.0891025641025641 0.4769230769230769 0.1000000000000000 0.0478365384615385
1 0.0990384615384615 0.5276442307692307 0.0967948717948718 0.0471153846153846
1 0.1884615384615385 0.4745192307692307 0.1022435897435897 0.0478365384615385
1 0.1967948717948718 0.5235576923076923 0.0967948717948718 0.0449519230769231
1 0.3660256410256410 0.4237980769230769 0.0980769230769231 0.0281250000000000
1 0.2955128205128205 0.4778846153846154 0.1041666666666667 0.0425480769230769
1 0.0644230769230769 0.7653846153846153 0.0974358974358974 0.0439903846153846
1 0.3000000000000000 0.5250000000000000 0.1035256410256410 0.0430288461538462
1 0.4019230769230769 0.5240384615384616 0.0980769230769231 0.0411057692307692
1 0.5032051282051282 0.4757211538461538 0.0977564102564103 0.0430288461538462
1 0.6019230769230769 0.4762019230769231 0.0926282051282051 0.0391826923076923
1 0.5019230769230769 0.5221153846153846 0.0894230769230769 0.0420673076923077
1 0.5974358974358974 0.5209134615384615 0.0923076923076923 0.0394230769230769
1 0.6990384615384615 0.4740384615384615 0.0929487179487180 0.0394230769230769
1 0.4009615384615385 0.4778846153846154 0.0961538461538462 0.0401442307692308
1 0.1608974358974359 0.7620192307692307 0.0913461538461538 0.0519230769230769
1 0.8455128205128205 0.6286057692307693 0.0894230769230769 0.0819711538461538
1 0.9211538461538461 0.7586538461538461 0.0750000000000000 0.0632211538461538
1 0.2025641025641026 0.8894230769230769 0.0836538461538461 0.0317307692307692
1 0.1144230769230769 0.8925480769230769 0.0919871794871795 0.0355769230769231
1 0.0349358974358974 0.9278846153846154 0.0666666666666667 0.0663461538461538
1 0.9804487179487179 0.7545673076923077 0.0407051282051282 0.0620192307692308
1 0.8349358974358975 0.7028846153846153 0.0993589743589744 0.0290865384615385
1 0.3000000000000000 0.9307692307692308 0.0881410256410256 0.0533653846153846
1 0.8371794871794872 0.7622596153846154 0.0878205128205128 0.0622596153846154
1 0.7503205128205128 0.7692307692307693 0.0862179487179487 0.0632211538461538
1 0.6599358974358974 0.7721153846153846 0.0955128205128205 0.0668269230769231
1 0.5695512820512820 0.7716346153846154 0.0865384615384615 0.0677884615384615
1 0.4807692307692308 0.7740384615384616 0.0907051282051282 0.0725961538461539
1 0.3884615384615385 0.7771634615384615 0.0897435897435897 0.0699519230769231
1 0.3907051282051282 0.9262019230769231 0.0910256410256410 0.0538461538461538
1 0.2996794871794872 0.7579326923076923 0.0875000000000000 0.0593750000000000
1 0.0951923076923077 0.8100961538461539 0.0875000000000000 0.0370192307692308
1 0.4794871794871795 0.9211538461538461 0.0849358974358974 0.0512019230769231
1 0.5647435897435897 0.9168269230769230 0.0836538461538461 0.0514423076923077
1 0.6506410256410257 0.9105769230769231 0.0868589743589744 0.0637019230769231
1 0.0250000000000000 0.8144230769230769 0.0467948717948718 0.0483173076923077
1 0.7426282051282052 0.8908653846153847 0.0836538461538461 0.0721153846153846
1 0.8307692307692308 0.8884615384615384 0.0913461538461538 0.0776442307692308
1 0.9160256410256410 0.8790865384615385 0.0772435897435897 0.0766826923076923
1 0.9814102564102564 0.8754807692307692 0.0394230769230769 0.0692307692307692
1 0.1304487179487180 0.9305288461538461 0.0894230769230769 0.0379807692307692
1 0.2157051282051282 0.9262019230769231 0.0788461538461538 0.0375000000000000
