1 0.2659313725490196 0.8149509803921569 0.0085784313725490 0.0637254901960784
1 0.2742034313725490 0.8312908496732027 0.0082720588235294 0.0612745098039216
1 0.3939950980392157 0.4452614379084967 0.0177696078431373 0.0906862745098039
1 0.9194240196078431 0.3811274509803921 0.0487132352941176 0.2107843137254902
1 0.8734681372549019 0.3774509803921569 0.0431985294117647 0.2062908496732026
1 0.8296568627450981 0.3504901960784313 0.0300245098039216 0.1225490196078431
1 0.7916666666666666 0.4129901960784313 0.0404411764705882 0.1584967320261438
1 0.7604166666666666 0.3496732026143791 0.0177696078431373 0.1205065359477124
1 0.7414215686274510 0.3525326797385621 0.0202205882352941 0.1111111111111111
1 0.7159926470588235 0.3533496732026144 0.0242034313725490 0.1049836601307190
1 0.6896446078431373 0.3517156862745098 0.0229779411764706 0.1086601307189543
1 0.6657475490196079 0.3517156862745098 0.0242034313725490 0.1168300653594771
1 0.9773284313725490 0.3803104575163399 0.0465686274509804 0.2160947712418301
1 0.6400122549019608 0.3513071895424836 0.0217524509803922 0.1058006535947712
1 0.5949754901960784 0.3492647058823529 0.0205269607843137 0.0902777777777778
1 0.5747549019607843 0.3496732026143791 0.0171568627450980 0.1008986928104575
1 0.5591299019607843 0.3508986928104575 0.0119485294117647 0.0947712418300654
1 0.5401348039215687 0.3476307189542484 0.0171568627450980 0.0935457516339869
1 0.5223651960784313 0.3500816993464052 0.0189950980392157 0.0964052287581699
1 0.5052083333333334 0.3410947712418301 0.0137867647058824 0.0837418300653595
1 0.4877450980392157 0.3455882352941176 0.0183823529411765 0.0751633986928105
1 0.4705882352941176 0.3451797385620915 0.0131740196078431 0.0833333333333333
1 0.4555759803921569 0.3431372549019608 0.0150122549019608 0.0723039215686275
1 0.6185661764705882 0.3521241830065360 0.0217524509803922 0.1004901960784314
1 0.4405637254901961 0.3410947712418301 0.0104166666666667 0.0837418300653595
1 0.2931985294117647 0.2230392156862745 0.0119485294117647 0.0866013071895425
1 0.3235294117647059 0.2156862745098039 0.0147058823529412 0.0898692810457516
1 0.8504901960784313 0.1107026143790850 0.0373774509803922 0.2189542483660131
1 0.8097426470588235 0.1250000000000000 0.0330882352941176 0.1870915032679739
1 0.7689950980392157 0.1307189542483660 0.0435049019607843 0.2013888888888889
1 0.7251838235294118 0.1425653594771242 0.0367647058823529 0.1862745098039216
1 0.6914828431372549 0.1413398692810457 0.0263480392156863 0.1805555555555556
1 0.6400122549019608 0.1932189542483660 0.0217524509803922 0.0890522875816993
1 0.6161151960784313 0.1646241830065359 0.0229779411764706 0.1548202614379085
1 0.5906862745098039 0.1601307189542484 0.0266544117647059 0.1740196078431372
1 0.5649509803921569 0.1817810457516340 0.0177696078431373 0.1233660130718954
1 0.3075980392156863 0.2160947712418301 0.0119485294117647 0.0808823529411765
1 0.5413602941176471 0.1805555555555556 0.0226715686274510 0.1327614379084967
1 0.5058210784313726 0.1866830065359477 0.0150122549019608 0.1250000000000000
1 0.4877450980392157 0.1895424836601307 0.0183823529411765 0.1225490196078431
1 0.4669117647058824 0.1907679738562091 0.0171568627450980 0.1200980392156863
1 0.4460784313725490 0.1911764705882353 0.0183823529411765 0.1192810457516340
1 0.4240196078431372 0.1858660130718954 0.0205269607843137 0.1339869281045752
1 0.4034926470588235 0.1879084967320261 0.0165441176470588 0.1335784313725490
1 0.3857230392156863 0.1895424836601307 0.0131740196078431 0.1262254901960784
1 0.3639705882352941 0.2189542483660131 0.0242034313725490 0.0829248366013072
1 0.3419117647058824 0.2193627450980392 0.0171568627450980 0.0706699346405229
1 0.5220588235294118 0.1858660130718954 0.0156250000000000 0.1184640522875817
1 0.8952205882352942 0.1119281045751634 0.0459558823529412 0.2205882352941176
1 0.4270833333333333 0.3459967320261438 0.0125612745098039 0.0857843137254902
1 0.3982843137254902 0.3304738562091503 0.0180759803921569 0.1008986928104575
1 0.4540441176470588 0.4546568627450980 0.0171568627450980 0.0902777777777778
1 0.4371936274509804 0.4468954248366013 0.0177696078431373 0.0943627450980392
1 0.4157475490196079 0.4481209150326798 0.0214460784313725 0.0919117647058824
1 0.3762254901960784 0.4415849673202614 0.0143995098039216 0.0821078431372549
1 0.3612132352941176 0.4448529411764706 0.0131740196078431 0.0833333333333333
1 0.3452818627450980 0.4370915032679739 0.0183823529411765 0.0833333333333333
1 0.3256740196078431 0.4338235294117647 0.0137867647058824 0.0821078431372549
1 0.9114583333333334 0.7753267973856209 0.1534926470588235 0.1008986928104575
1 0.9117647058823529 0.8762254901960784 0.1452205882352941 0.0866013071895425
1 0.4736519607843137 0.4595588235294117 0.0189950980392157 0.0992647058823529
1 0.8131127450980392 0.7116013071895425 0.0346200980392157 0.1548202614379085
1 0.7515318627450981 0.7373366013071896 0.0202205882352941 0.0461601307189543
1 0.7282475490196079 0.6789215686274510 0.0229779411764706 0.1364379084967320
1 0.7052696078431373 0.6617647058823529 0.0174632352941176 0.1319444444444444
1 0.6764705882352942 0.6548202614379085 0.0315563725490196 0.1303104575163399
1 0.6439950980392157 0.6405228758169934 0.0242034313725490 0.1286764705882353
1 0.6145833333333334 0.6368464052287581 0.0281862745098039 0.1364379084967320
1 0.5857843137254902 0.6254084967320261 0.0223651960784314 0.1278594771241830
1 0.5634191176470589 0.6184640522875817 0.0205269607843137 0.1303104575163399
1 0.5367647058823529 0.6135620915032680 0.0245098039215686 0.1286764705882353
1 0.7787990196078431 0.7434640522875817 0.0235906862745098 0.0612745098039216
1 0.4148284313725490 0.3435457516339869 0.0107230392156863 0.0747549019607843
1 0.4938725490196079 0.4628267973856209 0.0196078431372549 0.1086601307189543
1 0.5346200980392157 0.4734477124183006 0.0150122549019608 0.1025326797385621
1 0.3820465686274510 0.3316993464052287 0.0140931372549020 0.0955882352941176
1 0.3682598039215687 0.3288398692810457 0.0122549019607843 0.0980392156862745
1 0.3541666666666667 0.3288398692810457 0.0162377450980392 0.0968137254901961
1 0.3406862745098039 0.3292483660130719 0.0091911764705882 0.0882352941176471
1 0.3281250000000000 0.3304738562091503 0.0131740196078431 0.0898692810457516
1 0.3146446078431372 0.3300653594771242 0.0119485294117647 0.0861928104575163
1 0.7913602941176471 0.5477941176470589 0.0281862745098039 0.0649509803921569
1 0.7886029411764706 0.6074346405228758 0.0281862745098039 0.0298202614379085
1 0.7699142156862745 0.6544117647058824 0.0401348039215686 0.0359477124183007
1 0.5162377450980392 0.4669117647058824 0.0211397058823529 0.1119281045751634
1 0.7738970588235294 0.6968954248366013 0.0275735294117647 0.0196078431372549
1 0.8783700980392157 0.5915032679738562 0.0585171568627451 0.1425653594771242
1 0.9571078431372549 0.6156045751633987 0.0833333333333333 0.1633986928104575
1 0.7251838235294118 0.5032679738562091 0.0309436274509804 0.1384803921568628
1 0.6948529411764706 0.5000000000000000 0.0245098039215686 0.1266339869281046
1 0.6629901960784313 0.4991830065359477 0.0300245098039216 0.1241830065359477
1 0.6344975490196079 0.4922385620915033 0.0223651960784314 0.1147875816993464
1 0.6041666666666666 0.4832516339869281 0.0303308823529412 0.1327614379084967
1 0.5753676470588235 0.4763071895424836 0.0217524509803922 0.1270424836601307
1 0.5530024509803921 0.4799836601307190 0.0174632352941176 0.1086601307189543
1 0.8302696078431373 0.5208333333333334 0.0346200980392157 0.1458333333333333
1 0.9644607843137255 0.1229575163398693 0.0723039215686275 0.2099673202614379
1 0.6620710784313726 0.1924019607843137 0.0226715686274510 0.0906862745098039
1 0.6758578431372549 0.8161764705882353 0.0183823529411765 0.1225490196078431
1 0.4938725490196079 0.7320261437908496 0.0137867647058824 0.0988562091503268
1 0.4776348039215687 0.7234477124183006 0.0153186274509804 0.1041666666666667
1 0.4626225490196079 0.7169117647058824 0.0116421568627451 0.0943627450980392
1 0.4273897058823529 0.6997549019607843 0.0162377450980392 0.0902777777777778
1 0.4071691176470588 0.6973039215686274 0.0183823529411765 0.0841503267973856
1 0.3884803921568628 0.6883169934640523 0.0128676470588235 0.0866013071895425
1 0.3765318627450980 0.6854575163398693 0.0119485294117647 0.0776143790849673
1 0.3627450980392157 0.6785130718954249 0.0162377450980392 0.0833333333333333
1 0.3489583333333333 0.6695261437908496 0.0079656862745098 0.0739379084967320
1 0.3363970588235294 0.6658496732026143 0.0150122549019608 0.0702614379084967
1 0.7628676470588235 0.9803921568627451 0.0431985294117647 0.0412581699346405
1 0.6142769607843137 0.9093137254901961 0.0710784313725490 0.0571895424836601
1 0.6136642156862745 0.9709967320261438 0.0640318627450980 0.0535130718954248
1 0.5435049019607843 0.9297385620915033 0.0582107843137255 0.0559640522875817
1 0.5441176470588235 0.8692810457516340 0.0628063725490196 0.0616830065359477
1 0.4675245098039216 0.8447712418300654 0.0217524509803922 0.0841503267973856
1 0.4473039215686275 0.8333333333333334 0.0125612745098039 0.0923202614379085
1 0.5119485294117647 0.7430555555555556 0.0183823529411765 0.1004901960784314
1 0.4292279411764706 0.8292483660130719 0.0168504901960784 0.0923202614379085
1 0.5364583333333334 0.7520424836601307 0.0153186274509804 0.1049836601307190
1 0.5753676470588235 0.7696078431372549 0.0183823529411765 0.1082516339869281
1 0.5137867647058824 0.6082516339869281 0.0137867647058824 0.1164215686274510
1 0.4941789215686275 0.5955882352941176 0.0143995098039216 0.1074346405228758
1 0.4761029411764706 0.5968137254901961 0.0150122549019608 0.1094771241830065
1 0.4574142156862745 0.5927287581699346 0.0156250000000000 0.1049836601307190
1 0.4402573529411765 0.5800653594771242 0.0131740196078431 0.1004901960784314
1 0.4234068627450980 0.5792483660130719 0.0193014705882353 0.0980392156862745
1 0.4065563725490196 0.5751633986928104 0.0116421568627451 0.0988562091503268
1 0.3930759803921569 0.5686274509803921 0.0131740196078431 0.1033496732026144
1 0.8884803921568627 0.9624183006535948 0.1035539215686275 0.0751633986928105
1 0.8167892156862745 0.8925653594771242 0.0248161764705882 0.1303104575163399
1 0.7861519607843137 0.8729575163398693 0.0263480392156863 0.1352124183006536
1 0.7558210784313726 0.8586601307189542 0.0257352941176471 0.1258169934640523
1 0.7288602941176471 0.8394607843137255 0.0211397058823529 0.1217320261437908
1 0.7006740196078431 0.8288398692810458 0.0275735294117647 0.1241830065359477
1 0.6455269607843137 0.8149509803921569 0.0272671568627451 0.1250000000000000
1 0.6207107843137255 0.7949346405228758 0.0171568627450980 0.1074346405228758
1 0.5974264705882353 0.7834967320261438 0.0226715686274510 0.1184640522875817
1 0.5542279411764706 0.7638888888888888 0.0165441176470588 0.1078431372549020
1 0.4126838235294117 0.8141339869281046 0.0122549019607843 0.0919117647058824
1 0.4460784313725490 0.7091503267973857 0.0162377450980392 0.0915032679738562
1 0.3820465686274510 0.7973856209150327 0.0143995098039216 0.0829248366013072
1 0.3979779411764706 0.8080065359477124 0.0119485294117647 0.0772058823529412
1 0.2879901960784313 0.8366013071895425 0.0128676470588235 0.0698529411764706
1 0.3152573529411765 0.8574346405228758 0.0303308823529412 0.0853758169934641
1 0.3936887254901961 0.9146241830065359 0.0343137254901961 0.0861928104575163
1 0.4362745098039216 0.9481209150326797 0.0450367647058824 0.0964052287581699
1 0.3498774509803921 0.8864379084967320 0.0300245098039216 0.0886437908496732
1 0.2107843137254902 0.6903594771241830 0.0284926470588235 0.0678104575163399
1 0.2509191176470588 0.7230392156862745 0.0477941176470588 0.0784313725490196
1 0.3060661764705883 0.7536764705882353 0.0493259803921569 0.0821078431372549
1 0.3550857843137255 0.7834967320261438 0.0352328431372549 0.0841503267973856
1 0.4883578431372549 0.9644607843137255 0.0370710784313725 0.0637254901960784
