1 0.4411764705882353 0.4528186274509804 0.0261437908496732 0.0502450980392157
1 0.4129901960784313 0.4528186274509804 0.0265522875816993 0.0542279411764706
1 0.3843954248366013 0.4543504901960784 0.0265522875816993 0.0542279411764706
1 0.3525326797385621 0.4577205882352941 0.0322712418300654 0.0618872549019608
1 0.3178104575163399 0.4613970588235294 0.0322712418300654 0.0618872549019608
1 0.2071078431372549 0.5382965686274510 0.0437091503267974 0.0637254901960784
1 0.2500000000000000 0.5226715686274510 0.0277777777777778 0.0637254901960784
1 0.2099673202614379 0.4721200980392157 0.0437091503267974 0.0640318627450980
1 0.1625816993464052 0.5410539215686274 0.0437091503267974 0.0640318627450980
1 0.4681372549019608 0.4497549019607843 0.0261437908496732 0.0505514705882353
1 0.2818627450980392 0.5189950980392157 0.0277777777777778 0.0637254901960784
1 0.4526143790849673 0.3670343137254902 0.0706699346405229 0.0398284313725490
1 0.6540032679738562 0.5968137254901961 0.0298202614379085 0.0398284313725490
1 0.1903594771241830 0.3774509803921569 0.1241830065359477 0.0398284313725490
1 0.3116830065359477 0.3740808823529412 0.1045751633986928 0.0373774509803922
1 0.4918300653594771 0.4457720588235294 0.0179738562091503 0.0438112745098039
1 0.5134803921568627 0.4430147058823529 0.0175653594771242 0.0444240196078431
1 0.3186274509803921 0.5196078431372549 0.0277777777777778 0.0505514705882353
1 0.3504901960784313 0.5150122549019608 0.0290032679738562 0.0505514705882353
1 0.3807189542483660 0.5119485294117647 0.0236928104575163 0.0499387254901961
1 0.4084967320261438 0.5067401960784313 0.0261437908496732 0.0484068627450980
1 0.1638071895424837 0.4767156862745098 0.0437091503267974 0.0640318627450980
1 0.6642156862745098 0.7092524509803921 0.0281862745098039 0.0373774509803922
1 0.6274509803921569 0.7254901960784313 0.0294117647058824 0.0379901960784314
1 0.5330882352941176 0.3661151960784313 0.0690359477124183 0.0389093137254902
1 0.8018790849673203 0.3844975490196079 0.0306372549019608 0.0557598039215686
1 0.3860294117647059 0.1783088235294118 0.0433006535947712 0.1660539215686274
1 0.7920751633986928 0.4402573529411765 0.0273692810457516 0.0477941176470588
1 0.6192810457516340 0.7659313725490197 0.0318627450980392 0.0315563725490196
1 0.6127450980392157 0.8072916666666666 0.0310457516339869 0.0309436274509804
1 0.6556372549019608 0.7864583333333334 0.0359477124183007 0.0306372549019608
1 0.6658496732026143 0.7487745098039216 0.0347222222222222 0.0337009803921569
1 0.7005718954248366 0.7285539215686274 0.0232843137254902 0.0266544117647059
1 0.7287581699346405 0.7150735294117647 0.0187908496732026 0.0269607843137255
1 0.7001633986928104 0.7674632352941176 0.0281862745098039 0.0425857843137255
1 0.7271241830065359 0.7487745098039216 0.0200163398692810 0.0312500000000000
1 0.7295751633986928 0.6829044117647058 0.0249183006535948 0.0266544117647059
1 0.7528594771241830 0.7340686274509803 0.0236928104575163 0.0370710784313725
1 0.7806372549019608 0.6488970588235294 0.0208333333333333 0.0294117647058824
1 0.7794117647058824 0.6850490196078431 0.0179738562091503 0.0291053921568627
1 0.7769607843137255 0.7199754901960784 0.0187908496732026 0.0275735294117647
1 0.8112745098039216 0.6357230392156863 0.0187908496732026 0.0297181372549020
1 0.8031045751633987 0.6703431372549019 0.0183823529411765 0.0303308823529412
1 0.8002450980392157 0.7037377450980392 0.0220588235294118 0.0318627450980392
1 0.8888888888888888 0.2450980392156863 0.0269607843137255 0.0937500000000000
1 0.9828431372549019 0.2634803921568628 0.0334967320261438 0.0637254901960784
1 0.7557189542483660 0.6936274509803921 0.0171568627450980 0.0382965686274510
1 0.7013888888888888 0.6951593137254902 0.0249183006535948 0.0327818627450980
1 0.8472222222222222 0.2395833333333333 0.0343137254901961 0.1044730392156863
1 0.7982026143790850 0.2319240196078431 0.0367647058823529 0.1060049019607843
1 0.7610294117647058 0.4448529411764706 0.0310457516339869 0.0502450980392157
1 0.7242647058823529 0.4463848039215687 0.0326797385620915 0.0609681372549020
1 0.8288398692810458 0.4044117647058824 0.0196078431372549 0.0958946078431373
1 0.8525326797385621 0.4016544117647059 0.0232843137254902 0.0897671568627451
1 0.7054738562091504 0.3596813725490196 0.0886437908496732 0.0330882352941176
1 0.9207516339869281 0.4243259803921569 0.0134803921568627 0.0327818627450980
1 0.8770424836601307 0.4301470588235294 0.0253267973856209 0.0355392156862745
1 0.9517973856209150 0.3906250000000000 0.0249183006535948 0.0787377450980392
1 0.6180555555555556 0.6090686274509803 0.0326797385620915 0.0410539215686275
1 0.3206699346405229 0.1700367647058824 0.0698529411764706 0.1709558823529412
1 0.2463235294117647 0.1583946078431372 0.0702614379084967 0.1850490196078431
1 0.1642156862745098 0.1479779411764706 0.0784313725490196 0.1966911764705882
1 0.0706699346405229 0.1375612745098039 0.0833333333333333 0.2092524509803922
1 0.7009803921568627 0.6541053921568627 0.0265522875816993 0.0370710784313725
1 0.4448529411764706 0.1841299019607843 0.0547385620915033 0.1568627450980392
1 0.5093954248366013 0.1963848039215686 0.0686274509803922 0.1534926470588235
1 0.5968137254901961 0.2052696078431372 0.0526960784313725 0.1335784313725490
1 0.6776960784313726 0.2159926470588235 0.0547385620915033 0.1234681372549020
1 0.7467320261437909 0.2242647058823529 0.0371732026143791 0.1161151960784314
1 0.7696078431372549 0.3848039215686275 0.0306372549019608 0.0557598039215686
1 0.6670751633986928 0.6697303921568627 0.0306372549019608 0.0392156862745098
1 0.9906045751633987 0.3887867647058824 0.0183823529411765 0.0781250000000000
1 0.4321895424836601 0.8544730392156863 0.0486111111111111 0.0428921568627451
1 0.6380718954248366 0.4295343137254902 0.0196078431372549 0.0407475490196078
1 0.6151960784313726 0.4715073529411765 0.0151143790849673 0.0413602941176471
1 0.6331699346405228 0.4705882352941176 0.0155228758169935 0.0364583333333333
1 0.5735294117647058 0.4825367647058824 0.0151143790849673 0.0398284313725490
1 0.5931372549019608 0.4797794117647059 0.0147058823529412 0.0401348039215686
1 0.0964052287581699 0.7245710784313726 0.0302287581699346 0.1219362745098039
1 0.1376633986928105 0.7153799019607843 0.0437091503267974 0.1204044117647059
1 0.1838235294117647 0.7012867647058824 0.0359477124183007 0.1185661764705882
1 0.6168300653594772 0.4301470588235294 0.0204248366013072 0.0404411764705882
1 0.2263071895424837 0.6924019607843137 0.0424836601307190 0.1182598039215686
1 0.3427287581699346 0.6295955882352942 0.0694444444444444 0.0582107843137255
1 0.4089052287581699 0.6130514705882353 0.0584150326797386 0.0514705882352941
1 0.3382352941176471 0.6936274509803921 0.0604575163398693 0.0566789215686275
1 0.4117647058823529 0.6681985294117647 0.0551470588235294 0.0563725490196078
1 0.4758986928104575 0.5965073529411765 0.0514705882352941 0.0468750000000000
1 0.5253267973856209 0.5827205882352942 0.0408496732026144 0.0438112745098039
1 0.4722222222222222 0.6482843137254902 0.0531045751633987 0.0419730392156863
1 0.5269607843137255 0.6314338235294118 0.0457516339869281 0.0425857843137255
1 0.2741013071895425 0.6819852941176471 0.0428921568627451 0.1185661764705882
1 0.5767973856209150 0.5698529411764706 0.0412581699346405 0.0438112745098039
1 0.5976307189542484 0.4365808823529412 0.0163398692810458 0.0431985294117647
1 0.9444444444444444 0.4773284313725490 0.0134803921568627 0.0211397058823529
1 0.5404411764705882 0.8504901960784313 0.0302287581699346 0.0435049019607843
1 0.4914215686274510 0.8740808823529411 0.0388071895424837 0.0523897058823529
1 0.5763888888888888 0.7830882352941176 0.0273692810457516 0.0327818627450980
1 0.5371732026143791 0.8042279411764706 0.0392156862745098 0.0358455882352941
1 0.5563725490196079 0.4856004901960784 0.0171568627450980 0.0431985294117647
1 0.5330882352941176 0.4883578431372549 0.0187908496732026 0.0450367647058824
1 0.5580065359477124 0.4405637254901961 0.0187908496732026 0.0401348039215686
1 0.5355392156862745 0.4417892156862745 0.0208333333333333 0.0444240196078431
1 0.5780228758169934 0.4375000000000000 0.0183823529411765 0.0438112745098039
1 0.5114379084967320 0.4892769607843137 0.0187908496732026 0.0435049019607843
1 0.4632352941176471 0.5003063725490197 0.0196078431372549 0.0450367647058824
1 0.4379084967320261 0.5024509803921569 0.0253267973856209 0.0450367647058824
1 0.4321895424836601 0.8042279411764706 0.0482026143790850 0.0428921568627451
1 0.6303104575163399 0.6810661764705882 0.0228758169934641 0.0419730392156863
1 0.7916666666666666 0.5542279411764706 0.0245098039215686 0.0355392156862745
1 0.9620098039215687 0.4981617647058824 0.0142973856209150 0.0327818627450980
1 0.9824346405228758 0.4938725490196079 0.0171568627450980 0.0297181372549020
1 0.9444444444444444 0.5033700980392157 0.0134803921568627 0.0251225490196078
1 0.4877450980392157 0.4957107843137255 0.0224673202614379 0.0401348039215686
1 0.5772058823529411 0.8223039215686274 0.0322712418300654 0.0364583333333333
1 0.5776143790849673 0.6182598039215687 0.0363562091503268 0.0407475490196078
1 0.6605392156862745 0.5514705882352942 0.0330882352941176 0.0471813725490196
1 0.4325980392156863 0.9016544117647058 0.0486111111111111 0.0428921568627451
1 0.8921568627450981 0.6274509803921569 0.0404411764705882 0.0248161764705882
1 0.8819444444444444 0.6587009803921569 0.0388071895424837 0.0214460784313725
1 0.9256535947712419 0.6464460784313726 0.0175653594771242 0.0245098039215686
1 0.9240196078431373 0.6161151960784313 0.0196078431372549 0.0294117647058824
1 0.1352124183006536 0.8658088235294118 0.0800653594771242 0.0530024509803922
1 0.1368464052287582 0.9270833333333334 0.0800653594771242 0.0530024509803922
1 0.1409313725490196 0.9791666666666666 0.0759803921568627 0.0416666666666667
1 0.4885620915032680 0.7322303921568627 0.0457516339869281 0.0386029411764706
1 0.2271241830065359 0.8884803921568627 0.0694444444444444 0.0484068627450980
1 0.3059640522875817 0.8072916666666666 0.0625000000000000 0.0523897058823529
1 0.3022875816993464 0.8648897058823529 0.0641339869281046 0.0496323529411765
1 0.3035130718954248 0.9169730392156863 0.0571895424836601 0.0438112745098039
1 0.3039215686274510 0.9687500000000000 0.0580065359477124 0.0459558823529412
1 0.3717320261437909 0.8293504901960784 0.0567810457516340 0.0487132352941176
1 0.3721405228758170 0.8848039215686274 0.0567810457516340 0.0487132352941176
1 0.3750000000000000 0.9390318627450981 0.0567810457516340 0.0487132352941176
1 0.4325980392156863 0.7558210784313726 0.0526960784313725 0.0453431372549020
1 0.2238562091503268 0.9451593137254902 0.0698529411764706 0.0484068627450980
1 0.6209150326797386 0.5625000000000000 0.0322712418300654 0.0471813725490196
1 0.5416666666666666 0.7144607843137255 0.0428921568627451 0.0386029411764706
1 0.4881535947712418 0.7830882352941176 0.0486111111111111 0.0444240196078431
1 0.7606209150326797 0.5238970588235294 0.0339052287581699 0.0376838235294118
1 0.7585784313725490 0.5652573529411765 0.0322712418300654 0.0392156862745098
1 0.6936274509803921 0.5784313725490197 0.0232843137254902 0.0428921568627451
1 0.9109477124183006 0.4938725490196079 0.0151143790849673 0.0226715686274510
1 0.9064542483660131 0.5205269607843137 0.0155228758169935 0.0208333333333333
1 0.8100490196078431 0.5156250000000000 0.0163398692810458 0.0260416666666667
1 0.8296568627450981 0.5162377450980392 0.0147058823529412 0.0226715686274510
1 0.8517156862745098 0.5327818627450981 0.0159313725490196 0.0220588235294118
1 0.8529411764705882 0.5088848039215687 0.0151143790849673 0.0232843137254902
1 0.8709150326797386 0.5064338235294118 0.0130718954248366 0.0229779411764706
1 0.8676470588235294 0.5306372549019608 0.0134803921568627 0.0193014705882353
1 0.8153594771241830 0.5456495098039216 0.0163398692810458 0.0260416666666667
1 0.8300653594771242 0.5422794117647058 0.0122549019607843 0.0245098039215686
1 0.9861111111111112 0.5588235294117647 0.0277777777777778 0.0260416666666667
1 0.9791666666666666 0.5876225490196079 0.0416666666666667 0.0223651960784314
1 0.9746732026143791 0.6121323529411765 0.0461601307189543 0.0205269607843137
1 0.4918300653594771 0.8268995098039216 0.0392156862745098 0.0358455882352941
1 0.5792483660130719 0.7487745098039216 0.0367647058823529 0.0260416666666667
1 0.5379901960784313 0.7619485294117647 0.0383986928104575 0.0447303921568627
1 0.5919117647058824 0.7000612745098039 0.0428921568627451 0.0382965686274510
