1 0.1324218750000000 0.2531250000000000 0.0464843750000000 0.0286458333333333
1 0.1339843750000000 0.2901041666666667 0.0414062500000000 0.0307291666666667
1 0.0335937500000000 0.2333333333333333 0.0675781250000000 0.0385416666666667
1 0.0171875000000000 0.3932291666666667 0.0320312500000000 0.0963541666666667
1 0.0847656250000000 0.4000000000000000 0.0253906250000000 0.0895833333333333
1 0.1265625000000000 0.3973958333333333 0.0382812500000000 0.0276041666666667
1 0.1296875000000000 0.4281250000000000 0.0367187500000000 0.0218750000000000
1 0.1714843750000000 0.4270833333333333 0.0398437500000000 0.0348958333333333
1 0.2195312500000000 0.2317708333333333 0.0675781250000000 0.0578125000000000
1 0.0535156250000000 0.3906250000000000 0.0265625000000000 0.1052083333333333
1 0.2355468750000000 0.2817708333333334 0.0652343750000000 0.0411458333333333
1 0.4984375000000000 0.2328125000000000 0.0515625000000000 0.0442708333333333
1 0.3109375000000000 0.2187500000000000 0.0937500000000000 0.0583333333333333
1 0.3839843750000000 0.2838541666666667 0.0527343750000000 0.0453125000000000
1 0.4398437500000000 0.2864583333333333 0.0492187500000000 0.0380208333333333
1 0.4390625000000000 0.2390625000000000 0.0531250000000000 0.0468750000000000
1 0.4976562500000000 0.2802083333333333 0.0593750000000000 0.0411458333333333
1 0.5605468750000000 0.2859375000000000 0.0621093750000000 0.0333333333333333
1 0.5644531250000000 0.2354166666666667 0.0589843750000000 0.0427083333333333
1 0.6296875000000000 0.2796875000000000 0.0683593750000000 0.0489583333333333
1 0.6960937500000000 0.2375000000000000 0.0636718750000000 0.0380208333333333
1 0.6980468750000000 0.2817708333333334 0.0574218750000000 0.0442708333333333
1 0.3132812500000000 0.2760416666666667 0.0820312500000000 0.0531250000000000
1 0.7718750000000000 0.2838541666666667 0.0757812500000000 0.0453125000000000
1 0.2699218750000000 0.9156250000000000 0.0421875000000000 0.0244791666666667
1 0.7753906250000000 0.2291666666666667 0.0734375000000000 0.0369791666666667
1 0.4808593750000000 0.0713541666666667 0.0558593750000000 0.0468750000000000
1 0.4824218750000000 0.1260416666666667 0.0542968750000000 0.0447916666666667
1 0.4246093750000000 0.0760416666666667 0.0457031250000000 0.0562500000000000
1 0.4199218750000000 0.1302083333333333 0.0421875000000000 0.0348958333333333
1 0.3597656250000000 0.0744791666666667 0.0613281250000000 0.0593750000000000
1 0.3640625000000000 0.1286458333333333 0.0589843750000000 0.0489583333333333
1 0.3066406250000000 0.0807291666666667 0.0421875000000000 0.1500000000000000
1 0.2457031250000000 0.0645833333333333 0.0652343750000000 0.0567708333333333
1 0.2488281250000000 0.1260416666666667 0.0593750000000000 0.0588541666666667
1 0.1941406250000000 0.1119791666666667 0.0238281250000000 0.0786458333333333
1 0.1464843750000000 0.0791666666666667 0.0503906250000000 0.0401041666666667
1 0.1484375000000000 0.1317708333333333 0.0539062500000000 0.0421875000000000
1 0.0738281250000000 0.0541666666666667 0.0304687500000000 0.0416666666666667
1 0.1031250000000000 0.1156250000000000 0.0230468750000000 0.0687500000000000
1 0.0761718750000000 0.1166666666666667 0.0195312500000000 0.0713541666666667
1 0.0382812500000000 0.1354166666666667 0.0406250000000000 0.0322916666666667
1 0.0351562500000000 0.1031250000000000 0.0347656250000000 0.0328125000000000
1 0.5511718750000000 0.0703125000000000 0.0636718750000000 0.0484375000000000
1 0.5500000000000000 0.1276041666666667 0.0707031250000000 0.0510416666666667
1 0.6292968750000000 0.1052083333333333 0.0226562500000000 0.0828125000000000
1 0.6035156250000000 0.1036458333333333 0.0238281250000000 0.0796875000000000
1 0.9683593750000000 0.8963541666666667 0.0625000000000000 0.1125000000000000
1 0.9105468750000000 0.9026041666666667 0.0484375000000000 0.0776041666666667
1 0.8371093750000000 0.9130208333333333 0.0937500000000000 0.0567708333333333
1 0.8667968750000000 0.7421875000000000 0.1238281250000000 0.1062500000000000
1 0.9722656250000000 0.7505208333333333 0.0382812500000000 0.0973958333333333
1 0.9750000000000000 0.5984375000000000 0.0511718750000000 0.0807291666666667
1 0.9332031250000000 0.5869791666666667 0.0277343750000000 0.0671875000000000
1 0.8929687500000000 0.5963541666666666 0.0335937500000000 0.0645833333333333
1 0.1664062500000000 0.3864583333333333 0.0410156250000000 0.0307291666666667
1 0.8472656250000000 0.5958333333333333 0.0433593750000000 0.0734375000000000
1 0.9742187500000000 0.2583333333333334 0.0519531250000000 0.0947916666666667
1 0.8984375000000000 0.4932291666666667 0.0355468750000000 0.1364583333333333
1 0.8824218750000000 0.3973958333333333 0.0289062500000000 0.1708333333333333
1 0.8437500000000000 0.3776041666666667 0.0457031250000000 0.1072916666666667
1 0.8859375000000000 0.1598958333333333 0.0250000000000000 0.1635416666666667
1 0.8167968750000000 0.1140625000000000 0.0925781250000000 0.0718750000000000
1 0.7226562500000000 0.0932291666666667 0.0582031250000000 0.1072916666666667
1 0.6660156250000000 0.0979166666666667 0.0453125000000000 0.1036458333333333
1 0.9562500000000000 0.4218750000000000 0.0343750000000000 0.0796875000000000
1 0.2222656250000000 0.3828125000000000 0.0667968750000000 0.0380208333333333
1 0.0417968750000000 0.2848958333333333 0.0585937500000000 0.0411458333333333
1 0.2824218750000000 0.4276041666666667 0.0605468750000000 0.0354166666666667
1 0.3066406250000000 0.7843750000000000 0.0351562500000000 0.0244791666666667
1 0.3007812500000000 0.7520833333333333 0.0375000000000000 0.0312500000000000
1 0.3496093750000000 0.7458333333333333 0.0503906250000000 0.0276041666666667
1 0.3535156250000000 0.7791666666666667 0.0511718750000000 0.0291666666666667
1 0.4007812500000000 0.7567708333333333 0.0398437500000000 0.0307291666666667
1 0.4054687500000000 0.7875000000000000 0.0359375000000000 0.0265625000000000
1 0.4460937500000000 0.7859375000000000 0.0367187500000000 0.0270833333333333
1 0.4914062500000000 0.7567708333333333 0.0398437500000000 0.0276041666666667
1 0.4917968750000000 0.7869791666666667 0.0367187500000000 0.0244791666666667
1 0.5328125000000000 0.7635416666666667 0.0386718750000000 0.0682291666666667
1 0.5824218750000000 0.7531250000000000 0.0480468750000000 0.0380208333333333
1 0.5800781250000000 0.7875000000000000 0.0453125000000000 0.0265625000000000
1 0.6781250000000000 0.7677083333333333 0.0238281250000000 0.0666666666666667
1 0.7093750000000000 0.7661458333333333 0.0339843750000000 0.0697916666666667
1 0.7437500000000000 0.7687500000000000 0.0289062500000000 0.0796875000000000
1 0.7804687500000000 0.7682291666666666 0.0382812500000000 0.0838541666666667
1 0.7421875000000000 0.6572916666666667 0.0355468750000000 0.0828125000000000
1 0.7871093750000000 0.6473958333333333 0.0492187500000000 0.0380208333333333
1 0.7835937500000000 0.6864583333333333 0.0421875000000000 0.0244791666666667
1 0.7042968750000000 0.6536458333333334 0.0343750000000000 0.0744791666666667
1 0.6562500000000000 0.6791666666666667 0.0496093750000000 0.0286458333333333
1 0.6585937500000000 0.6427083333333333 0.0496093750000000 0.0317708333333333
1 0.6031250000000000 0.6713541666666667 0.0574218750000000 0.0364583333333333
1 0.5488281250000000 0.6776041666666667 0.0468750000000000 0.0255208333333333
1 0.5460937500000000 0.6468750000000000 0.0402343750000000 0.0312500000000000
1 0.0324218750000000 0.7505208333333333 0.0203125000000000 0.0697916666666667
1 0.0707031250000000 0.7770833333333333 0.0429687500000000 0.0296875000000000
1 0.0703125000000000 0.7416666666666667 0.0472656250000000 0.0286458333333333
1 0.1140625000000000 0.7755208333333333 0.0355468750000000 0.0239583333333333
1 0.3140625000000000 0.9156250000000000 0.0429687500000000 0.0218750000000000
1 0.3640625000000000 0.9052083333333333 0.0421875000000000 0.0484375000000000
1 0.4058593750000000 0.9031250000000000 0.0339843750000000 0.0546875000000000
1 0.4378906250000000 0.8947916666666667 0.0230468750000000 0.0630208333333333
1 0.4703125000000000 0.8958333333333334 0.0285156250000000 0.0640625000000000
1 0.5152343750000000 0.9104166666666667 0.0468750000000000 0.0447916666666667
1 0.5570312500000000 0.9114583333333334 0.0230468750000000 0.0395833333333333
1 0.5859375000000000 0.8854166666666666 0.0250000000000000 0.0854166666666667
1 0.6167968750000000 0.9052083333333333 0.0277343750000000 0.0489583333333333
1 0.6605468750000000 0.9281250000000000 0.0484375000000000 0.0187500000000000
1 0.6628906250000000 0.9031250000000000 0.0437500000000000 0.0223958333333333
1 0.7101562500000000 0.9250000000000000 0.0421875000000000 0.0244791666666667
1 0.4585937500000000 0.6776041666666667 0.0433593750000000 0.0286458333333333
1 0.1804687500000000 0.9093750000000000 0.0468750000000000 0.0276041666666667
1 0.7632812500000000 0.8916666666666667 0.0445312500000000 0.0286458333333333
1 0.7101562500000000 0.8968750000000000 0.0449218750000000 0.0354166666666667
1 0.2222656250000000 0.4276041666666667 0.0550781250000000 0.0354166666666667
1 0.1437500000000000 0.8963541666666667 0.0214843750000000 0.0411458333333333
1 0.1074218750000000 0.8979166666666667 0.0410156250000000 0.0442708333333333
1 0.0648437500000000 0.8911458333333333 0.0335937500000000 0.0432291666666667
1 0.0273437500000000 0.8843750000000000 0.0300781250000000 0.0593750000000000
1 0.2632812500000000 0.7609375000000000 0.0324218750000000 0.0619791666666667
1 0.2144531250000000 0.7447916666666666 0.0589843750000000 0.0255208333333333
1 0.2195312500000000 0.7828125000000000 0.0566406250000000 0.0276041666666667
1 0.1566406250000000 0.7442708333333333 0.0515625000000000 0.0276041666666667
1 0.1613281250000000 0.7807291666666667 0.0480468750000000 0.0229166666666667
1 0.7640625000000000 0.9244791666666666 0.0488281250000000 0.0229166666666667
1 0.4550781250000000 0.6421875000000000 0.0386718750000000 0.0364583333333333
1 0.2265625000000000 0.9119791666666667 0.0386718750000000 0.0192708333333333
1 0.3394531250000000 0.6322916666666667 0.0570312500000000 0.0390625000000000
1 0.5089843750000000 0.5223958333333333 0.0484375000000000 0.0265625000000000
1 0.5648437500000000 0.5453125000000000 0.0582031250000000 0.0484375000000000
1 0.6234375000000000 0.5119791666666667 0.0562500000000000 0.0432291666666667
1 0.6214843750000000 0.5567708333333333 0.0578125000000000 0.0286458333333333
1 0.6789062500000000 0.5604166666666667 0.0507812500000000 0.0291666666666667
1 0.6808593750000000 0.5213541666666667 0.0527343750000000 0.0364583333333333
1 0.7464843750000000 0.5187500000000000 0.0597656250000000 0.0380208333333333
1 0.7406250000000000 0.5619791666666667 0.0667968750000000 0.0328125000000000
1 0.7980468750000000 0.5593750000000000 0.0390625000000000 0.0244791666666667
1 0.2917968750000000 0.3677083333333334 0.0558593750000000 0.0453125000000000
1 0.3515625000000000 0.4187500000000000 0.0667968750000000 0.0458333333333333
1 0.3566406250000000 0.3625000000000000 0.0640625000000000 0.0427083333333333
1 0.4187500000000000 0.3921875000000000 0.0402343750000000 0.0942708333333333
1 0.4578125000000000 0.4083333333333333 0.0332031250000000 0.0817708333333333
1 0.5273437500000000 0.4093750000000000 0.0300781250000000 0.0765625000000000
1 0.8109375000000000 0.5203125000000000 0.0542968750000000 0.0286458333333333
1 0.6191406250000000 0.4255208333333333 0.0550781250000000 0.0348958333333333
1 0.6187500000000000 0.3838541666666667 0.0562500000000000 0.0333333333333333
1 0.6773437500000000 0.3854166666666667 0.0542968750000000 0.0427083333333333
1 0.6777343750000000 0.4312500000000000 0.0507812500000000 0.0302083333333333
1 0.7386718750000000 0.4239583333333333 0.0628906250000000 0.0385416666666667
1 0.7949218750000000 0.4229166666666667 0.0394531250000000 0.0348958333333333
1 0.7949218750000000 0.3796875000000000 0.0398437500000000 0.0411458333333333
1 0.7382812500000000 0.3765625000000000 0.0621093750000000 0.0442708333333333
1 0.4019531250000000 0.6682291666666667 0.0558593750000000 0.0458333333333333
1 0.5089843750000000 0.5609375000000000 0.0480468750000000 0.0276041666666667
1 0.4562500000000000 0.5489583333333333 0.0527343750000000 0.0427083333333333
1 0.5667968750000000 0.3953125000000000 0.0378906250000000 0.0901041666666667
1 0.4031250000000000 0.5208333333333334 0.0515625000000000 0.0291666666666667
1 0.3414062500000000 0.6739583333333333 0.0574218750000000 0.0276041666666667
1 0.4054687500000000 0.5562500000000000 0.0488281250000000 0.0276041666666667
1 0.2816406250000000 0.6729166666666667 0.0539062500000000 0.0348958333333333
1 0.2796875000000000 0.6343750000000000 0.0574218750000000 0.0401041666666667
1 0.2300781250000000 0.6463541666666667 0.0347656250000000 0.0182291666666667
1 0.2332031250000000 0.6750000000000000 0.0425781250000000 0.0255208333333333
1 0.1855468750000000 0.6390625000000000 0.0433593750000000 0.0307291666666667
1 0.1878906250000000 0.6729166666666667 0.0386718750000000 0.0276041666666667
1 0.1156250000000000 0.6421875000000000 0.0296875000000000 0.0729166666666667
1 0.0800781250000000 0.6385416666666667 0.0253906250000000 0.0781250000000000
1 0.0328125000000000 0.6177083333333333 0.0394531250000000 0.0395833333333333
1 0.0355468750000000 0.6661458333333333 0.0507812500000000 0.0322916666666667
1 0.0371093750000000 0.5515625000000000 0.0539062500000000 0.0276041666666667
1 0.0363281250000000 0.5125000000000000 0.0550781250000000 0.0286458333333333
1 0.1472656250000000 0.6411458333333333 0.0269531250000000 0.0843750000000000
1 0.1136718750000000 0.5291666666666667 0.0257812500000000 0.0854166666666667
1 0.0835937500000000 0.5322916666666667 0.0277343750000000 0.0880208333333333
1 0.3078125000000000 0.5546875000000000 0.0464843750000000 0.0307291666666667
1 0.3062500000000000 0.5213541666666667 0.0414062500000000 0.0302083333333333
1 0.2500000000000000 0.5479166666666667 0.0687500000000000 0.0437500000000000
1 0.2472656250000000 0.4979166666666667 0.0648437500000000 0.0359375000000000
1 0.1886718750000000 0.5473958333333333 0.0445312500000000 0.0427083333333333
1 0.1832031250000000 0.5010416666666667 0.0621093750000000 0.0359375000000000
1 0.1406250000000000 0.5265625000000000 0.0218750000000000 0.0723958333333333
1 0.3535156250000000 0.5260416666666666 0.0453125000000000 0.0333333333333333
1 0.3546875000000000 0.5604166666666667 0.0429687500000000 0.0265625000000000
