1 0.1384803921568628 0.4666053921568628 0.1568627450980392 0.0177696078431373
1 0.3137254901960784 0.3780637254901961 0.1732026143790850 0.0272671568627451
1 0.3112745098039216 0.4672181372549020 0.1744281045751634 0.0269607843137255
1 0.3145424836601307 0.4390318627450980 0.1695261437908497 0.0287990196078431
1 0.6250000000000000 0.2723651960784313 0.1776960784313726 0.0257352941176471
1 0.6262254901960784 0.3011642156862745 0.1764705882352941 0.0269607843137255
1 0.1372549019607843 0.4402573529411765 0.1576797385620915 0.0263480392156863
1 0.3133169934640523 0.4083946078431372 0.1699346405228758 0.0275735294117647
1 0.1413398692810457 0.4126838235294117 0.1523692810457516 0.0208333333333333
1 0.3075980392156863 0.2738970588235294 0.1531862745098039 0.0223651960784314
1 0.4595588235294117 0.3232230392156863 0.1446078431372549 0.0199142156862745
1 0.4566993464052287 0.3008578431372549 0.1474673202614379 0.0205269607843137
1 0.4603758169934640 0.2778799019607843 0.1486928104575163 0.0186887254901961
1 0.3071895424836601 0.3229166666666667 0.1486928104575163 0.0186887254901961
1 0.3051470588235294 0.2996323529411765 0.1482843137254902 0.0232843137254902
1 0.6245915032679739 0.3253676470588235 0.1850490196078431 0.0174632352941176
1 0.1413398692810457 0.3201593137254902 0.1740196078431372 0.0217524509803922
1 0.1425653594771242 0.2928921568627451 0.1740196078431372 0.0260416666666667
1 0.1450163398692811 0.2637867647058824 0.1703431372549020 0.0260416666666667
1 0.9240196078431373 0.2107843137254902 0.1515522875816993 0.0171568627450980
1 0.1433823529411765 0.3835784313725490 0.1503267973856209 0.0223651960784314
1 0.4906045751633987 0.3789828431372549 0.1736111111111111 0.0297181372549020
1 0.1409313725490196 0.0790441176470588 0.1617647058823529 0.0193014705882353
1 0.4918300653594771 0.4387254901960784 0.1781045751633987 0.0275735294117647
1 0.1327614379084967 0.1825980392156863 0.1650326797385621 0.0232843137254902
1 0.1343954248366013 0.1556372549019608 0.1683006535947713 0.0208333333333333
1 0.4444444444444444 0.1038602941176471 0.1401143790849673 0.0202205882352941
1 0.9424019607843137 0.4102328431372549 0.1151960784313725 0.0257352941176471
1 0.8080065359477124 0.4678308823529412 0.1527777777777778 0.0254289215686275
1 0.8112745098039216 0.4408700980392157 0.1376633986928105 0.0275735294117647
1 0.8092320261437909 0.4102328431372549 0.1474673202614379 0.0281862745098039
1 0.6568627450980392 0.4381127450980392 0.1441993464052287 0.0260416666666667
1 0.6568627450980392 0.4083946078431372 0.1462418300653595 0.0251225490196078
1 0.4918300653594771 0.4087009803921569 0.1781045751633987 0.0287990196078431
1 0.4452614379084967 0.0830269607843137 0.1462418300653595 0.0217524509803922
1 0.2977941176470588 0.1050857843137255 0.1441993464052287 0.0134803921568627
1 0.2986111111111111 0.0839460784313725 0.1376633986928105 0.0217524509803922
1 0.3002450980392157 0.0603553921568627 0.1409313725490196 0.0193014705882353
1 0.1392973856209150 0.1001838235294118 0.1646241830065359 0.0168504901960784
1 0.1429738562091503 0.0536151960784314 0.1638071895424837 0.0263480392156863
1 0.7896241830065359 0.3216911764705883 0.1446078431372549 0.0229779411764706
1 0.7892156862745098 0.2959558823529412 0.1441993464052287 0.0269607843137255
1 0.7908496732026143 0.2680759803921569 0.1437908496732026 0.0257352941176471
1 0.4906045751633987 0.4656862745098039 0.1793300653594771 0.0254289215686275
1 0.4485294117647059 0.0603553921568627 0.1446078431372549 0.0232843137254902
1 0.6548202614379085 0.4666053921568628 0.1397058823529412 0.0254289215686275
1 0.9366830065359477 0.3198529411764706 0.1270424836601307 0.0208333333333333
1 0.1307189542483660 0.2077205882352941 0.1666666666666667 0.0211397058823529
1 0.1282679738562091 0.7469362745098039 0.1617647058823529 0.0361519607843137
1 0.1241830065359477 0.7818627450980392 0.1650326797385621 0.0303308823529412
1 0.3116830065359477 0.6819852941176471 0.1805555555555556 0.0333946078431373
1 0.3080065359477124 0.7169117647058824 0.1817810457516340 0.0327818627450980
1 0.3051470588235294 0.7493872549019608 0.1813725490196078 0.0309436274509804
1 0.3006535947712418 0.7837009803921569 0.1834150326797385 0.0312500000000000
1 0.4934640522875817 0.7827818627450981 0.1928104575163399 0.0284926470588235
1 0.4930555555555556 0.7500000000000000 0.1866830065359477 0.0275735294117647
1 0.1303104575163399 0.7080269607843137 0.1638071895424837 0.0382965686274510
1 0.5020424836601307 0.7172181372549019 0.1903594771241830 0.0303308823529412
1 0.6723856209150327 0.6871936274509803 0.1519607843137255 0.0278799019607843
1 0.6756535947712419 0.7199754901960784 0.1482843137254902 0.0309436274509804
1 0.6683006535947712 0.7539828431372549 0.1523692810457516 0.0278799019607843
1 0.6687091503267973 0.7849264705882353 0.1507352941176471 0.0312500000000000
1 0.8333333333333334 0.7193627450980392 0.1560457516339869 0.0260416666666667
1 0.8292483660130719 0.7530637254901961 0.1535947712418301 0.0300245098039216
1 0.8280228758169934 0.7843137254901961 0.1568627450980392 0.0281862745098039
1 0.9558823529411765 0.6936274509803921 0.0870098039215686 0.0254289215686275
1 0.4987745098039216 0.6847426470588235 0.1842320261437909 0.0287990196078431
1 0.1172385620915033 0.6194852941176471 0.1678921568627451 0.0232843137254902
1 0.1209150326797386 0.5912990196078431 0.1670751633986928 0.0251225490196078
1 0.1233660130718954 0.5631127450980392 0.1662581699346405 0.0251225490196078
1 0.9411764705882353 0.5315563725490197 0.1164215686274510 0.0300245098039216
1 0.9440359477124183 0.5621936274509803 0.1127450980392157 0.0294117647058824
1 0.9444444444444444 0.5900735294117647 0.1115196078431373 0.0238970588235294
1 0.9448529411764706 0.6164215686274510 0.1098856209150327 0.0272671568627451
1 0.8055555555555556 0.5579044117647058 0.1540032679738562 0.0251225490196078
1 0.8026960784313726 0.5879289215686274 0.1482843137254902 0.0254289215686275
1 0.8035130718954249 0.6191789215686274 0.1552287581699346 0.0257352941176471
1 0.6486928104575164 0.5582107843137255 0.1523692810457516 0.0242034313725490
1 0.6474673202614379 0.5897671568627451 0.1470588235294118 0.0278799019607843
1 0.6495098039215687 0.6176470588235294 0.1482843137254902 0.0248161764705882
1 0.4873366013071895 0.5266544117647058 0.1809640522875817 0.0294117647058824
1 0.4799836601307190 0.5563725490196079 0.1797385620915033 0.0278799019607843
1 0.4783496732026144 0.5879289215686274 0.1764705882352941 0.0254289215686275
1 0.4771241830065360 0.6148897058823529 0.1801470588235294 0.0263480392156863
1 0.3035130718954248 0.5263480392156863 0.1752450980392157 0.0297181372549020
1 0.2977941176470588 0.5569852941176471 0.1723856209150327 0.0294117647058824
1 0.2986111111111111 0.5870098039215687 0.1740196078431372 0.0275735294117647
1 0.2941176470588235 0.6176470588235294 0.1793300653594771 0.0287990196078431
1 0.1262254901960784 0.5352328431372549 0.1658496732026144 0.0269607843137255
1 0.9579248366013072 0.7227328431372549 0.0829248366013072 0.0257352941176471
1 0.9354575163398693 0.2941176470588235 0.1270424836601307 0.0263480392156863
1 0.9558823529411765 0.7515318627450981 0.0894607843137255 0.0242034313725490
1 0.1793300653594771 0.8762254901960784 0.1968954248366013 0.0386029411764706
1 0.9089052287581699 0.0569852941176471 0.1372549019607843 0.0235906862745098
1 0.7769607843137255 0.2098651960784314 0.1413398692810457 0.0186887254901961
1 0.6135620915032680 0.2098651960784314 0.1683006535947713 0.0186887254901961
1 0.7749183006535948 0.1853553921568628 0.1343954248366013 0.0263480392156863
1 0.7728758169934641 0.1571691176470588 0.1437908496732026 0.0217524509803922
1 0.6111111111111112 0.1587009803921569 0.1695261437908497 0.0248161764705882
1 0.7622549019607843 0.1032475490196078 0.1368464052287582 0.0189950980392157
1 0.6037581699346405 0.1041666666666667 0.1707516339869281 0.0193014705882353
1 0.9121732026143791 0.0818014705882353 0.1441993464052287 0.0226715686274510
1 0.7634803921568627 0.0796568627450980 0.1392973856209150 0.0266544117647059
1 0.7655228758169934 0.0523897058823529 0.1409313725490196 0.0180759803921569
1 0.6066176470588235 0.0520833333333333 0.1662581699346405 0.0232843137254902
1 0.4444444444444444 0.2132352941176471 0.1450163398692811 0.0183823529411765
1 0.4448529411764706 0.1917892156862745 0.1515522875816993 0.0220588235294118
1 0.4464869281045752 0.1672794117647059 0.1466503267973856 0.0226715686274510
1 0.2928921568627451 0.2129289215686274 0.1486928104575163 0.0186887254901961
1 0.2916666666666667 0.1896446078431372 0.1462418300653595 0.0235906862745098
1 0.2957516339869281 0.1657475490196078 0.1433823529411765 0.0214460784313725
1 0.6070261437908496 0.0796568627450980 0.1719771241830065 0.0269607843137255
1 0.9154411764705882 0.1038602941176471 0.1482843137254902 0.0177696078431373
1 0.9195261437908496 0.1580882352941176 0.1392973856209150 0.0287990196078431
1 0.9236111111111112 0.1871936274509804 0.1527777777777778 0.0266544117647059
1 0.1727941176470588 0.9163602941176471 0.1956699346405229 0.0395220588235294
1 0.1727941176470588 0.9577205882352942 0.1952614379084967 0.0364583333333333
1 0.3884803921568628 0.8544730392156863 0.1944444444444444 0.0315563725490196
1 0.3848039215686275 0.8884803921568627 0.1928104575163399 0.0346200980392157
1 0.3778594771241830 0.9237132352941176 0.1932189542483660 0.0337009803921569
1 0.3778594771241830 0.9589460784313726 0.1952614379084967 0.0340073529411765
1 0.5870098039215687 0.8538602941176471 0.1964869281045752 0.0330882352941176
1 0.5857843137254902 0.8893995098039216 0.1997549019607843 0.0370710784313725
1 0.5874183006535948 0.9249387254901961 0.1997549019607843 0.0327818627450980
1 0.5894607843137255 0.9595588235294118 0.2009803921568628 0.0330882352941176
1 0.7973856209150327 0.8924632352941176 0.1654411764705882 0.0284926470588235
1 0.8022875816993464 0.9267769607843137 0.1642156862745098 0.0355392156862745
1 0.8112745098039216 0.9638480392156863 0.1597222222222222 0.0349264705882353
1 0.9538398692810458 0.8915441176470589 0.0939542483660131 0.0327818627450980
1 0.9550653594771242 0.9264705882352942 0.0910947712418301 0.0340073529411765
1 0.9546568627450981 0.9595588235294118 0.0902777777777778 0.0306372549019608
1 0.9362745098039216 0.2680759803921569 0.1282679738562091 0.0235906862745098
1 0.9444444444444444 0.4632352941176471 0.1115196078431373 0.0242034313725490
1 0.9432189542483660 0.4365808823529412 0.1143790849673203 0.0275735294117647
1 0.9558823529411765 0.7827818627450981 0.0890522875816993 0.0309436274509804
1 0.6156045751633987 0.1868872549019608 0.1727941176470588 0.0248161764705882
