1 0.5432291666666667 0.3898437500000000 0.0380208333333333 0.0765625000000000
1 0.5031250000000000 0.3917968750000000 0.0406250000000000 0.0761718750000000
1 0.4630208333333333 0.3917968750000000 0.0375000000000000 0.0820312500000000
1 0.4213541666666666 0.3949218750000000 0.0406250000000000 0.0796875000000000
1 0.3197916666666666 0.4003906250000000 0.0484375000000000 0.0792968750000000
1 0.7104166666666667 0.3832031250000000 0.0369791666666667 0.0804687500000000
1 0.6692708333333334 0.3855468750000000 0.0437500000000000 0.0828125000000000
1 0.6250000000000000 0.3859375000000000 0.0421875000000000 0.0769531250000000
1 0.3734375000000000 0.3984375000000000 0.0531250000000000 0.0800781250000000
1 0.5822916666666667 0.3882812500000000 0.0395833333333333 0.0792968750000000
1 0.7901041666666667 0.3769531250000000 0.0359375000000000 0.0726562500000000
1 0.7515625000000000 0.3796875000000000 0.0416666666666667 0.0714843750000000
1 0.0911458333333333 0.2417968750000000 0.0640625000000000 0.1027343750000000
1 0.8697916666666666 0.3726562500000000 0.0322916666666667 0.0742187500000000
1 0.7145833333333333 0.5121093750000000 0.0385416666666667 0.0628906250000000
1 0.6734375000000000 0.5160156250000000 0.0395833333333333 0.0691406250000000
1 0.5864583333333333 0.5207031250000000 0.0380208333333333 0.0679687500000000
1 0.7390625000000000 0.7511718750000000 0.0291666666666667 0.0632812500000000
1 0.7770833333333333 0.7492187500000000 0.0390625000000000 0.0667968750000000
1 0.8135416666666667 0.7457031250000000 0.0312500000000000 0.0593750000000000
1 0.8494791666666667 0.7402343750000000 0.0338541666666667 0.0640625000000000
1 0.8317708333333333 0.3738281250000000 0.0427083333333333 0.0769531250000000
1 0.3390625000000000 0.2457031250000000 0.0546875000000000 0.0859375000000000
1 0.2166666666666667 0.2457031250000000 0.0598958333333333 0.0910156250000000
1 0.1562500000000000 0.2460937500000000 0.0604166666666667 0.0949218750000000
1 0.2729166666666666 0.4027343750000000 0.0437500000000000 0.0820312500000000
1 0.0406250000000000 0.3503906250000000 0.0781250000000000 0.1015625000000000
1 0.9807291666666667 0.3695312500000000 0.0401041666666667 0.0687500000000000
1 0.9442708333333333 0.3699218750000000 0.0312500000000000 0.0730468750000000
1 0.9067708333333333 0.3710937500000000 0.0390625000000000 0.0753906250000000
1 0.2786458333333333 0.2460937500000000 0.0651041666666667 0.0902343750000000
1 0.2265625000000000 0.4031250000000000 0.0442708333333333 0.0890625000000000
1 0.2833333333333333 0.5378906250000000 0.0494791666666667 0.0851562500000000
1 0.2458333333333333 0.6613281250000000 0.0442708333333333 0.0828125000000000
1 0.1510416666666667 0.6683593750000000 0.0432291666666667 0.0828125000000000
1 0.5645833333333333 0.6328125000000000 0.0416666666666667 0.0679687500000000
1 0.6062500000000000 0.6257812500000000 0.0354166666666667 0.0699218750000000
1 0.6453125000000000 0.6207031250000000 0.0375000000000000 0.0750000000000000
1 0.6802083333333333 0.6183593750000000 0.0338541666666667 0.0687500000000000
1 0.7166666666666667 0.6148437500000000 0.0369791666666667 0.0769531250000000
1 0.7541666666666667 0.6125000000000000 0.0348958333333333 0.0691406250000000
1 0.7895833333333333 0.6109375000000000 0.0343750000000000 0.0679687500000000
1 0.8265625000000000 0.6062500000000000 0.0385416666666667 0.0593750000000000
1 0.8651041666666667 0.5953125000000000 0.0359375000000000 0.0710937500000000
1 0.8963541666666667 0.5953125000000000 0.0255208333333333 0.0710937500000000
1 0.9250000000000000 0.5910156250000000 0.0307291666666667 0.0773437500000000
1 0.9593750000000000 0.5863281250000000 0.0291666666666667 0.0699218750000000
1 0.9875000000000000 0.5828125000000000 0.0255208333333333 0.0765625000000000
1 0.0671875000000000 0.5226562500000000 0.0677083333333333 0.0839843750000000
1 0.1270833333333333 0.5464843750000000 0.0463541666666667 0.0835937500000000
1 0.1796875000000000 0.5449218750000000 0.0520833333333333 0.0847656250000000
1 0.1958333333333333 0.6648437500000000 0.0432291666666667 0.0761718750000000
1 0.8838541666666667 0.7359375000000000 0.0343750000000000 0.0597656250000000
1 0.9234375000000000 0.7304687500000000 0.0375000000000000 0.0636718750000000
1 0.9598958333333333 0.7261718750000000 0.0270833333333333 0.0597656250000000
1 0.9890625000000000 0.7218750000000000 0.0213541666666667 0.0691406250000000
1 0.0598958333333333 0.6765625000000000 0.1046875000000000 0.1250000000000000
1 0.1734375000000000 0.3972656250000000 0.0463541666666667 0.0972656250000000
1 0.5484375000000000 0.5222656250000000 0.0354166666666667 0.0722656250000000
1 0.4697916666666667 0.5289062500000000 0.0406250000000000 0.0742187500000000
1 0.4276041666666667 0.5300781250000000 0.0395833333333333 0.0722656250000000
1 0.3828125000000000 0.5335937500000000 0.0427083333333333 0.0812500000000000
1 0.3328125000000000 0.5355468750000000 0.0494791666666667 0.0804687500000000
1 0.7552083333333334 0.5097656250000000 0.0427083333333333 0.0671875000000000
1 0.2348958333333333 0.5425781250000000 0.0421875000000000 0.0808593750000000
1 0.5098958333333333 0.5242187500000000 0.0359375000000000 0.0726562500000000
1 0.7963541666666667 0.5074218750000000 0.0385416666666667 0.0601562500000000
1 0.6286458333333333 0.5179687500000000 0.0458333333333333 0.0738281250000000
1 0.8692708333333333 0.4976562500000000 0.0348958333333333 0.0648437500000000
1 0.4552083333333333 0.1113281250000000 0.0468750000000000 0.0863281250000000
1 0.5093750000000000 0.1121093750000000 0.0625000000000000 0.0847656250000000
1 0.5656250000000000 0.1136718750000000 0.0500000000000000 0.0859375000000000
1 0.6208333333333333 0.1160156250000000 0.0552083333333333 0.0816406250000000
1 0.6744791666666666 0.1175781250000000 0.0515625000000000 0.0843750000000000
1 0.7270833333333333 0.1167968750000000 0.0411458333333333 0.0832031250000000
1 0.7708333333333334 0.1160156250000000 0.0447916666666667 0.0843750000000000
1 0.8156250000000000 0.1070312500000000 0.0296875000000000 0.1039062500000000
1 0.8536458333333333 0.1015625000000000 0.0385416666666667 0.1082031250000000
1 0.8895833333333333 0.1050781250000000 0.0307291666666667 0.1074218750000000
1 0.9671875000000000 0.1054687500000000 0.0250000000000000 0.1222656250000000
1 0.9906250000000000 0.1035156250000000 0.0182291666666667 0.1218750000000000
1 0.0213541666666667 0.1343750000000000 0.0406250000000000 0.1343750000000000
1 0.3322916666666667 0.7828125000000000 0.0447916666666667 0.1152343750000000
1 0.2911458333333333 0.6574218750000000 0.0385416666666667 0.0750000000000000
1 0.3322916666666667 0.6546875000000000 0.0380208333333333 0.0812500000000000
1 0.3697916666666667 0.6531250000000000 0.0364583333333333 0.0781250000000000
1 0.4067708333333334 0.6453125000000000 0.0364583333333333 0.0808593750000000
1 0.4473958333333333 0.6410156250000000 0.0406250000000000 0.0761718750000000
1 0.4859375000000000 0.6382812500000000 0.0328125000000000 0.0734375000000000
1 0.5229166666666667 0.6351562500000000 0.0354166666666667 0.0687500000000000
1 0.2916666666666667 0.7847656250000000 0.0338541666666667 0.1160156250000000
1 0.2479166666666667 0.7898437500000000 0.0479166666666667 0.1093750000000000
1 0.2067708333333333 0.7929687500000000 0.0333333333333333 0.1242187500000000
1 0.8338541666666667 0.5015625000000000 0.0307291666666667 0.0710937500000000
1 0.1583333333333333 0.8046875000000000 0.0484375000000000 0.1156250000000000
1 0.0598958333333333 0.8195312500000000 0.1166666666666667 0.1117187500000000
1 0.3984375000000000 0.1046875000000000 0.0619791666666667 0.0972656250000000
1 0.3359375000000000 0.1042968750000000 0.0614583333333333 0.1011718750000000
1 0.9286458333333333 0.0968750000000000 0.0453125000000000 0.1222656250000000
1 0.2093750000000000 0.1078125000000000 0.0604166666666667 0.0929687500000000
1 0.9489583333333333 0.4921875000000000 0.0380208333333333 0.0679687500000000
1 0.2713541666666667 0.1078125000000000 0.0598958333333333 0.0910156250000000
1 0.9848958333333333 0.4894531250000000 0.0322916666666667 0.0707031250000000
1 0.1177083333333333 0.3957031250000000 0.0562500000000000 0.1035156250000000
1 0.7046875000000000 0.7492187500000000 0.0317708333333333 0.0746093750000000
1 0.3906250000000000 0.2445312500000000 0.0395833333333333 0.0910156250000000
1 0.4369791666666666 0.2429687500000000 0.0520833333333333 0.0906250000000000
1 0.4890625000000000 0.2425781250000000 0.0479166666666667 0.0906250000000000
1 0.6713541666666667 0.7472656250000000 0.0250000000000000 0.0882812500000000
1 0.9098958333333333 0.4933593750000000 0.0416666666666667 0.0707031250000000
1 0.6083333333333333 0.7480468750000000 0.0338541666666667 0.1082031250000000
1 0.5677083333333334 0.7515625000000000 0.0416666666666667 0.1027343750000000
1 0.5250000000000000 0.7546875000000000 0.0369791666666667 0.1140625000000000
1 0.4854166666666667 0.7625000000000000 0.0375000000000000 0.1058593750000000
1 0.6416666666666667 0.7515625000000000 0.0307291666666667 0.0910156250000000
1 0.5333333333333333 0.2425781250000000 0.0411458333333333 0.0871093750000000
1 0.1447916666666667 0.1070312500000000 0.0625000000000000 0.0929687500000000
1 0.3760416666666667 0.7761718750000000 0.0359375000000000 0.1218750000000000
1 0.9776041666666667 0.2316406250000000 0.0458333333333333 0.0785156250000000
1 0.9338541666666667 0.2316406250000000 0.0390625000000000 0.0820312500000000
1 0.8947916666666667 0.2324218750000000 0.0333333333333333 0.0882812500000000
1 0.8557291666666667 0.2324218750000000 0.0432291666666667 0.0910156250000000
1 0.0760416666666667 0.1019531250000000 0.0692708333333333 0.1058593750000000
1 0.7635416666666667 0.2382812500000000 0.0411458333333333 0.0843750000000000
1 0.7213541666666666 0.2375000000000000 0.0432291666666667 0.0847656250000000
1 0.6750000000000000 0.2390625000000000 0.0463541666666667 0.0875000000000000
1 0.6270833333333333 0.2406250000000000 0.0432291666666667 0.0882812500000000
1 0.5812500000000000 0.2421875000000000 0.0500000000000000 0.0890625000000000
1 0.8088541666666667 0.2351562500000000 0.0453125000000000 0.0847656250000000
