1 0.5580065359477124 0.2025122549019608 0.0363562091503268 0.0839460784313725
1 0.5604575163398693 0.3192401960784313 0.0445261437908497 0.0459558823529412
1 0.6127450980392157 0.3180147058823529 0.0514705882352941 0.0505514705882353
1 0.6662581699346405 0.2886029411764706 0.0482026143790850 0.0413602941176471
1 0.7193627450980392 0.2886029411764706 0.0473856209150327 0.0346200980392157
1 0.6613562091503268 0.3284313725490196 0.0420751633986928 0.0361519607843137
1 0.7124183006535948 0.3293504901960784 0.0461601307189543 0.0355392156862745
1 0.8582516339869281 0.3210784313725490 0.0420751633986928 0.0523897058823529
1 0.9089052287581699 0.3155637254901961 0.0424836601307190 0.0716911764705882
1 0.9575163398692811 0.3164828431372549 0.0420751633986928 0.0735294117647059
1 0.7847222222222222 0.3235294117647059 0.0359477124183007 0.0713848039215686
1 0.7781862745098039 0.4283088235294117 0.0363562091503268 0.0732230392156863
1 0.7712418300653595 0.5202205882352942 0.0314542483660131 0.0606617647058824
1 0.7634803921568627 0.5965073529411765 0.0285947712418301 0.0646446078431373
1 0.0326797385620915 0.3826593137254902 0.0277777777777778 0.0618872549019608
1 0.0674019607843137 0.3844975490196079 0.0249183006535948 0.0582107843137255
1 0.0910947712418301 0.3958333333333333 0.0216503267973856 0.0456495098039216
1 0.2275326797385621 0.3897058823529412 0.0645424836601307 0.0640318627450980
1 0.3063725490196079 0.3924632352941176 0.0714869281045752 0.0719975490196078
1 0.3766339869281046 0.3930759803921569 0.0351307189542484 0.0689338235294118
1 0.4240196078431372 0.3939950980392157 0.0482026143790850 0.0704656862745098
1 0.4787581699346405 0.4080882352941176 0.0445261437908497 0.0508578431372549
1 0.5343137254901961 0.4087009803921569 0.0461601307189543 0.0545343137254902
1 0.5935457516339869 0.3998161764705883 0.0408496732026144 0.0701593137254902
1 0.4468954248366013 0.3253676470588235 0.0441176470588235 0.0346200980392157
1 0.3958333333333333 0.3247549019607843 0.0461601307189543 0.0306372549019608
1 0.4595588235294117 0.2846200980392157 0.0441176470588235 0.0330882352941176
1 0.3946078431372549 0.2907475490196079 0.0588235294117647 0.0330882352941176
1 0.5976307189542484 0.1997549019607843 0.0412581699346405 0.0894607843137255
1 0.6004901960784313 0.1409313725490196 0.0396241830065359 0.0245098039215686
1 0.6421568627450981 0.1997549019607843 0.0347222222222222 0.0833333333333333
1 0.7013888888888888 0.1773897058823529 0.0682189542483660 0.1329656862745098
1 0.7581699346405228 0.1816789215686274 0.0367647058823529 0.1200980392156863
1 0.8080065359477124 0.1841299019607843 0.0351307189542484 0.1253063725490196
1 0.8611111111111112 0.1807598039215686 0.0347222222222222 0.1299019607843137
1 0.9023692810457516 0.1810661764705882 0.0351307189542484 0.1305147058823529
1 0.9530228758169934 0.1691176470588235 0.0461601307189543 0.1590073529411765
1 0.0290032679738562 0.3103553921568628 0.0294117647058824 0.0517769607843137
1 0.0649509803921569 0.3017769607843137 0.0388071895424837 0.0652573529411765
1 0.1405228758169935 0.3278186274509804 0.0669934640522876 0.1173406862745098
1 0.2467320261437909 0.3164828431372549 0.0400326797385621 0.0404411764705882
1 0.3039215686274510 0.2867647058823529 0.0322712418300654 0.0309436274509804
1 0.3051470588235294 0.3207720588235294 0.0277777777777778 0.0303308823529412
1 0.3439542483660131 0.3238357843137255 0.0428921568627451 0.0315563725490196
1 0.3464052287581699 0.2904411764705883 0.0322712418300654 0.0330882352941176
1 0.4501633986928105 0.1792279411764706 0.0567810457516340 0.1225490196078431
1 0.3835784313725490 0.1804534313725490 0.0526960784313725 0.1225490196078431
1 0.3255718954248366 0.1795343137254902 0.0531045751633987 0.1299019607843137
1 0.2671568627450980 0.1798406862745098 0.0559640522875817 0.1259191176470588
1 0.6491013071895425 0.4028799019607843 0.0453431372549020 0.0670955882352941
1 0.2038398692810457 0.1841299019607843 0.0547385620915033 0.1200980392156863
1 0.1098856209150327 0.2208946078431372 0.0257352941176471 0.0367647058823529
1 0.1013071895424837 0.1755514705882353 0.0294117647058824 0.0205269607843137
1 0.5020424836601307 0.1963848039215686 0.0441176470588235 0.0909926470588235
1 0.7005718954248366 0.4050245098039216 0.0355392156862745 0.0640318627450980
1 0.0898692810457516 0.4828431372549020 0.0224673202614379 0.0640318627450980
1 0.8210784313725490 0.4087009803921569 0.0383986928104575 0.0670955882352941
1 0.7373366013071896 0.5137867647058824 0.0326797385620915 0.0358455882352941
1 0.3807189542483660 0.7080269607843137 0.0686274509803922 0.1127450980392157
1 0.3018790849673202 0.7058823529411765 0.0686274509803922 0.1084558823529412
1 0.2418300653594771 0.6927083333333334 0.0302287581699346 0.1151960784313725
1 0.1834150326797385 0.7012867647058824 0.0424836601307190 0.1020220588235294
1 0.1319444444444444 0.6917892156862745 0.0400326797385621 0.0971200980392157
1 0.0886437908496732 0.7022058823529411 0.0265522875816993 0.0704656862745098
1 0.0526960784313725 0.6945465686274510 0.0326797385620915 0.0857843137254902
1 0.4497549019607843 0.7190563725490197 0.0669934640522876 0.1099877450980392
1 0.5187908496732027 0.7270220588235294 0.0678104575163399 0.1112132352941176
1 0.5759803921568627 0.7328431372549019 0.0408496732026144 0.1151960784313725
1 0.7107843137254902 0.5738357843137255 0.0649509803921569 0.0496323529411765
1 0.6299019607843137 0.7751225490196079 0.0665849673202614 0.0346200980392157
1 0.7087418300653595 0.7509191176470589 0.0825163398692810 0.0330882352941176
1 0.7132352941176471 0.7156862745098039 0.0853758169934641 0.0340073529411765
1 0.8235294117647058 0.7738970588235294 0.1139705882352941 0.0958946078431373
1 0.9199346405228758 0.7591911764705882 0.0518790849673203 0.1326593137254902
1 0.9652777777777778 0.7797181372549019 0.0322712418300654 0.0836397058823529
1 0.8852124183006536 0.6305147058823529 0.0702614379084967 0.0735294117647059
1 0.8133169934640523 0.6246936274509803 0.0592320261437908 0.0710784313725490
1 0.6278594771241830 0.6038602941176471 0.0686274509803922 0.0839460784313725
1 0.5526960784313726 0.5995710784313726 0.0665849673202614 0.0824142156862745
1 0.0763888888888889 0.2126225490196078 0.0273692810457516 0.0545343137254902
1 0.4852941176470588 0.5916053921568627 0.0608660130718954 0.0802696078431373
1 0.7124183006535948 0.7849264705882353 0.0747549019607843 0.0324754901960784
1 0.0106209150326797 0.4868259803921569 0.0212418300653595 0.0481004901960784
1 0.4125816993464052 0.5778186274509803 0.0604575163398693 0.0909926470588235
1 0.3447712418300654 0.5790441176470589 0.0539215686274510 0.0955882352941176
1 0.8696895424836601 0.4108455882352941 0.0359477124183007 0.0689338235294118
1 0.9203431372549019 0.4163602941176471 0.0404411764705882 0.0677083333333333
1 0.9828431372549019 0.4105392156862745 0.0330882352941176 0.0680147058823529
1 0.0375816993464052 0.4810049019607843 0.0212418300653595 0.0628063725490196
1 0.0620915032679739 0.4840686274509804 0.0208333333333333 0.0661764705882353
1 0.1601307189542484 0.4574142156862745 0.0682189542483660 0.1035539215686275
1 0.1156045751633987 0.4834558823529412 0.0204248366013072 0.0603553921568627
1 0.2777777777777778 0.4865196078431372 0.0424836601307190 0.0309436274509804
1 0.3533496732026144 0.4911151960784313 0.0392156862745098 0.0333946078431373
1 0.3986928104575164 0.4617034313725490 0.0482026143790850 0.0263480392156863
1 0.4007352941176471 0.4972426470588235 0.0457516339869281 0.0382965686274510
1 0.4481209150326798 0.4984681372549020 0.0433006535947712 0.0382965686274510
1 0.4946895424836601 0.5024509803921569 0.0420751633986928 0.0395220588235294
1 0.6417483660130719 0.5137867647058824 0.0469771241830065 0.0315563725490196
1 0.6919934640522876 0.5122549019607843 0.0457516339869281 0.0327818627450980
1 0.8786764705882353 0.5272671568627451 0.0571895424836601 0.0674019607843137
1 0.9375000000000000 0.5275735294117647 0.0559640522875817 0.0683210784313725
1 0.8169934640522876 0.5260416666666666 0.0535130718954248 0.0649509803921569
1 0.0200163398692810 0.5768995098039216 0.0404411764705882 0.0162377450980392
1 0.0224673202614379 0.5949754901960784 0.0453431372549020 0.0143995098039216
1 0.1254084967320261 0.5735294117647058 0.0388071895424837 0.0670955882352941
1 0.1764705882352941 0.5631127450980392 0.0604575163398693 0.0802696078431373
1 0.2263071895424837 0.5790441176470589 0.0367647058823529 0.0765931372549020
1 0.2593954248366013 0.5726102941176471 0.0249183006535948 0.0919117647058824
1 0.2928921568627451 0.5762867647058824 0.0355392156862745 0.0900735294117647
1 0.7410130718954249 0.4062500000000000 0.0334967320261438 0.0738357843137255
1 0.5408496732026143 0.5036764705882353 0.0424836601307190 0.0343137254901961
1 0.0420751633986928 0.2132352941176471 0.0306372549019608 0.0582107843137255
