1 0.4771959459459459 0.9177756653992395 0.0781250000000000 0.0244771863117871
1 0.7880067567567568 0.6009980988593155 0.0958614864864865 0.0242395437262357
1 0.4750844594594595 0.8769011406844106 0.0823479729729730 0.0515684410646388
1 0.9032939189189190 0.6288022813688213 0.0945945945945946 0.0301806083650190
1 0.8956925675675675 0.5969581749049430 0.0967060810810811 0.0299429657794677
1 0.7271959459459459 0.9061311787072244 0.0734797297297297 0.0420627376425856
1 0.7229729729729730 0.8614543726235742 0.0734797297297297 0.0396863117870722
1 0.9742398648648649 0.5917300380228137 0.0515202702702703 0.0339828897338403
1 0.6410472972972973 0.8804657794676806 0.0739020270270270 0.0301806083650190
1 0.5616554054054054 0.9123098859315589 0.0705236486486486 0.0278041825095057
1 0.5595439189189190 0.8726235741444867 0.0789695945945946 0.0477661596958175
1 0.9780405405405406 0.6266634980988594 0.0447635135135135 0.0323193916349810
1 0.3728885135135135 0.9282319391634981 0.1034628378378378 0.0285171102661597
1 0.0291385135135135 0.8243821292775665 0.0570101351351351 0.0358840304182510
1 0.3762668918918919 0.8609790874524715 0.1026182432432432 0.0197243346007605
1 0.6165540540540541 0.5423003802281369 0.0924831081081081 0.0292300380228137
1 0.7069256756756757 0.5054657794676806 0.0798141891891892 0.0358840304182510
1 0.7077702702702703 0.5420627376425855 0.0806587837837838 0.0325570342205323
1 0.8175675675675675 0.5009505703422054 0.0405405405405405 0.0149714828897338
1 0.8766891891891891 0.4973859315589353 0.0751689189189189 0.0171102661596958
1 0.8969594594594594 0.5166349809885932 0.0865709459459459 0.0180608365019011
1 0.8222128378378378 0.5175855513307985 0.0540540540540541 0.0152091254752852
1 0.9679054054054054 0.4850285171102662 0.0646114864864865 0.0137832699619772
1 0.9721283783783784 0.5114068441064639 0.0561655405405405 0.0332699619771863
1 0.3682432432432433 0.8215304182509505 0.0739020270270270 0.0240019011406844
1 0.2934966216216216 0.7956273764258555 0.0713682432432432 0.0306558935361217
1 0.2913851351351351 0.8231939163498099 0.0671452702702703 0.0230513307984791
1 0.2065033783783784 0.7846958174904943 0.0971283783783784 0.0349334600760456
1 0.3716216216216216 0.8928231939163498 0.1009290540540541 0.0392110266159696
1 0.2052364864864865 0.8196292775665399 0.0878378378378378 0.0292300380228137
1 0.8196790540540541 0.6288022813688213 0.0620777027027027 0.0275665399239544
1 0.1085304054054054 0.7865969581749049 0.0831925675675676 0.0316064638783270
1 0.1110641891891892 0.8208174904942965 0.0967060810810811 0.0316064638783270
1 0.0650337837837838 0.8766634980988594 0.0878378378378378 0.0249524714828897
1 0.0641891891891892 0.8999524714828897 0.0878378378378378 0.0182984790874525
1 0.0667229729729730 0.9168250950570342 0.0869932432432432 0.0133079847908745
1 0.0641891891891892 0.9382129277566540 0.0819256756756757 0.0182984790874525
1 0.1486486486486487 0.9272813688212928 0.0713682432432432 0.0368346007604563
1 0.2225506756756757 0.9263307984790875 0.0679898648648649 0.0377851711026616
1 0.2884290540540541 0.9256178707224335 0.0612331081081081 0.0332699619771863
1 0.1456925675675676 0.8892585551330798 0.0688344594594595 0.0346958174904943
1 0.2174831081081081 0.8899714828897338 0.0663006756756757 0.0304182509505703
1 0.2833614864864865 0.8909220532319392 0.0595439189189189 0.0299429657794677
1 0.0299831081081081 0.7892110266159695 0.0570101351351351 0.0320817490494297
1 0.6583614864864865 0.5903041825095057 0.0916385135135135 0.0308935361216730
1 0.8897804054054054 0.8562262357414449 0.0764358108108108 0.0411121673003802
1 0.6908783783783784 0.6285646387832700 0.0941722972972973 0.0387357414448669
1 0.2728040540540541 0.6974809885931559 0.0789695945945946 0.0368346007604563
1 0.1397804054054054 0.4443916349809886 0.0933277027027027 0.0344581749049430
1 0.5371621621621622 0.7982414448669202 0.0806587837837838 0.0596482889733840
1 0.6275337837837838 0.8067965779467681 0.0874155405405405 0.0387357414448669
1 0.6220439189189190 0.7701996197718631 0.0823479729729730 0.0292300380228137
1 0.7162162162162162 0.8048954372623575 0.0772804054054054 0.0301806083650190
1 0.7141047297297297 0.7692490494296578 0.0895270270270270 0.0320817490494297
1 0.8293918918918919 0.8037072243346007 0.0654560810810811 0.0325570342205323
1 0.8264358108108109 0.7685361216730038 0.0502533783783784 0.0354087452471483
1 0.9045608108108109 0.7965779467680608 0.0806587837837838 0.0325570342205323
1 0.8990709459459459 0.7633079847908745 0.0865709459459459 0.0320817490494297
1 0.9746621621621622 0.7806558935361216 0.0523648648648649 0.0339828897338403
1 0.9725506756756757 0.7538022813688213 0.0565878378378378 0.0154467680608365
1 0.9818412162162162 0.7100760456273765 0.0384290540540541 0.0344581749049430
1 0.9801520270270270 0.6751425855513308 0.0392736486486486 0.0306558935361217
1 0.9070945945945946 0.7148288973384030 0.0979729729729730 0.0249524714828897
1 0.9087837837837838 0.6808460076045627 0.1013513513513514 0.0349334600760456
1 0.8239020270270270 0.7164923954372624 0.0553209459459459 0.0354087452471483
1 0.8226351351351351 0.6796577946768061 0.0519425675675676 0.0358840304182510
1 0.7191722972972973 0.7079372623574145 0.0827702702702703 0.0556083650190114
1 0.6313344594594594 0.7076996197718631 0.0798141891891892 0.0527566539923954
1 0.5418074324324325 0.7096007604562737 0.0857263513513514 0.0565589353612167
1 0.4560810810810811 0.7124524714828897 0.0819256756756757 0.0575095057034221
1 0.3690878378378378 0.7321768060836502 0.0840371621621622 0.0311311787072243
1 0.2808277027027027 0.7338403041825095 0.0882601351351351 0.0320817490494297
1 0.3610641891891892 0.6939163498098859 0.0848817567567568 0.0373098859315589
1 0.6114864864864865 0.5078422053231939 0.0903716216216216 0.0356463878326996
1 0.1917229729729730 0.7278992395437263 0.0768581081081081 0.0415874524714829
1 0.1089527027027027 0.7321768060836502 0.0840371621621622 0.0430133079847909
1 0.1904560810810811 0.6913022813688213 0.0789695945945946 0.0297053231939164
1 0.1059966216216216 0.6939163498098859 0.0781250000000000 0.0311311787072243
1 0.5941722972972973 0.6295152091254753 0.0975506756756757 0.0363593155893536
1 0.0789695945945946 0.6116920152091255 0.0988175675675676 0.0311311787072243
1 0.1760979729729730 0.6086026615969582 0.0933277027027027 0.0330323193916350
1 0.6414695945945946 0.9120722433460076 0.0789695945945946 0.0273288973384030
1 0.8230574324324325 0.8559885931558935 0.0485641891891892 0.0382604562737643
1 0.8255912162162162 0.8975760456273765 0.0477195945945946 0.0363593155893536
1 0.0840371621621622 0.6444866920152091 0.0916385135135135 0.0330323193916350
1 0.1790540540540541 0.6421102661596958 0.0899493243243243 0.0306558935361217
1 0.2804054054054054 0.6380703422053232 0.1000844594594595 0.0425380228136882
1 0.3842905405405405 0.6335551330798479 0.0971283783783784 0.0396863117870722
1 0.4869087837837838 0.6309410646387833 0.1017736486486486 0.0368346007604563
1 0.0308277027027027 0.7008079847908745 0.0620777027027027 0.0387357414448669
1 0.8910472972972973 0.8982889733840305 0.0705236486486486 0.0401615969581749
1 0.5743243243243243 0.5881653992395437 0.0705236486486486 0.0242395437262357
1 0.9645270270270270 0.8521863117870723 0.0709459459459459 0.0413498098859316
1 0.5337837837837838 0.4168250950570342 0.0857263513513514 0.0263783269961977
1 0.4332770270270270 0.4363117870722433 0.0950168918918919 0.0392110266159696
1 0.3378378378378378 0.4394011406844107 0.0920608108108108 0.0403992395437262
1 0.4311655405405405 0.3930608365019012 0.0950168918918919 0.0423003802281369
1 0.3315033783783784 0.3930608365019012 0.0967060810810811 0.0472908745247148
1 0.2377533783783784 0.4424904942965779 0.0937500000000000 0.0346958174904943
1 0.9075168918918919 0.4284695817490494 0.0979729729729730 0.0425380228136882
1 0.8213682432432432 0.4303707224334601 0.0612331081081081 0.0415874524714829
1 0.0434966216216216 0.4089828897338403 0.0874155405405405 0.0373098859315589
1 0.0443412162162162 0.4446292775665399 0.0874155405405405 0.0323193916349810
1 0.1364020270270270 0.4075570342205323 0.0924831081081081 0.0361216730038023
1 0.2352195945945946 0.4073193916349810 0.0929054054054054 0.0332699619771863
1 0.0312500000000000 0.7385931558935361 0.0629222972972973 0.0344581749049430
1 0.9683277027027027 0.8971007604562737 0.0650337837837838 0.0449144486692015
1 0.5232263513513513 0.5468155893536122 0.0895270270270270 0.0308935361216730
1 0.4518581081081081 0.8008555133079848 0.0815033783783784 0.0601235741444867
1 0.4324324324324325 0.5461026615969582 0.0891047297297297 0.0294676806083650
1 0.2217060810810811 0.3303231939163498 0.0916385135135135 0.0325570342205323
1 0.1241554054054054 0.3310361216730038 0.0937500000000000 0.0339828897338403
1 0.2128378378378378 0.2937262357414449 0.0907939189189189 0.0373098859315589
1 0.1182432432432432 0.2913498098859316 0.0899493243243243 0.0396863117870722
1 0.0380067567567568 0.3315114068441065 0.0751689189189189 0.0327946768060837
1 0.0354729729729730 0.2918250950570342 0.0692567567567568 0.0430133079847909
1 0.1380912162162162 0.2561787072243346 0.0544763513513514 0.0237642585551331
1 0.0506756756756757 0.2540399239543726 0.0848817567567568 0.0273288973384030
1 0.9750844594594594 0.1532794676806084 0.0536317567567568 0.0330323193916350
1 0.8965371621621622 0.1551806083650190 0.0857263513513514 0.0297053231939164
1 0.8914695945945946 0.1271387832699620 0.0924831081081081 0.0230513307984791
1 0.8230574324324325 0.1570817490494296 0.0527871621621622 0.0263783269961977
1 0.8179898648648649 0.1295152091254753 0.0418074324324324 0.0254277566539924
1 0.8230574324324325 0.1012357414448669 0.0527871621621622 0.0254277566539924
1 0.7043918918918919 0.1535171102661597 0.0831925675675676 0.0382604562737643
1 0.7018581081081081 0.1164448669201521 0.0924831081081081 0.0325570342205323
1 0.6064189189189190 0.1528041825095057 0.0962837837837838 0.0344581749049430
1 0.6013513513513513 0.1166825095057034 0.0988175675675676 0.0330323193916350
1 0.5033783783783784 0.1539923954372624 0.1009290540540541 0.0344581749049430
1 0.5000000000000000 0.1154942965779468 0.0983952702702703 0.0401615969581749
1 0.3973817567567567 0.1556558935361217 0.0979729729729730 0.0330323193916350
1 0.3948479729729730 0.1181083650190114 0.0971283783783784 0.0382604562737643
1 0.2930743243243243 0.1561311787072243 0.1000844594594595 0.0339828897338403
1 0.2875844594594595 0.1185836501901141 0.0975506756756757 0.0344581749049430
1 0.1875000000000000 0.1566064638783270 0.0979729729729730 0.0325570342205323
1 0.0823479729729730 0.1573193916349810 0.1038851351351351 0.0339828897338403
1 0.1828547297297297 0.1176330798479087 0.0971283783783784 0.0420627376425856
1 0.0768581081081081 0.1185836501901141 0.1055743243243243 0.0415874524714829
1 0.5173141891891891 0.5106939163498099 0.0950168918918919 0.0389733840304183
1 0.6271114864864865 0.4415399239543726 0.0844594594594595 0.0223384030418251
1 0.7141047297297297 0.4384505703422053 0.0768581081081081 0.0223384030418251
1 0.2170608108108108 0.2554657794676806 0.0907939189189189 0.0363593155893536
1 0.0586993243243243 0.5520437262357415 0.0962837837837838 0.0320817490494297
1 0.4058277027027027 0.2920627376425856 0.0895270270270270 0.0363593155893536
1 0.5050675675675675 0.2903992395437263 0.0916385135135135 0.0354087452471483
1 0.3184121621621622 0.3307984790874525 0.0929054054054054 0.0358840304182510
1 0.4146959459459459 0.3296102661596958 0.0874155405405405 0.0335076045627376
1 0.5097128378378378 0.3281844106463878 0.0924831081081081 0.0354087452471483
1 0.6021959459459459 0.2906368821292776 0.0920608108108108 0.0301806083650190
1 0.7018581081081081 0.2884980988593156 0.0950168918918919 0.0339828897338403
1 0.8222128378378378 0.2894486692015209 0.0629222972972973 0.0358840304182510
1 0.9113175675675675 0.2884980988593156 0.1021959459459459 0.0339828897338403
1 0.3116554054054054 0.2930133079847909 0.0907939189189189 0.0358840304182510
1 0.6059966216216216 0.3250950570342205 0.0929054054054054 0.0339828897338403
1 0.7039695945945946 0.3243821292775665 0.0950168918918919 0.0349334600760456
1 0.0574324324324324 0.5156844106463878 0.0945945945945946 0.0349334600760456
1 0.7094594594594594 0.4130228136882129 0.0717905405405405 0.0232889733840304
1 0.1579391891891892 0.5159220532319392 0.1026182432432432 0.0330323193916350
1 0.1579391891891892 0.5508555133079848 0.0907939189189189 0.0344581749049430
1 0.2609797297297297 0.5128326996197718 0.0688344594594595 0.0387357414448669
1 0.3407939189189189 0.5071292775665399 0.0739020270270270 0.0320817490494297
1 0.2504222972972973 0.5503802281368821 0.0865709459459459 0.0335076045627376
1 0.3412162162162162 0.5487167300380228 0.0874155405405405 0.0301806083650190
1 0.3728885135135135 0.7906368821292775 0.0663006756756757 0.0301806083650190
1 0.5337837837837838 0.4429657794676806 0.0941722972972973 0.0221007604562738
1 0.4252533783783784 0.5111692015209125 0.0869932432432432 0.0377851711026616
1 0.7103040540540541 0.3873574144486692 0.0739020270270270 0.0261406844106464
1 0.6292229729729730 0.4165874524714829 0.0840371621621622 0.0256653992395437
1 0.6283783783783784 0.3885456273764258 0.0772804054054054 0.0256653992395437
