1 0.7095588235294118 0.6593137254901961 0.0245098039215686 0.0389093137254902
1 0.6801470588235294 0.6237745098039216 0.0273692810457516 0.0306372549019608
1 0.2422385620915033 0.3125000000000000 0.0318627450980392 0.0710784313725490
1 0.6805555555555556 0.6596200980392157 0.0294117647058824 0.0382965686274510
1 0.7099673202614379 0.6243872549019608 0.0253267973856209 0.0291053921568627
1 0.3852124183006536 0.1421568627450980 0.0428921568627451 0.1237745098039216
1 0.7393790849673203 0.6253063725490197 0.0232843137254902 0.0275735294117647
1 0.0763888888888889 0.1409313725490196 0.0551470588235294 0.1167279411764706
1 0.1482843137254902 0.1492034313725490 0.0359477124183007 0.1032475490196078
1 0.1944444444444444 0.1406250000000000 0.0469771241830065 0.1253063725490196
1 0.2455065359477124 0.1409313725490196 0.0469771241830065 0.1228553921568627
1 0.2998366013071895 0.1507352941176471 0.0367647058823529 0.1063112745098039
1 0.3398692810457516 0.1488970588235294 0.0416666666666667 0.1118259803921569
1 0.6507352941176471 0.6237745098039216 0.0257352941176471 0.0306372549019608
1 0.4350490196078431 0.1415441176470588 0.0428921568627451 0.1237745098039216
1 0.4852941176470588 0.1482843137254902 0.0465686274509804 0.1130514705882353
1 0.5392156862745098 0.1449142156862745 0.0445261437908497 0.1185661764705882
1 0.5870098039215687 0.1430759803921569 0.0428921568627451 0.1225490196078431
1 0.7381535947712419 0.6587009803921569 0.0285947712418301 0.0373774509803922
1 0.6503267973856209 0.6593137254901961 0.0245098039215686 0.0389093137254902
1 0.0698529411764706 0.8363970588235294 0.1151960784313725 0.0949754901960784
1 0.6213235294117647 0.6697303921568627 0.0318627450980392 0.0490196078431373
1 0.3263888888888889 0.7879901960784313 0.0314542483660131 0.0444240196078431
1 0.3210784313725490 0.8578431372549019 0.0302287581699346 0.0490196078431373
1 0.2904411764705883 0.8584558823529411 0.0245098039215686 0.0490196078431373
1 0.2602124183006536 0.8578431372549019 0.0273692810457516 0.0459558823529412
1 0.2275326797385621 0.8593750000000000 0.0273692810457516 0.0490196078431373
1 0.3688725490196079 0.8066789215686274 0.0204248366013072 0.0572916666666667
1 0.3958333333333333 0.8339460784313726 0.0298202614379085 0.0505514705882353
1 0.4346405228758170 0.8226102941176471 0.0294117647058824 0.0490196078431373
1 0.2977941176470588 0.7751225490196079 0.0204248366013072 0.0398284313725490
1 0.4652777777777778 0.8210784313725490 0.0253267973856209 0.0459558823529412
1 0.5641339869281046 0.8416053921568627 0.0355392156862745 0.0701593137254902
1 0.5310457516339869 0.8311887254901961 0.0224673202614379 0.0664828431372549
1 0.9836601307189542 0.7610294117647058 0.0343137254901961 0.0664828431372549
1 0.9244281045751634 0.7527573529411765 0.0306372549019608 0.0496323529411765
1 0.9138071895424836 0.8039215686274510 0.0318627450980392 0.0496323529411765
1 0.8888888888888888 0.7506127450980392 0.0285947712418301 0.0517769607843137
1 0.8782679738562091 0.8045343137254902 0.0294117647058824 0.0542279411764706
1 0.8545751633986928 0.7512254901960784 0.0298202614379085 0.0465686274509804
1 0.4959150326797386 0.8207720588235294 0.0277777777777778 0.0496323529411765
1 0.6266339869281046 0.6204044117647058 0.0142973856209150 0.0238970588235294
1 0.2679738562091503 0.7751225490196079 0.0306372549019608 0.0459558823529412
1 0.1593137254901961 0.8458946078431373 0.0600490196078431 0.0772058823529412
1 0.5886437908496732 0.6688112745098039 0.0236928104575163 0.0474877450980392
1 0.5588235294117647 0.6660539215686274 0.0273692810457516 0.0481004901960784
1 0.5277777777777778 0.6642156862745098 0.0306372549019608 0.0425857843137255
1 0.4971405228758170 0.6629901960784313 0.0265522875816993 0.0450367647058824
1 0.6029411764705882 0.6194852941176471 0.0236928104575163 0.0223651960784314
1 0.5747549019607843 0.6194852941176471 0.0285947712418301 0.0223651960784314
1 0.5457516339869281 0.6197916666666666 0.0232843137254902 0.0229779411764706
1 0.5183823529411765 0.6210171568627451 0.0253267973856209 0.0254289215686275
1 0.2336601307189543 0.7763480392156863 0.0273692810457516 0.0422794117647059
1 0.4897875816993464 0.6204044117647058 0.0253267973856209 0.0269607843137255
1 0.3909313725490196 0.6822916666666666 0.0604575163398693 0.0526960784313725
1 0.3198529411764706 0.6773897058823529 0.0608660130718954 0.0582107843137255
1 0.2651143790849673 0.6375612745098039 0.0449346405228758 0.0643382352941176
1 0.1932189542483660 0.6856617647058824 0.0482026143790850 0.0474877450980392
1 0.1323529411764706 0.6743259803921569 0.0526960784313725 0.0306372549019608
1 0.0665849673202614 0.6182598039215687 0.0559640522875817 0.0352328431372549
1 0.0874183006535948 0.7545955882352942 0.0853758169934641 0.0625000000000000
1 0.6364379084967320 0.1528799019607843 0.0396241830065359 0.1072303921568627
1 0.4489379084967320 0.6409313725490197 0.0498366013071895 0.0438112745098039
1 0.6809640522875817 0.1577818627450980 0.0449346405228758 0.0925245098039216
1 0.6597222222222222 0.5588235294117647 0.0314542483660131 0.0502450980392157
1 0.7671568627450981 0.6580882352941176 0.0277777777777778 0.0382965686274510
1 0.1127450980392157 0.3324142156862745 0.0457516339869281 0.0413602941176471
1 0.1131535947712418 0.2904411764705883 0.0506535947712418 0.0367647058823529
1 0.0539215686274510 0.3278186274509804 0.0592320261437908 0.0413602941176471
1 0.9779411764705882 0.1455269607843137 0.0437091503267974 0.0284926470588235
1 0.9812091503267973 0.1850490196078431 0.0375816993464052 0.0459558823529412
1 0.9297385620915033 0.1829044117647059 0.0571895424836601 0.0419730392156863
1 0.8909313725490197 0.1629901960784314 0.0163398692810458 0.0818014705882353
1 0.8517156862745098 0.1253063725490196 0.0522875816993464 0.1559436274509804
1 0.7982026143790850 0.1681985294117647 0.0506535947712418 0.0704656862745098
1 0.8508986928104575 0.4194240196078431 0.0347222222222222 0.0863970588235294
1 0.8100490196078431 0.4172794117647059 0.0306372549019608 0.0854779411764706
1 0.7745098039215687 0.4231004901960784 0.0322712418300654 0.0848651960784314
1 0.7373366013071896 0.4316789215686275 0.0355392156862745 0.0741421568627451
1 0.6981209150326797 0.4414828431372549 0.0265522875816993 0.0484068627450980
1 0.6650326797385621 0.4381127450980392 0.0253267973856209 0.0533088235294118
1 0.6278594771241830 0.4249387254901961 0.0408496732026144 0.0793504901960784
1 0.5845588235294118 0.4258578431372549 0.0400326797385621 0.0808823529411765
1 0.1638071895424837 0.3164828431372549 0.0265522875816993 0.0704656862745098
1 0.9142156862745098 0.4378063725490196 0.0837418300653595 0.0526960784313725
1 0.9779411764705882 0.4384191176470588 0.0420751633986928 0.0572916666666667
1 0.8892973856209150 0.2953431372549020 0.0906862745098039 0.0591299019607843
1 0.2818627450980392 0.3146446078431372 0.0314542483660131 0.0710784313725490
1 0.3169934640522876 0.3134191176470588 0.0322712418300654 0.0719975490196078
1 0.3562091503267974 0.3131127450980392 0.0355392156862745 0.0726102941176471
1 0.4015522875816994 0.3244485294117647 0.0408496732026144 0.0465686274509804
1 0.4509803921568628 0.2549019607843137 0.0457516339869281 0.0603553921568627
1 0.4497549019607843 0.3195465686274510 0.0437091503267974 0.0612745098039216
1 0.4906045751633987 0.3281250000000000 0.0339052287581699 0.0389093137254902
1 0.5265522875816994 0.3290441176470588 0.0334967320261438 0.0389093137254902
1 0.5040849673202614 0.4399509803921569 0.0375816993464052 0.0511642156862745
1 0.5694444444444444 0.3244485294117647 0.0441176470588235 0.0511642156862745
1 0.6589052287581699 0.3100490196078431 0.0396241830065359 0.0833333333333333
1 0.7030228758169934 0.3085171568627451 0.0441176470588235 0.0787377450980392
1 0.7871732026143791 0.3088235294117647 0.1090686274509804 0.0827205882352941
1 0.7561274509803921 0.2472426470588235 0.1017156862745098 0.0143995098039216
1 0.7683823529411765 0.2601102941176471 0.1041666666666667 0.0101102941176471
1 0.9693627450980392 0.2904411764705883 0.0428921568627451 0.0398284313725490
1 0.9648692810457516 0.3305759803921569 0.0400326797385621 0.0389093137254902
1 0.8933823529411765 0.3388480392156863 0.0988562091503268 0.0235906862745098
1 0.6151960784313726 0.3238357843137255 0.0437091503267974 0.0514705882352941
1 0.7324346405228758 0.1731004901960784 0.0522875816993464 0.0664828431372549
1 0.4493464052287582 0.4387254901960784 0.0551470588235294 0.0487132352941176
1 0.3586601307189543 0.4356617647058824 0.0326797385620915 0.0579044117647059
1 0.8174019607843137 0.5689338235294118 0.0347222222222222 0.0481004901960784
1 0.8263888888888888 0.5281862745098039 0.0347222222222222 0.0321691176470588
1 0.8950163398692811 0.5419730392156863 0.0857843137254902 0.0689338235294118
1 0.9742647058823529 0.5174632352941176 0.0526960784313725 0.0260416666666667
1 0.9705882352941176 0.5477941176470589 0.0571895424836601 0.0251225490196078
1 0.9803921568627451 0.5802696078431373 0.0404411764705882 0.0226715686274510
1 0.9820261437908496 0.6804534313725490 0.0355392156862745 0.0582107843137255
1 0.8880718954248366 0.6219362745098039 0.0232843137254902 0.0208333333333333
1 0.8598856209150327 0.6210171568627451 0.0236928104575163 0.0223651960784314
1 0.8337418300653595 0.6210171568627451 0.0204248366013072 0.0223651960784314
1 0.8051470588235294 0.6191789215686274 0.0204248366013072 0.0214460784313725
1 0.8995098039215687 0.6495098039215687 0.0232843137254902 0.0312500000000000
1 0.8729575163398693 0.6504289215686274 0.0232843137254902 0.0321691176470588
1 0.8455882352941176 0.6516544117647058 0.0253267973856209 0.0327818627450980
1 0.8202614379084967 0.6504289215686274 0.0224673202614379 0.0321691176470588
1 0.7965686274509803 0.6488970588235294 0.0212418300653595 0.0352328431372549
1 0.7675653594771242 0.6234681372549019 0.0285947712418301 0.0269607843137255
1 0.7810457516339869 0.5683210784313726 0.0314542483660131 0.0465686274509804
1 0.7406045751633987 0.5456495098039216 0.0416666666666667 0.0793504901960784
1 0.6973039215686274 0.5468750000000000 0.0367647058823529 0.0772058823529412
1 0.8427287581699346 0.8023897058823529 0.0306372549019608 0.0514705882352941
1 0.3084150326797386 0.4424019607843137 0.0539215686274510 0.0444240196078431
1 0.2475490196078431 0.4436274509803921 0.0551470588235294 0.0450367647058824
1 0.1919934640522876 0.4325980392156863 0.0502450980392157 0.0609681372549020
1 0.1029411764705882 0.4350490196078431 0.0588235294117647 0.0594362745098039
1 0.0592320261437908 0.4390318627450980 0.0245098039215686 0.0346200980392157
1 0.0191993464052288 0.4047181372549020 0.0347222222222222 0.0419730392156863
1 0.0187908496732026 0.4460784313725490 0.0375816993464052 0.0361519607843137
1 0.0339052287581699 0.5664828431372549 0.0437091503267974 0.0441176470588235
1 0.3970588235294117 0.4356617647058824 0.0359477124183007 0.0579044117647059
1 0.1013071895424837 0.5631127450980392 0.0723039215686275 0.0496323529411765
1 0.2352941176470588 0.5508578431372549 0.0633169934640523 0.0526960784313725
1 0.3080065359477124 0.5284926470588235 0.0285947712418301 0.0419730392156863
1 0.2598039215686275 0.5003063725490197 0.0551470588235294 0.0435049019607843
1 0.3594771241830065 0.5594362745098039 0.0620915032679739 0.0548406862745098
1 0.4272875816993464 0.5615808823529411 0.0682189542483660 0.0526960784313725
1 0.4955065359477124 0.5563725490196079 0.0612745098039216 0.0548406862745098
1 0.5637254901960784 0.5609681372549019 0.0629084967320261 0.0548406862745098
1 0.6213235294117647 0.5646446078431373 0.0400326797385621 0.0526960784313725
1 0.1446078431372549 0.4984681372549020 0.0571895424836601 0.0214460784313725
1 0.8198529411764706 0.7500000000000000 0.0298202614379085 0.0502450980392157
1 0.1266339869281046 0.6204044117647058 0.0559640522875817 0.0373774509803922
1 0.8059640522875817 0.8033088235294118 0.0306372549019608 0.0505514705882353
1 0.7839052287581699 0.7518382352941176 0.0343137254901961 0.0481004901960784
1 0.2017973856209150 0.3137254901960784 0.0388071895424837 0.0710784313725490
1 0.7720588235294118 0.8042279411764706 0.0294117647058824 0.0520833333333333
