1 0.0302083333333333 0.9710937500000000 0.0510416666666667 0.0335937500000000
1 0.4796875000000000 0.6625000000000000 0.0343750000000000 0.0687500000000000
1 0.0223958333333333 0.8144531250000000 0.0447916666666667 0.0324218750000000
1 0.3963541666666667 0.6605468750000000 0.0354166666666667 0.0722656250000000
1 0.1385416666666667 0.7917968750000000 0.0250000000000000 0.0777343750000000
1 0.3385416666666667 0.6402343750000000 0.0604166666666667 0.1222656250000000
1 0.2187500000000000 0.6773437500000000 0.0671875000000000 0.0429687500000000
1 0.2119791666666667 0.4863281250000000 0.0484375000000000 0.1230468750000000
1 0.2598958333333333 0.4902343750000000 0.0453125000000000 0.1171875000000000
1 0.4375000000000000 0.6664062500000000 0.0442708333333333 0.0652343750000000
1 0.0838541666666667 0.9402343750000000 0.0369791666666667 0.0929687500000000
1 0.8750000000000000 0.2339843750000000 0.0140625000000000 0.0640625000000000
1 0.2270833333333333 0.1726562500000000 0.0651041666666667 0.0503906250000000
1 0.5203125000000000 0.6667968750000000 0.0401041666666667 0.0605468750000000
1 0.5890625000000000 0.2261718750000000 0.2479166666666667 0.0714843750000000
1 0.6739583333333333 0.3316406250000000 0.1338541666666667 0.0566406250000000
1 0.7687500000000000 0.3335937500000000 0.0223958333333333 0.0531250000000000
1 0.8114583333333333 0.3371093750000000 0.0208333333333333 0.0484375000000000
1 0.8546875000000000 0.3359375000000000 0.0177083333333333 0.0460937500000000
1 0.3588541666666666 0.3519531250000000 0.0630208333333333 0.0519531250000000
1 0.5406250000000000 0.3257812500000000 0.0968750000000000 0.0687500000000000
1 0.4453125000000000 0.3175781250000000 0.0885416666666667 0.0617187500000000
1 0.9421875000000000 0.2335937500000000 0.0276041666666667 0.0644531250000000
1 0.9109375000000000 0.2347656250000000 0.0161458333333333 0.0621093750000000
1 0.1307291666666667 0.9511718750000000 0.0473958333333333 0.0773437500000000
1 0.8927083333333333 0.2332031250000000 0.0177083333333333 0.0660156250000000
1 0.3625000000000000 0.3003906250000000 0.0666666666666667 0.0496093750000000
1 0.3609375000000000 0.2515625000000000 0.0677083333333333 0.0453125000000000
1 0.4296875000000000 0.2542968750000000 0.0635416666666667 0.0460937500000000
1 0.4291666666666666 0.2093750000000000 0.0625000000000000 0.0410156250000000
1 0.3640625000000000 0.1980468750000000 0.0635416666666667 0.0570312500000000
1 0.2953125000000000 0.1953125000000000 0.0666666666666667 0.0621093750000000
1 0.2906250000000000 0.2507812500000000 0.0666666666666667 0.0449218750000000
1 0.2921875000000000 0.2996093750000000 0.0708333333333333 0.0468750000000000
1 0.2197916666666667 0.2980468750000000 0.0703125000000000 0.0519531250000000
1 0.2239583333333333 0.2480468750000000 0.0666666666666667 0.0457031250000000
1 0.2250000000000000 0.2113281250000000 0.0635416666666667 0.0242187500000000
1 0.2901041666666667 0.3515625000000000 0.0692708333333333 0.0507812500000000
1 0.5609375000000000 0.6562500000000000 0.0348958333333333 0.0800781250000000
1 0.0848958333333333 0.8132812500000000 0.0541666666666667 0.0371093750000000
1 0.6322916666666667 0.6523437500000000 0.0473958333333333 0.0871093750000000
1 0.8552083333333333 0.2339843750000000 0.0255208333333333 0.0628906250000000
1 0.9583333333333334 0.5121093750000000 0.0401041666666667 0.0722656250000000
1 0.8927083333333333 0.5066406250000000 0.0880208333333333 0.0871093750000000
1 0.8088541666666667 0.5082031250000000 0.0708333333333333 0.0816406250000000
1 0.7223958333333333 0.5058593750000000 0.0921875000000000 0.0910156250000000
1 0.6354166666666666 0.5035156250000000 0.0776041666666667 0.0863281250000000
1 0.5557291666666667 0.5011718750000000 0.0812500000000000 0.0937500000000000
1 0.4958333333333333 0.5152343750000000 0.0343750000000000 0.0691406250000000
1 0.4468750000000000 0.5046875000000000 0.0562500000000000 0.0312500000000000
1 0.4473958333333333 0.5355468750000000 0.0546875000000000 0.0285156250000000
1 0.3921875000000000 0.5339843750000000 0.0500000000000000 0.0300781250000000
1 0.3927083333333333 0.5003906250000000 0.0494791666666667 0.0351562500000000
1 0.3468750000000000 0.5078125000000000 0.0380208333333333 0.0832031250000000
1 0.3041666666666666 0.4929687500000000 0.0406250000000000 0.1148437500000000
1 0.2692708333333333 0.7648437500000000 0.0661458333333333 0.0648437500000000
1 0.2671875000000000 0.8242187500000000 0.0614583333333333 0.0519531250000000
1 0.2109375000000000 0.7953125000000000 0.0473958333333333 0.1066406250000000
1 0.2291666666666667 0.9535156250000000 0.0822916666666667 0.0917968750000000
1 0.2932291666666667 0.9386718750000000 0.0427083333333333 0.1203125000000000
1 0.5932291666666667 0.6722656250000000 0.0276041666666667 0.0472656250000000
1 0.4223958333333334 0.9347656250000000 0.0526041666666667 0.1160156250000000
1 0.4947916666666667 0.9531250000000000 0.0843750000000000 0.0695312500000000
1 0.5635416666666667 0.9335937500000000 0.0458333333333333 0.0851562500000000
1 0.6307291666666667 0.9484375000000000 0.0812500000000000 0.0816406250000000
1 0.7130208333333333 0.9378906250000000 0.0739583333333333 0.1015625000000000
1 0.8031250000000000 0.9433593750000000 0.0750000000000000 0.0835937500000000
1 0.8885416666666667 0.9328125000000000 0.0833333333333333 0.0937500000000000
1 0.9640625000000000 0.9472656250000000 0.0531250000000000 0.0695312500000000
1 0.9812500000000000 0.8339843750000000 0.0359375000000000 0.0945312500000000
1 0.3187500000000000 0.8046875000000000 0.0343750000000000 0.0796875000000000
1 0.3656250000000000 0.7882812500000000 0.0489583333333333 0.0492187500000000
1 0.3562500000000000 0.9500000000000000 0.0791666666666667 0.0867187500000000
1 0.6640625000000000 0.7855468750000000 0.0401041666666667 0.1113281250000000
1 0.5588541666666667 0.7921875000000000 0.0484375000000000 0.0332031250000000
1 0.6145833333333334 0.7589843750000000 0.0552083333333333 0.0597656250000000
1 0.6130208333333333 0.8132812500000000 0.0562500000000000 0.0476562500000000
1 0.4375000000000000 0.7718750000000000 0.0838541666666667 0.0796875000000000
1 0.7223958333333333 0.7660156250000000 0.0734375000000000 0.0843750000000000
1 0.8026041666666667 0.8046875000000000 0.0828125000000000 0.0613281250000000
1 0.8828125000000000 0.8035156250000000 0.0786458333333333 0.0625000000000000
1 0.8010416666666667 0.6394531250000000 0.0484375000000000 0.1113281250000000
1 0.7473958333333334 0.6472656250000000 0.0500000000000000 0.0933593750000000
1 0.6890625000000000 0.6800781250000000 0.0604166666666667 0.0242187500000000
1 0.3645833333333333 0.8289062500000000 0.0505208333333333 0.0320312500000000
1 0.5567708333333333 0.8257812500000000 0.0458333333333333 0.0308593750000000
1 0.5052083333333334 0.7878906250000000 0.0505208333333333 0.1058593750000000
