1 0.4577205882352941 0.8337418300653595 0.0107230392156863 0.0919117647058824
1 0.4712009803921569 0.8341503267973857 0.0159313725490196 0.0943627450980392
1 0.4420955882352941 0.5224673202614379 0.0156250000000000 0.0968137254901961
1 0.7506127450980392 0.1495098039215686 0.0382965686274510 0.0923202614379085
1 0.7202818627450981 0.1511437908496732 0.0199142156862745 0.0866013071895425
1 0.6948529411764706 0.1544117647058824 0.0269607843137255 0.0923202614379085
1 0.7827818627450981 0.2593954248366013 0.0235906862745098 0.1380718954248366
1 0.7552083333333334 0.2655228758169935 0.0315563725490196 0.1274509803921569
1 0.7254901960784313 0.2691993464052287 0.0260416666666667 0.1196895424836601
1 0.6966911764705882 0.2728758169934640 0.0312500000000000 0.1221405228758170
1 0.6979166666666666 0.4113562091503268 0.0260416666666667 0.1266339869281046
1 0.7254901960784313 0.4076797385620915 0.0281862745098039 0.1196895424836601
1 0.7512254901960784 0.4035947712418301 0.0235906862745098 0.1278594771241830
1 0.7812500000000000 0.4076797385620915 0.0361519607843137 0.1356209150326797
1 0.7794117647058824 0.1339869281045752 0.0162377450980392 0.0718954248366013
1 0.8125000000000000 0.4060457516339869 0.0266544117647059 0.1368464052287582
1 0.9341299019607843 0.4236111111111111 0.0431985294117647 0.1392973856209150
1 0.9344362745098039 0.5829248366013072 0.0370710784313725 0.1441993464052287
1 0.9739583333333334 0.5837418300653595 0.0416666666666667 0.1454248366013072
1 0.8440563725490197 0.5547385620915033 0.0211397058823529 0.1303104575163399
1 0.8170955882352942 0.5531045751633987 0.0309436274509804 0.1335784313725490
1 0.7870710784313726 0.5502450980392157 0.0291053921568627 0.1278594771241830
1 0.7567401960784313 0.5490196078431373 0.0315563725490196 0.1303104575163399
1 0.7273284313725490 0.5477941176470589 0.0272671568627451 0.1205065359477124
1 0.7006740196078431 0.5465686274509803 0.0281862745098039 0.1213235294117647
1 0.9393382352941176 0.7381535947712419 0.0376838235294118 0.1299019607843137
1 0.9770220588235294 0.7438725490196079 0.0355392156862745 0.1421568627450980
1 0.8422181372549019 0.4068627450980392 0.0312500000000000 0.1368464052287582
1 0.9659926470588235 0.8860294117647058 0.0382965686274510 0.1360294117647059
1 0.8036151960784313 0.1151960784313725 0.0300245098039216 0.1029411764705882
1 0.9715073529411765 0.2638888888888889 0.0386029411764706 0.1392973856209150
1 0.4669117647058824 0.3120915032679739 0.0177696078431373 0.0980392156862745
1 0.4469975490196079 0.3153594771241830 0.0202205882352941 0.0894607843137255
1 0.4307598039215687 0.3165849673202614 0.0125612745098039 0.0915032679738562
1 0.4172794117647059 0.3174019607843137 0.0156250000000000 0.0931372549019608
1 0.4028799019607843 0.3182189542483660 0.0131740196078431 0.0968137254901961
1 0.4062500000000000 0.4272875816993464 0.0159313725490196 0.1000816993464052
1 0.4231004901960784 0.4256535947712418 0.0186887254901961 0.0976307189542484
1 0.4515931372549020 0.2201797385620915 0.0202205882352941 0.0633169934640523
1 0.4417892156862745 0.4215686274509804 0.0150122549019608 0.1021241830065359
1 0.4672181372549020 0.4187091503267974 0.0113357843137255 0.1000816993464052
1 0.4583333333333333 0.5236928104575164 0.0168504901960784 0.1004901960784314
1 0.8308823529411765 0.1115196078431373 0.0248161764705882 0.1119281045751634
1 0.4276960784313725 0.5241013071895425 0.0110294117647059 0.0910947712418301
1 0.4163602941176471 0.6254084967320261 0.0220588235294118 0.0923202614379085
1 0.4341299019607843 0.6278594771241830 0.0116421568627451 0.0853758169934641
1 0.4782475490196079 0.7348856209150327 0.0174632352941176 0.0935457516339869
1 0.4540441176470588 0.7279411764705882 0.0211397058823529 0.1008986928104575
1 0.4353553921568628 0.7275326797385621 0.0143995098039216 0.1021241830065359
1 0.4197303921568628 0.7197712418300654 0.0165441176470588 0.0915032679738562
1 0.4209558823529412 0.8145424836601307 0.0116421568627451 0.0776143790849673
1 0.4384191176470588 0.8627450980392157 0.0251225490196078 0.0375816993464052
1 0.9344362745098039 0.1000816993464052 0.0315563725490196 0.1446078431372549
1 0.9702818627450981 0.1004901960784314 0.0392156862745098 0.1450163398692811
1 0.9344362745098039 0.2671568627450980 0.0352328431372549 0.1454248366013072
1 0.4102328431372549 0.5224673202614379 0.0205269607843137 0.0943627450980392
1 0.8489583333333334 0.8586601307189542 0.0205269607843137 0.1294934640522876
1 0.9776348039215687 0.4272875816993464 0.0435049019607843 0.1462418300653595
1 0.7925857843137255 0.8472222222222222 0.0294117647058824 0.1213235294117647
1 0.5379901960784313 0.5510620915032680 0.0140931372549020 0.1004901960784314
1 0.5569852941176471 0.5531045751633987 0.0196078431372549 0.1058006535947712
1 0.5952818627450981 0.5539215686274510 0.0214460784313725 0.1115196078431373
1 0.6176470588235294 0.5559640522875817 0.0242034313725490 0.1070261437908497
1 0.5989583333333334 0.4346405228758170 0.0312500000000000 0.1008986928104575
1 0.5732230392156863 0.4387254901960784 0.0159313725490196 0.1111111111111111
1 0.5542279411764706 0.4383169934640523 0.0202205882352941 0.1127450980392157
1 0.5333946078431373 0.4370915032679739 0.0214460784313725 0.1098856209150327
1 0.8232230392156863 0.8553921568627451 0.0309436274509804 0.1348039215686274
1 0.5327818627450981 0.3308823529411765 0.0180759803921569 0.0882352941176471
1 0.5502450980392157 0.3288398692810457 0.0171568627450980 0.0861928104575163
1 0.5395220588235294 0.6695261437908496 0.0220588235294118 0.0866013071895425
1 0.5664828431372549 0.3304738562091503 0.0150122549019608 0.0849673202614379
1 0.6069240196078431 0.3263888888888889 0.0248161764705882 0.0906862745098039
1 0.6001838235294118 0.1948529411764706 0.0266544117647059 0.0767973856209150
1 0.5781250000000000 0.2046568627450980 0.0183823529411765 0.0886437908496732
1 0.5579044117647058 0.2054738562091503 0.0220588235294118 0.0853758169934641
1 0.5376838235294118 0.2095588235294118 0.0147058823529412 0.0906862745098039
1 0.5205269607843137 0.2111928104575163 0.0196078431372549 0.0890522875816993
1 0.4359681372549020 0.2254901960784314 0.0104166666666667 0.0571895424836601
1 0.4215686274509804 0.2218137254901961 0.0180759803921569 0.0674019607843137
1 0.4077818627450980 0.2295751633986928 0.0110294117647059 0.0702614379084967
1 0.3918504901960784 0.2279411764705882 0.0202205882352941 0.0743464052287582
1 0.4862132352941176 0.8386437908496732 0.0143995098039216 0.0906862745098039
1 0.5836397058823529 0.3288398692810457 0.0189950980392157 0.0837418300653595
1 0.5609681372549019 0.6699346405228758 0.0208333333333333 0.1049836601307190
1 0.5762867647058824 0.5522875816993464 0.0168504901960784 0.1078431372549020
1 0.6014093137254902 0.6748366013071896 0.0208333333333333 0.1025326797385621
1 0.7625612745098039 0.8431372549019608 0.0291053921568627 0.1303104575163399
1 0.7352941176470589 0.8374183006535948 0.0257352941176471 0.1176470588235294
1 0.7077205882352942 0.8288398692810458 0.0300245098039216 0.1356209150326797
1 0.7022058823529411 0.6776960784313726 0.0242034313725490 0.1266339869281046
1 0.7306985294117647 0.6797385620915033 0.0321691176470588 0.1311274509803922
1 0.7588848039215687 0.6821895424836601 0.0229779411764706 0.1286764705882353
1 0.7886029411764706 0.6834150326797386 0.0343137254901961 0.1266339869281046
1 0.8189338235294118 0.6936274509803921 0.0254289215686275 0.1250000000000000
1 0.8458946078431373 0.7013888888888888 0.0281862745098039 0.1413398692810457
1 0.5814950980392157 0.6711601307189542 0.0199142156862745 0.1070261437908497
1 0.7356004901960784 0.9517973856209150 0.0278799019607843 0.0959967320261438
1 0.7665441176470589 0.9591503267973857 0.0333946078431373 0.0792483660130719
1 0.7061887254901961 0.9468954248366013 0.0318627450980392 0.0870098039215686
1 0.6096813725490197 0.9048202614379085 0.0217524509803922 0.0894607843137255
1 0.6253063725490197 0.6776960784313726 0.0217524509803922 0.1053921568627451
1 0.6332720588235294 0.9105392156862745 0.0223651960784314 0.1008986928104575
1 0.5631127450980392 0.7818627450980392 0.0183823529411765 0.0980392156862745
1 0.5836397058823529 0.7867647058823529 0.0214460784313725 0.1025326797385621
1 0.6063112745098039 0.7896241830065359 0.0217524509803922 0.0980392156862745
1 0.5410539215686274 0.7749183006535948 0.0217524509803922 0.1004901960784314
1 0.5477941176470589 0.8811274509803921 0.0189950980392157 0.0874183006535948
1 0.5680147058823529 0.8831699346405228 0.0196078431372549 0.0849673202614379
1 0.5888480392156863 0.8950163398692811 0.0214460784313725 0.1090686274509804
1 0.6265318627450981 0.7977941176470589 0.0186887254901961 0.0992647058823529
