1 0.8109375000000000 0.1759259259259259 0.0479166666666667 0.0388888888888889
1 0.4289062500000000 0.5305555555555556 0.0286458333333333 0.0699074074074074
1 0.3885416666666667 0.5212962962962963 0.0510416666666667 0.0939814814814815
1 0.3367187500000000 0.5166666666666667 0.0328125000000000 0.0745370370370370
1 0.2789062500000000 0.5189814814814815 0.0385416666666667 0.0865740740740741
1 0.2361979166666667 0.5268518518518519 0.0375000000000000 0.0833333333333333
1 0.1942708333333333 0.5347222222222222 0.0406250000000000 0.0768518518518519
1 0.1486979166666667 0.5754629629629630 0.0528645833333333 0.0333333333333333
1 0.0997395833333333 0.5578703703703703 0.0309895833333333 0.0541666666666667
1 0.4703125000000000 0.5018518518518519 0.0236979166666667 0.0685185185185185
1 0.0588541666666667 0.5611111111111111 0.0424479166666667 0.0555555555555556
1 0.0390625000000000 0.6944444444444444 0.0281250000000000 0.0902777777777778
1 0.0729166666666667 0.6962962962962963 0.0312500000000000 0.0990740740740741
1 0.1158854166666667 0.6722222222222223 0.0229166666666667 0.0824074074074074
1 0.1411458333333333 0.7125000000000000 0.0278645833333333 0.0495370370370370
1 0.1726562500000000 0.7027777777777777 0.0231770833333333 0.0666666666666667
1 0.2416666666666667 0.6476851851851851 0.0315104166666667 0.0953703703703704
1 0.0434895833333333 0.0884259259259259 0.0427083333333333 0.0837962962962963
1 0.0401041666666667 0.0222222222222222 0.0479166666666667 0.0444444444444444
1 0.0187500000000000 0.5546296296296296 0.0375000000000000 0.0680555555555555
1 0.5333333333333333 0.4856481481481482 0.0403645833333333 0.0527777777777778
1 0.5335937500000000 0.5398148148148149 0.0414062500000000 0.0541666666666667
1 0.5703125000000000 0.5208333333333334 0.0247395833333333 0.0851851851851852
1 0.6489583333333333 0.3981481481481481 0.0541666666666667 0.0717592592592593
1 0.6986979166666667 0.3902777777777778 0.0432291666666667 0.0731481481481481
1 0.8510416666666667 0.3393518518518518 0.0307291666666667 0.1074074074074074
1 0.8880208333333334 0.3435185185185185 0.0429687500000000 0.0875000000000000
1 0.9526041666666667 0.3773148148148148 0.0559895833333333 0.0310185185185185
1 0.9533854166666667 0.3490740740740741 0.0528645833333333 0.0259259259259259
1 0.9578125000000000 0.3222222222222222 0.0609375000000000 0.0268518518518519
1 0.9596354166666666 0.2925925925925926 0.0567708333333333 0.0310185185185185
1 0.9726562500000000 0.4916666666666666 0.0203125000000000 0.1268518518518519
1 0.9414062500000000 0.5083333333333333 0.0200520833333333 0.1175925925925926
1 0.6559895833333333 0.6328703703703704 0.0505208333333333 0.0504629629629630
1 0.8781250000000000 0.4935185185185185 0.0174479166666667 0.1273148148148148
1 0.8505208333333333 0.4962962962962963 0.0229166666666667 0.1324074074074074
1 0.8208333333333333 0.4962962962962963 0.0213541666666667 0.1157407407407407
1 0.7911458333333333 0.5092592592592593 0.0244791666666667 0.0870370370370370
1 0.7455729166666667 0.5203703703703704 0.0520833333333333 0.0620370370370370
1 0.6992187500000000 0.5263888888888889 0.0367187500000000 0.0481481481481481
1 0.6593750000000000 0.5388888888888889 0.0408854166666667 0.0513888888888889
1 0.6057291666666667 0.5185185185185185 0.0375000000000000 0.0731481481481481
1 0.0835937500000000 0.0634259259259259 0.0203125000000000 0.1273148148148148
1 0.5914062500000000 0.3990740740740741 0.0468750000000000 0.0625000000000000
1 0.1005208333333333 0.0680555555555555 0.0161458333333333 0.1319444444444444
1 0.1364583333333333 0.1703703703703704 0.0356770833333333 0.0453703703703704
1 0.6299479166666667 0.0462962962962963 0.0406250000000000 0.0921296296296296
1 0.6716145833333333 0.0476851851851852 0.0419270833333333 0.0944444444444444
1 0.7101562500000000 0.0476851851851852 0.0281250000000000 0.0939814814814815
1 0.7372395833333333 0.0476851851851852 0.0229166666666667 0.0944444444444444
1 0.7643229166666666 0.0458333333333333 0.0302083333333333 0.0921296296296296
1 0.8161458333333333 0.0254629629629630 0.0502604166666667 0.0467592592592593
1 0.3033854166666667 0.6708333333333333 0.0281250000000000 0.0921296296296296
1 0.3364583333333334 0.6625000000000000 0.0325520833333333 0.1064814814814815
1 0.8127604166666667 0.1310185185185185 0.0528645833333333 0.0375000000000000
1 0.3692708333333333 0.6773148148148148 0.0302083333333333 0.0694444444444444
1 0.4408854166666666 0.6740740740740740 0.0351562500000000 0.0981481481481482
1 0.4744791666666667 0.6666666666666666 0.0302083333333333 0.0888888888888889
1 0.5049479166666667 0.6708333333333333 0.0294270833333333 0.0824074074074074
1 0.5333333333333333 0.6564814814814814 0.0242187500000000 0.1046296296296296
1 0.5632812500000000 0.6615740740740741 0.0354166666666667 0.0990740740740741
1 0.6057291666666667 0.6856481481481481 0.0408854166666667 0.0462962962962963
1 0.0130208333333333 0.8337962962962963 0.0247395833333333 0.0513888888888889
1 0.9921875000000000 0.5046296296296297 0.0164062500000000 0.1097222222222222
1 0.4023437500000000 0.6745370370370370 0.0291666666666667 0.0773148148148148
1 0.8166666666666667 0.0796296296296296 0.0494791666666667 0.0467592592592593
1 0.5947916666666667 0.0467592592592593 0.0307291666666667 0.0930555555555556
1 0.5614583333333333 0.0476851851851852 0.0343750000000000 0.0944444444444444
1 0.1408854166666667 0.2476851851851852 0.0351562500000000 0.0685185185185185
1 0.1445312500000000 0.3078703703703703 0.0398437500000000 0.0425925925925926
1 0.1466145833333333 0.3648148148148148 0.0463541666666667 0.0375000000000000
1 0.1442708333333333 0.4185185185185185 0.0432291666666667 0.0412037037037037
1 0.1481770833333333 0.4722222222222222 0.0401041666666667 0.0388888888888889
1 0.1393229166666667 0.5273148148148148 0.0429687500000000 0.0250000000000000
1 0.1630208333333333 0.0615740740740741 0.0606770833333333 0.0578703703703704
1 0.1632812500000000 0.0166666666666667 0.0552083333333333 0.0314814814814815
1 0.2216145833333333 0.0175925925925926 0.0591145833333333 0.0291666666666667
1 0.2231770833333333 0.0638888888888889 0.0578125000000000 0.0560185185185185
1 0.2864583333333333 0.0180555555555556 0.0630208333333333 0.0328703703703704
1 0.2872395833333333 0.0666666666666667 0.0609375000000000 0.0578703703703704
1 0.3463541666666667 0.0458333333333333 0.0494791666666667 0.0861111111111111
1 0.3856770833333333 0.0462962962962963 0.0242187500000000 0.0916666666666667
1 0.4119791666666667 0.0472222222222222 0.0265625000000000 0.0949074074074074
1 0.4401041666666667 0.0476851851851852 0.0252604166666667 0.0888888888888889
1 0.4656250000000000 0.0481481481481481 0.0263020833333333 0.0930555555555556
1 0.4958333333333333 0.0476851851851852 0.0330729166666667 0.0944444444444444
1 0.5291666666666667 0.0462962962962963 0.0294270833333333 0.0916666666666667
1 0.1190104166666667 0.0611111111111111 0.0166666666666667 0.1222222222222222
1 0.5390625000000000 0.4032407407407407 0.0473958333333333 0.0634259259259259
1 0.9106770833333333 0.4976851851851852 0.0263020833333333 0.1342592592592593
1 0.4398437500000000 0.4060185185185185 0.0492187500000000 0.0583333333333333
1 0.1796875000000000 0.7888888888888889 0.0286458333333333 0.0166666666666667
1 0.1580729166666667 0.8129629629629630 0.0171875000000000 0.0379629629629630
1 0.1210937500000000 0.8444444444444444 0.0367187500000000 0.0222222222222222
1 0.0927083333333333 0.8087962962962963 0.0330729166666667 0.0319444444444444
1 0.0450520833333333 0.8087962962962963 0.0229166666666667 0.0245370370370370
1 0.0481770833333333 0.8407407407407408 0.0276041666666667 0.0333333333333333
1 0.9552083333333333 0.0351851851851852 0.0450520833333333 0.0685185185185185
1 0.4895833333333333 0.4041666666666667 0.0468750000000000 0.0643518518518519
1 0.1828125000000000 0.8439814814814814 0.0304687500000000 0.0310185185185185
1 0.9760416666666667 0.1712962962962963 0.0270833333333333 0.1097222222222222
1 0.6963541666666667 0.2337962962962963 0.0367187500000000 0.1583333333333333
1 0.6578125000000000 0.2319444444444445 0.0375000000000000 0.1592592592592593
1 0.6257812500000000 0.2569444444444444 0.0242187500000000 0.1120370370370370
1 0.6007812500000000 0.2523148148148148 0.0244791666666667 0.1212962962962963
1 0.5747395833333333 0.2583333333333334 0.0229166666666667 0.1134259259259259
1 0.5505208333333333 0.2574074074074074 0.0239583333333333 0.1199074074074074
1 0.5098958333333333 0.2333333333333333 0.0526041666666667 0.0611111111111111
1 0.5109375000000000 0.2907407407407407 0.0533854166666667 0.0532407407407407
1 0.7343750000000000 0.2287037037037037 0.0351562500000000 0.1643518518518519
1 0.2143229166666667 0.8162037037037037 0.0166666666666667 0.0657407407407407
1 0.2466145833333333 0.8287037037037037 0.0408854166666667 0.0240740740740741
1 0.2786458333333333 0.8444444444444444 0.0197916666666667 0.0375000000000000
1 0.8057291666666667 0.2263888888888889 0.0494791666666667 0.0476851851851852
1 0.8000000000000000 0.2851851851851852 0.0567708333333333 0.0597222222222222
1 0.8625000000000000 0.0328703703703704 0.0291666666666667 0.0657407407407407
1 0.8914062500000000 0.0356481481481482 0.0263020833333333 0.0708333333333333
1 0.9187500000000000 0.0347222222222222 0.0260416666666667 0.0689814814814815
1 0.7190104166666667 0.7902777777777777 0.0138020833333333 0.0736111111111111
1 0.6867187500000000 0.7949074074074074 0.0255208333333333 0.0958333333333333
1 0.6526041666666667 0.7967592592592593 0.0343750000000000 0.0611111111111111
1 0.6169270833333333 0.7782407407407408 0.0299479166666667 0.0601851851851852
1 0.5875000000000000 0.8199074074074074 0.0291666666666667 0.0532407407407407
1 0.5567708333333333 0.8212962962962963 0.0289062500000000 0.0523148148148148
1 0.5208333333333334 0.8273148148148148 0.0395833333333333 0.0393518518518519
1 0.4861979166666667 0.8175925925925925 0.0218750000000000 0.0527777777777778
1 0.4471354166666667 0.8189814814814815 0.0388020833333333 0.0333333333333333
1 0.4020833333333333 0.8199074074074074 0.0468750000000000 0.0458333333333333
1 0.3989583333333334 0.7708333333333334 0.0414062500000000 0.0509259259259259
1 0.3614583333333333 0.8203703703703704 0.0322916666666667 0.0347222222222222
1 0.3296875000000000 0.8101851851851852 0.0296875000000000 0.0837962962962963
1 0.2997395833333333 0.8490740740740741 0.0182291666666667 0.0407407407407407
1 0.4557291666666667 0.2916666666666667 0.0531250000000000 0.0518518518518519
1 0.4559895833333333 0.2351851851851852 0.0541666666666667 0.0620370370370370
1 0.9903645833333333 0.0365740740740741 0.0192708333333333 0.0685185185185185
1 0.3981770833333333 0.2402777777777778 0.0544270833333333 0.0546296296296296
1 0.9335937500000000 0.7824074074074074 0.0127604166666667 0.1087962962962963
1 0.9500000000000000 0.7879629629629630 0.0153645833333333 0.1055555555555556
1 0.9664062500000000 0.7981481481481482 0.0135416666666667 0.0726851851851852
1 0.9877604166666667 0.7995370370370370 0.0250000000000000 0.0837962962962963
1 0.9888020833333333 0.6240740740740741 0.0221354166666667 0.0652777777777778
1 0.9502604166666667 0.6328703703703704 0.0239583333333333 0.0763888888888889
1 0.3992187500000000 0.2009259259259259 0.0351562500000000 0.0222222222222222
1 0.9223958333333333 0.6314814814814815 0.0158854166666667 0.0819444444444444
1 0.8986979166666667 0.6425925925925926 0.0278645833333333 0.0888888888888889
1 0.8705729166666667 0.6370370370370371 0.0158854166666667 0.0740740740740741
1 0.8468750000000000 0.6481481481481481 0.0276041666666667 0.0819444444444444
1 0.8072916666666666 0.6324074074074074 0.0257812500000000 0.0754629629629630
1 0.7716145833333333 0.6273148148148148 0.0221354166666667 0.0527777777777778
1 0.7458333333333333 0.6675925925925926 0.0278645833333333 0.0745370370370370
1 0.7026041666666667 0.6861111111111111 0.0445312500000000 0.0421296296296296
1 0.7059895833333333 0.6398148148148148 0.0497395833333333 0.0509259259259259
1 0.2406250000000000 0.4032407407407407 0.0255208333333333 0.0472222222222222
1 0.3390625000000000 0.3972222222222222 0.0484375000000000 0.0782407407407407
1 0.3901041666666666 0.4050925925925926 0.0489583333333333 0.0597222222222222
1 0.9106770833333333 0.7787037037037037 0.0187500000000000 0.1166666666666667
1 0.8882812500000000 0.7800925925925926 0.0161458333333333 0.1138888888888889
1 0.6546875000000000 0.6800925925925926 0.0523437500000000 0.0402777777777778
1 0.8265625000000000 0.7856481481481481 0.0208333333333333 0.1097222222222222
1 0.8546875000000000 0.7750000000000000 0.0221354166666667 0.1074074074074074
1 0.1903645833333333 0.4138888888888889 0.0437500000000000 0.0546296296296296
1 0.0742187500000000 0.4615740740740741 0.0432291666666667 0.0481481481481481
1 0.0234375000000000 0.4597222222222222 0.0471354166666667 0.0444444444444444
1 0.0606770833333333 0.2884259259259259 0.0294270833333333 0.1185185185185185
1 0.1083333333333333 0.2712962962962963 0.0140625000000000 0.0981481481481482
1 0.1898437500000000 0.2375000000000000 0.0341145833333333 0.1342592592592593
1 0.2218750000000000 0.2351851851851852 0.0278645833333333 0.1314814814814815
1 0.2750000000000000 0.2333333333333333 0.0380208333333333 0.1666666666666667
1 0.2455729166666667 0.2416666666666667 0.0195312500000000 0.1254629629629630
1 0.3117187500000000 0.2314814814814815 0.0356770833333333 0.1652777777777778
1 0.3497395833333333 0.2310185185185185 0.0382812500000000 0.1606481481481482
1 0.4007812500000000 0.2935185185185185 0.0557291666666667 0.0509259259259259
1 0.7416666666666667 0.7875000000000000 0.0166666666666667 0.0912037037037037
1 0.7718750000000000 0.8351851851851851 0.0424479166666667 0.0152777777777778
1 0.7747395833333334 0.8101851851851852 0.0401041666666667 0.0175925925925926
1 0.7752604166666667 0.7902777777777777 0.0414062500000000 0.0208333333333333
1 0.7783854166666667 0.7657407407407407 0.0382812500000000 0.0240740740740741
1 0.8062500000000000 0.7935185185185185 0.0127604166666667 0.1078703703703704
1 0.2856770833333334 0.4185185185185185 0.0453125000000000 0.0333333333333333
