1 0.7125000000000000 0.8484375000000000 0.0375000000000000 0.0781250000000000
1 0.3322916666666667 0.8496093750000000 0.0312500000000000 0.0714843750000000
1 0.3677083333333334 0.8507812500000000 0.0359375000000000 0.0734375000000000
1 0.4083333333333333 0.8445312500000000 0.0369791666666667 0.0722656250000000
1 0.4468750000000000 0.8480468750000000 0.0369791666666667 0.0800781250000000
1 0.5979166666666667 0.8480468750000000 0.0390625000000000 0.0753906250000000
1 0.5432291666666667 0.8468750000000000 0.0697916666666667 0.0800781250000000
1 0.6359375000000000 0.8515625000000000 0.0286458333333333 0.0707031250000000
1 0.6723958333333333 0.8492187500000000 0.0406250000000000 0.0773437500000000
1 0.7526041666666666 0.8500000000000000 0.0375000000000000 0.0816406250000000
1 0.4854166666666667 0.8488281250000000 0.0380208333333333 0.0835937500000000
1 0.2984375000000000 0.8496093750000000 0.0317708333333333 0.0691406250000000
1 0.0968750000000000 0.8660156250000000 0.0442708333333333 0.0371093750000000
1 0.0463541666666667 0.8046875000000000 0.0604166666666667 0.0414062500000000
1 0.2213541666666667 0.8691406250000000 0.0432291666666667 0.0375000000000000
1 0.1776041666666667 0.8683593750000000 0.0385416666666667 0.0371093750000000
1 0.1385416666666667 0.8679687500000000 0.0343750000000000 0.0359375000000000
1 0.0994791666666667 0.8281250000000000 0.0432291666666667 0.0328125000000000
1 0.8463541666666666 0.3273437500000000 0.0750000000000000 0.0429687500000000
1 0.0531250000000000 0.8636718750000000 0.0395833333333333 0.0371093750000000
1 0.0161458333333333 0.8632812500000000 0.0312500000000000 0.0476562500000000
1 0.7677083333333333 0.3265625000000000 0.0744791666666667 0.0445312500000000
1 0.6937500000000000 0.3281250000000000 0.0671875000000000 0.0445312500000000
1 0.6229166666666667 0.3269531250000000 0.0718750000000000 0.0414062500000000
1 0.5515625000000000 0.3273437500000000 0.0666666666666667 0.0453125000000000
1 0.2640625000000000 0.8492187500000000 0.0328125000000000 0.0703125000000000
1 0.9182291666666667 0.3269531250000000 0.0645833333333333 0.0445312500000000
1 0.4880208333333333 0.1691406250000000 0.0770833333333333 0.0460937500000000
1 0.0375000000000000 0.2046875000000000 0.0687500000000000 0.0687500000000000
1 0.5541666666666667 0.2816406250000000 0.0723958333333333 0.0410156250000000
1 0.9328125000000000 0.0316406250000000 0.0942708333333333 0.0515625000000000
1 0.8369791666666667 0.0273437500000000 0.0916666666666667 0.0550781250000000
1 0.7380208333333333 0.0289062500000000 0.0890625000000000 0.0566406250000000
1 0.6328125000000000 0.0285156250000000 0.0921875000000000 0.0554687500000000
1 0.5125000000000000 0.0343750000000000 0.0812500000000000 0.0460937500000000
1 0.4260416666666667 0.0304687500000000 0.0880208333333333 0.0562500000000000
1 0.3328125000000000 0.0316406250000000 0.0942708333333333 0.0539062500000000
1 0.2395833333333333 0.0320312500000000 0.0927083333333333 0.0527343750000000
1 0.9906250000000000 0.2125000000000000 0.0208333333333333 0.0464843750000000
1 0.9869791666666666 0.1679687500000000 0.0276041666666667 0.0410156250000000
1 0.9401041666666666 0.2125000000000000 0.0713541666666667 0.0464843750000000
1 0.8661458333333333 0.2128906250000000 0.0760416666666667 0.0441406250000000
1 0.7895833333333333 0.2140625000000000 0.0703125000000000 0.0468750000000000
1 0.7151041666666667 0.2140625000000000 0.0713541666666667 0.0472656250000000
1 0.6401041666666667 0.2164062500000000 0.0713541666666667 0.0492187500000000
1 0.6401041666666667 0.1691406250000000 0.0718750000000000 0.0429687500000000
1 0.5661458333333333 0.1671875000000000 0.0729166666666667 0.0464843750000000
1 0.5677083333333334 0.2160156250000000 0.0713541666666667 0.0488281250000000
1 0.4927083333333334 0.2164062500000000 0.0755208333333333 0.0449218750000000
1 0.4119791666666667 0.1671875000000000 0.0776041666666667 0.0441406250000000
1 0.4140625000000000 0.2152343750000000 0.0739583333333333 0.0496093750000000
1 0.2505208333333334 0.2167968750000000 0.0380208333333333 0.0550781250000000
1 0.1937500000000000 0.1957031250000000 0.0739583333333333 0.0859375000000000
1 0.1156250000000000 0.2000000000000000 0.0750000000000000 0.0812500000000000
1 0.9776041666666667 0.3265625000000000 0.0463541666666667 0.0441406250000000
1 0.7927083333333333 0.1671875000000000 0.0734375000000000 0.0441406250000000
1 0.4791666666666667 0.3277343750000000 0.0734375000000000 0.0460937500000000
1 0.6541666666666667 0.6234375000000000 0.0385416666666667 0.0839843750000000
1 0.1552083333333333 0.5203125000000000 0.0406250000000000 0.0699218750000000
1 0.2322916666666667 0.5214843750000000 0.0458333333333333 0.0695312500000000
1 0.2750000000000000 0.5210937500000000 0.0354166666666667 0.0652343750000000
1 0.3125000000000000 0.5218750000000000 0.0369791666666667 0.0683593750000000
1 0.3505208333333333 0.5210937500000000 0.0369791666666667 0.0750000000000000
1 0.3869791666666667 0.5160156250000000 0.0359375000000000 0.0796875000000000
1 0.2635416666666667 0.7003906250000000 0.0380208333333333 0.0312500000000000
1 0.2177083333333333 0.7082031250000000 0.0458333333333333 0.0355468750000000
1 0.2937500000000000 0.7445312500000000 0.0406250000000000 0.0382812500000000
1 0.1145833333333333 0.5207031250000000 0.0375000000000000 0.0683593750000000
1 0.2515625000000000 0.7457031250000000 0.0364583333333333 0.0382812500000000
1 0.0979166666666667 0.7425781250000000 0.0583333333333333 0.0390625000000000
1 0.0354166666666667 0.7425781250000000 0.0614583333333333 0.0390625000000000
1 0.9614583333333333 0.8523437500000000 0.0583333333333333 0.0789062500000000
1 0.8901041666666667 0.8507812500000000 0.0765625000000000 0.0832031250000000
1 0.8109375000000000 0.8507812500000000 0.0739583333333333 0.0832031250000000
1 0.4260416666666667 0.5132812500000000 0.0369791666666667 0.0855468750000000
1 0.4682291666666666 0.5125000000000000 0.0416666666666667 0.0828125000000000
1 0.5078125000000000 0.5113281250000000 0.0348958333333333 0.0847656250000000
1 0.5479166666666667 0.5136718750000000 0.0380208333333333 0.0875000000000000
1 0.1578125000000000 0.7441406250000000 0.0567708333333333 0.0378906250000000
1 0.5885416666666666 0.5132812500000000 0.0416666666666667 0.0882812500000000
1 0.0718750000000000 0.5199218750000000 0.0390625000000000 0.0722656250000000
1 0.7328125000000000 0.7234375000000000 0.0369791666666667 0.0753906250000000
1 0.9750000000000000 0.6250000000000000 0.0411458333333333 0.0867187500000000
1 0.9322916666666666 0.6246093750000000 0.0416666666666667 0.0835937500000000
1 0.6119791666666666 0.6214843750000000 0.0375000000000000 0.0800781250000000
1 0.8937500000000000 0.6234375000000000 0.0322916666666667 0.0792968750000000
1 0.8557291666666667 0.6246093750000000 0.0432291666666667 0.0816406250000000
1 0.8114583333333333 0.6230468750000000 0.0406250000000000 0.0828125000000000
1 0.7703125000000000 0.6214843750000000 0.0380208333333333 0.0824218750000000
1 0.7286458333333333 0.6230468750000000 0.0375000000000000 0.0828125000000000
1 0.6916666666666667 0.6207031250000000 0.0343750000000000 0.0832031250000000
1 0.0312500000000000 0.5210937500000000 0.0369791666666667 0.0714843750000000
1 0.3343750000000000 0.7253906250000000 0.0369791666666667 0.0695312500000000
1 0.4000000000000000 0.7234375000000000 0.0354166666666667 0.0753906250000000
1 0.4380208333333334 0.7226562500000000 0.0390625000000000 0.0781250000000000
1 0.4760416666666666 0.7218750000000000 0.0343750000000000 0.0765625000000000
1 0.5125000000000000 0.7261718750000000 0.0338541666666667 0.0738281250000000
1 0.5473958333333333 0.7265625000000000 0.0302083333333333 0.0746093750000000
1 0.5802083333333333 0.7253906250000000 0.0317708333333333 0.0742187500000000
1 0.6140625000000000 0.7257812500000000 0.0354166666666667 0.0726562500000000
1 0.6526041666666667 0.7250000000000000 0.0385416666666667 0.0781250000000000
1 0.6932291666666667 0.7242187500000000 0.0375000000000000 0.0765625000000000
1 0.3682291666666667 0.7230468750000000 0.0276041666666667 0.0769531250000000
1 0.4807291666666667 0.2816406250000000 0.0703125000000000 0.0406250000000000
1 0.2088541666666667 0.7445312500000000 0.0406250000000000 0.0359375000000000
1 0.3343750000000000 0.3273437500000000 0.0713541666666667 0.0453125000000000
1 0.2312500000000000 0.6308593750000000 0.0531250000000000 0.0582031250000000
1 0.2932291666666667 0.6433593750000000 0.0692708333333333 0.0332031250000000
1 0.3479166666666667 0.6226562500000000 0.0375000000000000 0.0726562500000000
1 0.3869791666666667 0.6191406250000000 0.0385416666666667 0.0773437500000000
1 0.4244791666666667 0.6183593750000000 0.0369791666666667 0.0808593750000000
1 0.4640625000000000 0.6187500000000000 0.0401041666666667 0.0816406250000000
1 0.5197916666666667 0.6199218750000000 0.0682291666666667 0.0835937500000000
1 0.5739583333333333 0.6234375000000000 0.0328125000000000 0.0769531250000000
1 0.1671875000000000 0.4070312500000000 0.0380208333333333 0.0730468750000000
1 0.1270833333333333 0.4082031250000000 0.0395833333333333 0.0703125000000000
1 0.4062500000000000 0.3289062500000000 0.0682291666666667 0.0445312500000000
1 0.0432291666666667 0.4070312500000000 0.0390625000000000 0.0679687500000000
1 0.9557291666666666 0.5152343750000000 0.0380208333333333 0.0863281250000000
1 0.9171875000000000 0.5160156250000000 0.0380208333333333 0.0851562500000000
1 0.8734375000000000 0.5152343750000000 0.0432291666666667 0.0867187500000000
1 0.8312500000000000 0.5148437500000000 0.0416666666666667 0.0855468750000000
1 0.7875000000000000 0.5117187500000000 0.0338541666666667 0.0863281250000000
1 0.7510416666666667 0.5128906250000000 0.0348958333333333 0.0863281250000000
1 0.7114583333333333 0.5121093750000000 0.0421875000000000 0.0867187500000000
1 0.6692708333333334 0.5128906250000000 0.0375000000000000 0.0882812500000000
1 0.6291666666666667 0.5128906250000000 0.0406250000000000 0.0886718750000000
1 0.1807291666666667 0.6269531250000000 0.0421875000000000 0.0648437500000000
1 0.1125000000000000 0.6277343750000000 0.0911458333333333 0.0664062500000000
1 0.0854166666666667 0.4078125000000000 0.0395833333333333 0.0718750000000000
1 0.0114583333333333 0.6296875000000000 0.0218750000000000 0.0648437500000000
1 0.0442708333333333 0.6265625000000000 0.0411458333333333 0.0667968750000000
1 0.2645833333333333 0.3105468750000000 0.0687500000000000 0.0714843750000000
1 0.1942708333333333 0.3156250000000000 0.0630208333333333 0.0683593750000000
1 0.1187500000000000 0.3105468750000000 0.0739583333333333 0.0695312500000000
1 0.0406250000000000 0.3164062500000000 0.0625000000000000 0.0652343750000000
1 0.9421875000000000 0.4230468750000000 0.0781250000000000 0.0453125000000000
1 0.7968750000000000 0.4234375000000000 0.0661458333333333 0.0460937500000000
1 0.7270833333333333 0.4230468750000000 0.0671875000000000 0.0433593750000000
1 0.6567708333333333 0.4238281250000000 0.0666666666666667 0.0425781250000000
1 0.5880208333333333 0.4234375000000000 0.0671875000000000 0.0429687500000000
1 0.8661458333333333 0.4234375000000000 0.0734375000000000 0.0449218750000000
1 0.4505208333333333 0.4226562500000000 0.0671875000000000 0.0445312500000000
1 0.3791666666666667 0.4234375000000000 0.0682291666666667 0.0441406250000000
1 0.3223958333333333 0.4078125000000000 0.0375000000000000 0.0718750000000000
1 0.2833333333333333 0.4089843750000000 0.0401041666666667 0.0722656250000000
1 0.2447916666666667 0.4070312500000000 0.0354166666666667 0.0707031250000000
1 0.2057291666666667 0.4078125000000000 0.0380208333333333 0.0695312500000000
1 0.7916666666666666 0.7238281250000000 0.0807291666666667 0.0738281250000000
1 0.8713541666666667 0.7253906250000000 0.0739583333333333 0.0765625000000000
1 0.5187500000000000 0.4230468750000000 0.0656250000000000 0.0457031250000000
1 0.9520833333333333 0.7253906250000000 0.0812500000000000 0.0792968750000000
