1 0.3978632478632478 0.4175480769230769 0.1457264957264957 0.0194711538461538
1 0.3944444444444444 0.4379807692307692 0.1529914529914530 0.0206730769230769
1 0.2538461538461538 0.4254807692307692 0.1243589743589744 0.0170673076923077
1 0.6914529914529914 0.4125000000000000 0.1196581196581197 0.0175480769230769
1 0.8350427350427351 0.4346153846153846 0.1431623931623932 0.0194711538461538
1 0.8380341880341881 0.4139423076923077 0.1465811965811966 0.0204326923076923
1 0.6918803418803419 0.4598557692307692 0.1205128205128205 0.0199519230769231
1 0.6910256410256410 0.4338942307692308 0.1243589743589744 0.0230769230769231
1 0.8333333333333334 0.4564903846153846 0.1418803418803419 0.0206730769230769
1 0.2538461538461538 0.4062500000000000 0.1294871794871795 0.0177884615384615
1 0.5534188034188035 0.4151442307692308 0.1512820512820513 0.0177884615384615
1 0.0803418803418803 0.4189903846153846 0.1324786324786325 0.0168269230769231
1 0.6799145299145299 0.6990384615384615 0.0927350427350427 0.0192307692307692
1 0.5722222222222222 0.7225961538461538 0.1094017094017094 0.0165865384615385
1 0.5735042735042735 0.7033653846153847 0.1089743589743590 0.0197115384615385
1 0.4594017094017094 0.6985576923076923 0.0905982905982906 0.0185096153846154
1 0.4615384615384616 0.6771634615384615 0.0948717948717949 0.0149038461538462
1 0.3482905982905983 0.7060096153846154 0.0555555555555556 0.0622596153846154
1 0.2893162393162393 0.7064903846153846 0.0551282051282051 0.0632211538461538
1 0.1854700854700855 0.7192307692307692 0.1277777777777778 0.0201923076923077
1 0.1841880341880342 0.7007211538461539 0.1303418803418804 0.0175480769230769
1 0.9461538461538461 0.6423076923076924 0.1102564102564103 0.0189903846153846
1 0.9452991452991453 0.6213942307692307 0.1085470085470085 0.0192307692307692
1 0.8196581196581196 0.6206730769230769 0.1423076923076923 0.0177884615384615
1 0.6790598290598291 0.7447115384615385 0.0948717948717949 0.0211538461538462
1 0.6709401709401709 0.6314903846153846 0.1256410256410256 0.0185096153846154
1 0.5405982905982906 0.6300480769230770 0.1192307692307692 0.0187500000000000
1 0.5418803418803418 0.6055288461538462 0.1196581196581197 0.0137019230769231
1 0.4106837606837607 0.6067307692307692 0.1239316239316239 0.0137019230769231
1 0.2777777777777778 0.6110576923076924 0.1153846153846154 0.0146634615384615
1 0.2760683760683761 0.5980769230769231 0.1175213675213675 0.0122596153846154
1 0.5495726495726496 0.4348557692307692 0.1448717948717949 0.0197115384615385
1 0.1200854700854701 0.6192307692307693 0.1329059829059829 0.0120192307692308
1 0.1256410256410256 0.6009615384615384 0.1303418803418804 0.0127403846153846
1 0.9448717948717948 0.5682692307692307 0.1123931623931624 0.0156250000000000
1 0.9431623931623931 0.5480769230769231 0.1132478632478632 0.0175480769230769
1 0.9427350427350427 0.5281250000000000 0.1170940170940171 0.0168269230769231
1 0.8149572649572649 0.5401442307692308 0.1290598290598291 0.0197115384615385
1 0.6705128205128205 0.6141826923076923 0.1247863247863248 0.0156250000000000
1 0.7611111111111111 0.7250000000000000 0.0487179487179487 0.0425480769230769
1 0.8239316239316239 0.7245192307692307 0.0572649572649573 0.0439903846153846
1 0.8760683760683761 0.7105769230769231 0.0405982905982906 0.0394230769230769
1 0.0803418803418803 0.4382211538461538 0.1282051282051282 0.0187500000000000
1 0.9243589743589744 0.8274038461538461 0.0337606837606838 0.0706730769230769
1 0.8846153846153846 0.8334134615384615 0.0431623931623932 0.0692307692307692
1 0.8440170940170940 0.8341346153846154 0.0320512820512820 0.0706730769230769
1 0.8012820512820513 0.8293269230769231 0.0350427350427350 0.0639423076923077
1 0.7649572649572649 0.8459134615384616 0.0376068376068376 0.0685096153846154
1 0.6974358974358974 0.8329326923076923 0.0709401709401709 0.0894230769230769
1 0.6457264957264958 0.8365384615384616 0.0239316239316239 0.0889423076923077
1 0.6115384615384616 0.8375000000000000 0.0256410256410256 0.0879807692307692
1 0.5675213675213675 0.8216346153846154 0.0269230769230769 0.0776442307692308
1 0.5354700854700855 0.8151442307692308 0.0273504273504274 0.0675480769230769
1 0.5059829059829060 0.8293269230769231 0.0252136752136752 0.0747596153846154
1 0.4688034188034188 0.8262019230769231 0.0299145299145299 0.0814903846153846
1 0.4303418803418804 0.8247596153846154 0.0235042735042735 0.0730769230769231
1 0.3978632478632478 0.8305288461538461 0.0239316239316239 0.0716346153846154
1 0.3589743589743590 0.8295673076923077 0.0397435897435897 0.0805288461538462
1 0.2414529914529915 0.8343750000000000 0.0290598290598291 0.0637019230769231
1 0.2076923076923077 0.8367788461538461 0.0320512820512820 0.0579326923076923
1 0.1683760683760684 0.8322115384615385 0.0282051282051282 0.0567307692307692
1 0.1294871794871795 0.8427884615384615 0.0252136752136752 0.0567307692307692
1 0.0961538461538462 0.8338942307692307 0.0286324786324786 0.0889423076923077
1 0.0589743589743590 0.8343750000000000 0.0337606837606838 0.0870192307692308
1 0.0183760683760684 0.8379807692307693 0.0329059829059829 0.0759615384615385
1 0.9517094017094017 0.7346153846153847 0.0508547008547009 0.0406250000000000
1 0.9367521367521368 0.6954326923076923 0.0636752136752137 0.0305288461538462
1 0.8017094017094017 0.6867788461538461 0.0363247863247863 0.0161057692307692
1 0.7649572649572649 0.6877403846153847 0.0324786324786325 0.0204326923076923
1 0.8115384615384615 0.5168269230769231 0.1256410256410256 0.0177884615384615
1 0.6794871794871795 0.5403846153846154 0.1239316239316239 0.0177884615384615
1 0.6816239316239316 0.7230769230769231 0.1008547008547009 0.0175480769230769
1 0.5397435897435897 0.5307692307692308 0.1179487179487179 0.0168269230769231
1 0.9619658119658120 0.1302884615384615 0.0247863247863248 0.0925480769230769
1 0.0594017094017094 0.2117788461538462 0.1188034188034188 0.0211538461538462
1 0.0619658119658120 0.2317307692307692 0.1243589743589744 0.0189903846153846
1 0.0628205128205128 0.2514423076923077 0.1256410256410256 0.0187500000000000
1 0.2358974358974359 0.2334134615384615 0.1397435897435897 0.0221153846153846
1 0.2380341880341880 0.2521634615384615 0.1393162393162393 0.0151442307692308
1 0.2316239316239316 0.2718750000000000 0.1551282051282051 0.0173076923076923
1 0.3829059829059829 0.2221153846153846 0.1440170940170940 0.0233173076923077
1 0.3837606837606838 0.2468750000000000 0.1478632478632479 0.0235576923076923
1 0.5346153846153846 0.2257211538461538 0.1388888888888889 0.0199519230769231
1 0.5341880341880342 0.2475961538461539 0.1470085470085470 0.0218750000000000
1 0.8521367521367521 0.2343750000000000 0.1273504273504273 0.0137019230769231
1 0.8572649572649572 0.2543269230769231 0.1337606837606838 0.0163461538461538
1 0.1183760683760684 0.3187500000000000 0.1525641025641026 0.0247596153846154
1 0.1247863247863248 0.3427884615384615 0.1512820512820513 0.0199519230769231
1 0.2658119658119658 0.3204326923076923 0.0970085470085470 0.0199519230769231
1 0.2688034188034188 0.3425480769230769 0.0935897435897436 0.0221153846153846
1 0.3957264957264957 0.3194711538461538 0.1277777777777778 0.0230769230769231
1 0.3952991452991453 0.3435096153846154 0.1264957264957265 0.0240384615384615
1 0.5286324786324786 0.3197115384615384 0.1269230769230769 0.0213942307692308
1 0.5324786324786325 0.3432692307692308 0.1226495726495726 0.0206730769230769
1 0.6611111111111111 0.3206730769230769 0.1158119658119658 0.0230769230769231
1 0.6658119658119658 0.3432692307692308 0.1188034188034188 0.0206730769230769
1 0.8482905982905983 0.3192307692307692 0.1482905982905983 0.0201923076923077
1 0.8529914529914530 0.3403846153846154 0.1564102564102564 0.0204326923076923
1 0.6790598290598291 0.5213942307692307 0.1273504273504273 0.0194711538461538
1 0.0777777777777778 0.4016826923076923 0.1299145299145299 0.0141826923076923
1 0.9209401709401709 0.1355769230769231 0.0269230769230769 0.0894230769230769
1 0.8918803418803419 0.1353365384615385 0.0294871794871795 0.0891826923076923
1 0.7094017094017094 0.2747596153846154 0.1461538461538462 0.0153846153846154
1 0.6893162393162393 0.1685096153846154 0.1811965811965812 0.0266826923076923
1 0.5401709401709401 0.5100961538461538 0.1166666666666667 0.0177884615384615
1 0.8158119658119658 0.1245192307692308 0.0500000000000000 0.1040865384615385
1 0.3970085470085470 0.5322115384615385 0.1252136752136752 0.0120192307692308
1 0.4029914529914530 0.5163461538461539 0.1230769230769231 0.0170673076923077
1 0.2521367521367521 0.5427884615384615 0.1299145299145299 0.0144230769230769
1 0.2500000000000000 0.5252403846153846 0.1307692307692308 0.0165865384615385
1 0.1064102564102564 0.5528846153846154 0.1243589743589744 0.0187500000000000
1 0.9538461538461539 0.4574519230769231 0.0923076923076923 0.0173076923076923
1 0.9559829059829060 0.4360576923076923 0.0871794871794872 0.0223557692307692
1 0.9662393162393162 0.8382211538461538 0.0333333333333333 0.0711538461538462
1 0.0606837606837607 0.0822115384615385 0.1217948717948718 0.0305288461538462
1 0.0632478632478632 0.1108173076923077 0.1269230769230769 0.0242788461538462
1 0.0615384615384615 0.1375000000000000 0.1235042735042735 0.0264423076923077
1 0.0649572649572650 0.1649038461538462 0.1303418803418804 0.0274038461538462
1 0.3957264957264957 0.5451923076923076 0.1371794871794872 0.0115384615384615
1 0.2132478632478632 0.1242788461538462 0.1465811965811966 0.0197115384615385
1 0.2132478632478632 0.1021634615384615 0.1504273504273504 0.0204326923076923
1 0.6923076923076923 0.1420673076923077 0.1824786324786325 0.0235576923076923
1 0.6927350427350427 0.1163461538461538 0.1833333333333333 0.0223557692307692
1 0.5183760683760684 0.1706730769230769 0.1435897435897436 0.0204326923076923
1 0.5200854700854701 0.1225961538461538 0.1474358974358974 0.0218750000000000
1 0.5196581196581197 0.1471153846153846 0.1508547008547008 0.0228365384615385
1 0.3636752136752137 0.1423076923076923 0.1474358974358974 0.0240384615384615
1 0.3619658119658120 0.1151442307692308 0.1487179487179487 0.0250000000000000
1 0.2111111111111111 0.1673076923076923 0.1465811965811966 0.0218750000000000
1 0.2132478632478632 0.1456730769230769 0.1414529914529915 0.0204326923076923
1 0.3619658119658120 0.1661057692307692 0.1491452991452991 0.0247596153846154
