1 0.7491830065359477 0.4525122549019608 0.0179738562091503 0.0352328431372549
1 0.7667483660130719 0.4491421568627451 0.0106209150326797 0.0346200980392157
1 0.7830882352941176 0.4488357843137255 0.0187908496732026 0.0355392156862745
1 0.8026960784313726 0.4497549019607843 0.0179738562091503 0.0337009803921569
1 0.8218954248366013 0.4466911764705883 0.0171568627450980 0.0355392156862745
1 0.8370098039215687 0.4469975490196079 0.0130718954248366 0.0321691176470588
1 0.8533496732026143 0.4463848039215687 0.0098039215686275 0.0333946078431373
1 0.7299836601307189 0.4522058823529412 0.0142973856209150 0.0379901960784314
1 0.8668300653594772 0.4479166666666667 0.0126633986928105 0.0281862745098039
1 0.8692810457516340 0.3967524509803921 0.0130718954248366 0.0321691176470588
1 0.7687908496732027 0.4001225490196079 0.0179738562091503 0.0343137254901961
1 0.7524509803921569 0.4013480392156863 0.0122549019607843 0.0364583333333333
1 0.6907679738562091 0.5640318627450981 0.0147058823529412 0.0370710784313725
1 0.7593954248366013 0.5606617647058824 0.0114379084967320 0.0321691176470588
1 0.7250816993464052 0.5646446078431373 0.0130718954248366 0.0312500000000000
1 0.5739379084967320 0.4580269607843137 0.0167483660130719 0.0352328431372549
1 0.5976307189542484 0.4574142156862745 0.0241013071895425 0.0389093137254902
1 0.6213235294117647 0.4568014705882353 0.0130718954248366 0.0358455882352941
1 0.6392973856209150 0.4561887254901961 0.0159313725490196 0.0349264705882353
1 0.6580882352941176 0.4543504901960784 0.0163398692810458 0.0358455882352941
1 0.6936274509803921 0.4543504901960784 0.0204248366013072 0.0382965686274510
1 0.7128267973856209 0.4534313725490196 0.0159313725490196 0.0355392156862745
1 0.8627450980392157 0.5526960784313726 0.0134803921568627 0.0297181372549020
1 0.8435457516339869 0.5560661764705882 0.0151143790849673 0.0297181372549020
1 0.8259803921568627 0.5554534313725490 0.0134803921568627 0.0312500000000000
1 0.8096405228758170 0.5582107843137255 0.0110294117647059 0.0306372549019608
1 0.7937091503267973 0.5579044117647058 0.0126633986928105 0.0284926470588235
1 0.7745098039215687 0.5588235294117647 0.0142973856209150 0.0309436274509804
1 0.7324346405228758 0.4001225490196079 0.0187908496732026 0.0321691176470588
1 0.7414215686274510 0.5618872549019608 0.0147058823529412 0.0321691176470588
1 0.7099673202614379 0.5640318627450981 0.0134803921568627 0.0349264705882353
1 0.7017973856209150 0.4013480392156863 0.0159313725490196 0.0367647058823529
1 0.6450163398692811 0.4044117647058824 0.0179738562091503 0.0349264705882353
1 0.6654411764705882 0.4025735294117647 0.0159313725490196 0.0367647058823529
1 0.8047385620915033 0.5049019607843137 0.0102124183006536 0.0337009803921569
1 0.8186274509803921 0.5039828431372549 0.0163398692810458 0.0355392156862745
1 0.8370098039215687 0.5039828431372549 0.0130718954248366 0.0327818627450980
1 0.8488562091503268 0.5033700980392157 0.0102124183006536 0.0321691176470588
1 0.3529411764705883 0.4117647058823529 0.0147058823529412 0.0407475490196078
1 0.6732026143790850 0.5674019607843137 0.0163398692810458 0.0321691176470588
1 0.6556372549019608 0.5689338235294118 0.0147058823529412 0.0294117647058824
1 0.6360294117647058 0.5710784313725490 0.0159313725490196 0.0318627450980392
1 0.6188725490196079 0.5723039215686274 0.0151143790849673 0.0318627450980392
1 0.6008986928104575 0.5747549019607843 0.0155228758169935 0.0269607843137255
1 0.5825163398692811 0.5768995098039216 0.0155228758169935 0.0294117647058824
1 0.5608660130718954 0.5765931372549019 0.0200163398692810 0.0309436274509804
1 0.5359477124183006 0.5781250000000000 0.0175653594771242 0.0318627450980392
1 0.5167483660130719 0.5814950980392157 0.0155228758169935 0.0340073529411765
1 0.4975490196078431 0.5830269607843137 0.0163398692810458 0.0309436274509804
1 0.7867647058823529 0.5058210784313726 0.0171568627450980 0.0340073529411765
1 0.6842320261437909 0.4010416666666667 0.0175653594771242 0.0349264705882353
1 0.7549019607843137 0.5036764705882353 0.0151143790849673 0.0333946078431373
1 0.7022058823529411 0.5076593137254902 0.0163398692810458 0.0370710784313725
1 0.4861111111111111 0.4589460784313725 0.0179738562091503 0.0358455882352941
1 0.6258169934640523 0.4050245098039216 0.0130718954248366 0.0315563725490196
1 0.6013071895424836 0.4068627450980392 0.0134803921568627 0.0324754901960784
1 0.5800653594771242 0.4047181372549020 0.0167483660130719 0.0343137254901961
1 0.5449346405228758 0.4044117647058824 0.0257352941176471 0.0370710784313725
1 0.5245098039215687 0.4062500000000000 0.0126633986928105 0.0401348039215686
1 0.5004084967320261 0.4074754901960784 0.0187908496732026 0.0401348039215686
1 0.4640522875816994 0.4087009803921569 0.0196078431372549 0.0379901960784314
1 0.4415849673202614 0.4108455882352941 0.0204248366013072 0.0404411764705882
1 0.4215686274509804 0.4102328431372549 0.0175653594771242 0.0398284313725490
1 0.3982843137254902 0.4108455882352941 0.0200163398692810 0.0401348039215686
1 0.3774509803921569 0.4117647058823529 0.0183823529411765 0.0386029411764706
1 0.6462418300653595 0.5125612745098039 0.0171568627450980 0.0367647058823529
1 0.6662581699346405 0.5119485294117647 0.0171568627450980 0.0376838235294118
1 0.6846405228758170 0.5104166666666666 0.0179738562091503 0.0367647058823529
1 0.7385620915032680 0.5030637254901961 0.0155228758169935 0.0349264705882353
1 0.4636437908496732 0.4598651960784313 0.0163398692810458 0.0392156862745098
1 0.3484477124183006 0.4666053921568628 0.0151143790849673 0.0367647058823529
1 0.4142156862745098 0.4653799019607843 0.0122549019607843 0.0370710784313725
1 0.8946078431372549 0.5196078431372549 0.0187908496732026 0.0343137254901961
1 0.8909313725490197 0.4782475490196079 0.0175653594771242 0.0272671568627451
1 0.9232026143790850 0.4751838235294117 0.0204248366013072 0.0333946078431373
1 0.9178921568627451 0.4375000000000000 0.0134803921568627 0.0217524509803922
1 0.8995098039215687 0.4347426470588235 0.0200163398692810 0.0275735294117647
1 0.9166666666666666 0.3930759803921569 0.0420751633986928 0.0211397058823529
1 0.9170751633986928 0.5186887254901961 0.0204248366013072 0.0333946078431373
1 0.0996732026143791 0.2745098039215687 0.0155228758169935 0.0496323529411765
1 0.1441993464052287 0.2775735294117647 0.0196078431372549 0.0459558823529412
1 0.1699346405228758 0.2784926470588235 0.0191993464052288 0.0413602941176471
1 0.1924019607843137 0.2787990196078431 0.0212418300653595 0.0431985294117647
1 0.2148692810457516 0.2781862745098039 0.0200163398692810 0.0447303921568627
1 0.2365196078431372 0.2784926470588235 0.0208333333333333 0.0438112745098039
1 0.2589869281045752 0.2781862745098039 0.0228758169934641 0.0419730392156863
1 0.1196895424836601 0.2745098039215687 0.0187908496732026 0.0447303921568627
1 0.2802287581699346 0.2763480392156863 0.0191993464052288 0.0459558823529412
1 0.3026960784313725 0.2784926470588235 0.0183823529411765 0.0441176470588235
1 0.3214869281045752 0.2784926470588235 0.0191993464052288 0.0459558823529412
1 0.2687908496732026 0.4718137254901961 0.0179738562091503 0.0376838235294118
1 0.5804738562091504 0.2824754901960784 0.0171568627450980 0.0428921568627451
1 0.5616830065359477 0.2797181372549020 0.0134803921568627 0.0456495098039216
1 0.5412581699346405 0.2821691176470588 0.0245098039215686 0.0477941176470588
1 0.6004901960784313 0.2818627450980392 0.0171568627450980 0.0465686274509804
1 0.6188725490196079 0.2843137254901961 0.0151143790849673 0.0343137254901961
1 0.6360294117647058 0.2852328431372549 0.0183823529411765 0.0373774509803922
1 0.6540032679738562 0.2855392156862745 0.0147058823529412 0.0343137254901961
1 0.5008169934640523 0.2821691176470588 0.0228758169934641 0.0456495098039216
1 0.4477124183006536 0.2818627450980392 0.0204248366013072 0.0462622549019608
1 0.4701797385620915 0.2818627450980392 0.0196078431372549 0.0438112745098039
1 0.4223856209150327 0.2803308823529412 0.0224673202614379 0.0471813725490196
1 0.3995098039215687 0.2784926470588235 0.0196078431372549 0.0484068627450980
1 0.3799019607843137 0.2794117647058824 0.0196078431372549 0.0490196078431373
1 0.3566176470588235 0.2791053921568628 0.0257352941176471 0.0468750000000000
1 0.2463235294117647 0.4730392156862745 0.0191993464052288 0.0379901960784314
1 0.4354575163398693 0.4653799019607843 0.0208333333333333 0.0370710784313725
1 0.2214052287581699 0.4739583333333333 0.0204248366013072 0.0404411764705882
1 0.1760620915032680 0.4736519607843137 0.0187908496732026 0.0407475490196078
1 0.4689542483660131 0.5229779411764706 0.0147058823529412 0.0382965686274510
1 0.4901960784313725 0.5211397058823529 0.0208333333333333 0.0379901960784314
1 0.5175653594771242 0.5153186274509803 0.0175653594771242 0.0358455882352941
1 0.5502450980392157 0.5168504901960784 0.0183823529411765 0.0398284313725490
1 0.5714869281045751 0.5165441176470589 0.0183823529411765 0.0355392156862745
1 0.6266339869281046 0.5150122549019608 0.0183823529411765 0.0367647058823529
1 0.4473039215686275 0.5251225490196079 0.0200163398692810 0.0392156862745098
1 0.6911764705882353 0.2846200980392157 0.0212418300653595 0.0361519607843137
1 0.7254901960784313 0.2867647058823529 0.0163398692810458 0.0343137254901961
1 0.7430555555555556 0.2873774509803921 0.0159313725490196 0.0352328431372549
1 0.2908496732026144 0.4715073529411765 0.0220588235294118 0.0410539215686275
1 0.3251633986928105 0.4681372549019608 0.0236928104575163 0.0361519607843137
1 0.3709150326797386 0.4662990196078431 0.0204248366013072 0.0373774509803922
1 0.3933823529411765 0.4690563725490196 0.0187908496732026 0.0389093137254902
1 0.7091503267973857 0.2858455882352941 0.0118464052287582 0.0358455882352941
1 0.4293300653594771 0.5248161764705882 0.0147058823529412 0.0398284313725490
1 0.4076797385620915 0.5269607843137255 0.0171568627450980 0.0379901960784314
1 0.3843954248366013 0.5284926470588235 0.0200163398692810 0.0416666666666667
1 0.1495098039215686 0.4739583333333333 0.0273692810457516 0.0401348039215686
1 0.1147875816993464 0.4779411764705883 0.0155228758169935 0.0398284313725490
1 0.1229575163398693 0.5425857843137255 0.0200163398692810 0.0474877450980392
1 0.1474673202614379 0.5349264705882353 0.0196078431372549 0.0422794117647059
1 0.1719771241830065 0.5392156862745098 0.0200163398692810 0.0450367647058824
1 0.1968954248366013 0.5355392156862745 0.0208333333333333 0.0410539215686275
1 0.4775326797385621 0.5842524509803921 0.0163398692810458 0.0327818627450980
1 0.6695261437908496 0.2858455882352941 0.0114379084967320 0.0337009803921569
1 0.2197712418300654 0.5346200980392157 0.0175653594771242 0.0410539215686275
1 0.2455065359477124 0.5361519607843137 0.0204248366013072 0.0422794117647059
1 0.2712418300653595 0.5370710784313726 0.0200163398692810 0.0428921568627451
1 0.2908496732026144 0.5343137254901961 0.0167483660130719 0.0413602941176471
1 0.3149509803921569 0.5318627450980392 0.0183823529411765 0.0389093137254902
1 0.3374183006535948 0.5300245098039216 0.0208333333333333 0.0386029411764706
1 0.3611111111111111 0.5287990196078431 0.0187908496732026 0.0453431372549020
1 0.1985294117647059 0.4730392156862745 0.0216503267973856 0.0401348039215686
1 0.4575163398692810 0.5857843137254902 0.0163398692810458 0.0321691176470588
1 0.8623366013071896 0.5027573529411765 0.0155228758169935 0.0333946078431373
1 0.4166666666666667 0.5919117647058824 0.0142973856209150 0.0361519607843137
1 0.0547385620915033 0.2570465686274510 0.0208333333333333 0.0431985294117647
1 0.4587418300653595 0.3471200980392157 0.0159313725490196 0.0419730392156863
1 0.4207516339869281 0.3446691176470588 0.0191993464052288 0.0395220588235294
1 0.3986928104575164 0.3443627450980392 0.0183823529411765 0.0382965686274510
1 0.3778594771241830 0.3452818627450980 0.0187908496732026 0.0367647058823529
1 0.3574346405228758 0.3455882352941176 0.0204248366013072 0.0404411764705882
1 0.0343137254901961 0.3419117647058824 0.0200163398692810 0.0431985294117647
1 0.8337418300653595 0.2886029411764706 0.0167483660130719 0.0303308823529412
1 0.3325163398692810 0.3449754901960784 0.0196078431372549 0.0389093137254902
1 0.2847222222222222 0.3449754901960784 0.0191993464052288 0.0413602941176471
1 0.2581699346405229 0.3449754901960784 0.0236928104575163 0.0373774509803922
1 0.2303921568627451 0.3471200980392157 0.0175653594771242 0.0419730392156863
1 0.2087418300653595 0.3468137254901961 0.0228758169934641 0.0404411764705882
1 0.1830065359477124 0.3455882352941176 0.0241013071895425 0.0401348039215686
1 0.1597222222222222 0.3465073529411765 0.0196078431372549 0.0435049019607843
1 0.1327614379084967 0.3455882352941176 0.0236928104575163 0.0453431372549020
1 0.3071895424836601 0.3462009803921569 0.0183823529411765 0.0392156862745098
1 0.1058006535947712 0.3452818627450980 0.0224673202614379 0.0435049019607843
1 0.8496732026143791 0.2892156862745098 0.0147058823529412 0.0315563725490196
1 0.7504084967320261 0.3462009803921569 0.0151143790849673 0.0300245098039216
1 0.4808006535947713 0.3455882352941176 0.0167483660130719 0.0428921568627451
1 0.5012254901960784 0.3437500000000000 0.0183823529411765 0.0416666666666667
1 0.5249183006535948 0.3443627450980392 0.0196078431372549 0.0386029411764706
1 0.5633169934640523 0.3452818627450980 0.0163398692810458 0.0382965686274510
1 0.5870098039215687 0.3455882352941176 0.0147058823529412 0.0333946078431373
1 0.6070261437908496 0.3446691176470588 0.0159313725490196 0.0327818627450980
1 0.6327614379084967 0.3455882352941176 0.0183823529411765 0.0361519607843137
1 0.8786764705882353 0.2879901960784313 0.0118464052287582 0.0291053921568627
1 0.6515522875816994 0.3446691176470588 0.0159313725490196 0.0376838235294118
1 0.7328431372549019 0.3471200980392157 0.0134803921568627 0.0278799019607843
1 0.4383169934640523 0.5882352941176471 0.0138888888888889 0.0324754901960784
1 0.0236928104575163 0.2582720588235294 0.0261437908496732 0.0453431372549020
1 0.8533496732026143 0.3446691176470588 0.0122549019607843 0.0306372549019608
1 0.7957516339869281 0.3474264705882353 0.0142973856209150 0.0300245098039216
1 0.7810457516339869 0.3480392156862745 0.0114379084967320 0.0284926470588235
1 0.7663398692810458 0.3462009803921569 0.0130718954248366 0.0300245098039216
1 0.7160947712418301 0.3474264705882353 0.0130718954248366 0.0297181372549020
1 0.1111111111111111 0.4172794117647059 0.0171568627450980 0.0441176470588235
1 0.0110294117647059 0.3416053921568628 0.0220588235294118 0.0438112745098039
1 0.1593137254901961 0.4163602941176471 0.0220588235294118 0.0410539215686275
1 0.8178104575163399 0.2879901960784313 0.0151143790849673 0.0358455882352941
1 0.9076797385620915 0.3440563725490196 0.0171568627450980 0.0297181372549020
1 0.1356209150326797 0.4160539215686275 0.0204248366013072 0.0413602941176471
1 0.8664215686274510 0.3455882352941176 0.0114379084967320 0.0287990196078431
1 0.7994281045751634 0.2873774509803921 0.0151143790849673 0.0327818627450980
1 0.7802287581699346 0.2876838235294117 0.0163398692810458 0.0324754901960784
1 0.7602124183006536 0.2864583333333333 0.0159313725490196 0.0346200980392157
1 0.1968954248366013 0.6017156862745098 0.0208333333333333 0.0349264705882353
1 0.2209967320261438 0.6014093137254902 0.0196078431372549 0.0333946078431373
1 0.2414215686274510 0.5977328431372549 0.0147058823529412 0.0337009803921569
1 0.2675653594771242 0.5974264705882353 0.0212418300653595 0.0297181372549020
1 0.2867647058823529 0.5968137254901961 0.0175653594771242 0.0337009803921569
1 0.3092320261437909 0.5962009803921569 0.0224673202614379 0.0324754901960784
1 0.3312908496732026 0.5952818627450981 0.0175653594771242 0.0364583333333333
1 0.3529411764705883 0.5928308823529411 0.0179738562091503 0.0324754901960784
1 0.3754084967320261 0.5934436274509803 0.0232843137254902 0.0379901960784314
1 0.3962418300653595 0.5909926470588235 0.0159313725490196 0.0309436274509804
1 0.1723856209150327 0.6041666666666666 0.0204248366013072 0.0324754901960784
1 0.1462418300653595 0.6056985294117647 0.0236928104575163 0.0340073529411765
1 0.9150326797385621 0.3002450980392157 0.0265522875816993 0.0321691176470588
1 0.0155228758169935 0.6675857843137255 0.0257352941176471 0.0435049019607843
1 0.1221405228758170 0.6099877450980392 0.0216503267973856 0.0324754901960784
1 0.0735294117647059 0.5033700980392157 0.0281862745098039 0.0431985294117647
1 0.0220588235294118 0.4255514705882353 0.0265522875816993 0.0431985294117647
1 0.0457516339869281 0.4243259803921569 0.0183823529411765 0.0431985294117647
1 0.0706699346405229 0.4243259803921569 0.0224673202614379 0.0407475490196078
1 0.0400326797385621 0.5061274509803921 0.0224673202614379 0.0453431372549020
1 0.0461601307189543 0.5854779411764706 0.0253267973856209 0.0447303921568627
1 0.0857843137254902 0.6602328431372549 0.0245098039215686 0.0438112745098039
1 0.0821078431372549 0.5824142156862745 0.0236928104575163 0.0441176470588235
1 0.3300653594771242 0.4123774509803921 0.0241013071895425 0.0373774509803922
1 0.3100490196078431 0.4132965686274510 0.0147058823529412 0.0379901960784314
1 0.2879901960784313 0.4136029411764706 0.0220588235294118 0.0373774509803922
1 0.2622549019607843 0.4142156862745098 0.0200163398692810 0.0410539215686275
1 0.2369281045751634 0.4154411764705883 0.0212418300653595 0.0404411764705882
1 0.2120098039215686 0.4148284313725490 0.0208333333333333 0.0413602941176471
1 0.1866830065359477 0.4160539215686275 0.0245098039215686 0.0465686274509804
1 0.0518790849673203 0.6629901960784313 0.0216503267973856 0.0450367647058824
