1 0.6360294117647058 0.7916666666666666 0.0425857843137255 0.1000816993464052
1 0.5658700980392157 0.7908496732026143 0.0410539215686275 0.1041666666666667
1 0.5039828431372549 0.7941176470588235 0.0530024509803922 0.0972222222222222
1 0.4506740196078431 0.7830882352941176 0.0462622549019608 0.0800653594771242
1 0.4010416666666667 0.7732843137254902 0.0431985294117647 0.0780228758169935
1 0.3428308823529412 0.7892156862745098 0.0523897058823529 0.0996732026143791
1 0.2821691176470588 0.7928921568627451 0.0554534313725490 0.1049836601307190
1 0.2386642156862745 0.9493464052287581 0.0404411764705882 0.0367647058823529
1 0.1112132352941176 0.9424019607843137 0.0248161764705882 0.0379901960784314
1 0.1902573529411765 0.9566993464052288 0.0416666666666667 0.0347222222222222
1 0.2074142156862745 0.8137254901960784 0.0367647058823529 0.0792483660130719
1 0.1666666666666667 0.8104575163398693 0.0294117647058824 0.0947712418300654
1 0.1219362745098039 0.8047385620915033 0.0572916666666667 0.0910947712418301
1 0.0628063725490196 0.8047385620915033 0.0591299019607843 0.0935457516339869
1 0.6911764705882353 0.7871732026143791 0.0419730392156863 0.0996732026143791
1 0.0621936274509804 0.9522058823529411 0.0392156862745098 0.0330882352941176
1 0.1473651960784314 0.9554738562091504 0.0395220588235294 0.0343137254901961
1 0.2818627450980392 0.9464869281045751 0.0438112745098039 0.0359477124183007
1 0.7328431372549019 0.8051470588235294 0.0364583333333333 0.0755718954248366
1 0.7012867647058824 0.4946895424836601 0.0379901960784314 0.1033496732026144
1 0.8336397058823529 0.9419934640522876 0.0732230392156863 0.0669934640522876
1 0.6063112745098039 0.3492647058823529 0.0496323529411765 0.1090686274509804
1 0.6534926470588235 0.3455882352941176 0.0441176470588235 0.1184640522875817
1 0.6969975490196079 0.3455882352941176 0.0422794117647059 0.1164215686274510
1 0.8005514705882353 0.3472222222222222 0.0474877450980392 0.1098856209150327
1 0.9629289215686274 0.3263888888888889 0.0670955882352941 0.0931372549019608
1 0.3265931372549020 0.9460784313725490 0.0441176470588235 0.0359477124183007
1 0.8762254901960784 0.3276143790849673 0.1041666666666667 0.0951797385620915
1 0.5768995098039216 0.4934640522875817 0.0392156862745098 0.1070261437908497
1 0.7683823529411765 0.7986111111111112 0.0330882352941176 0.0788398692810457
1 0.6194852941176471 0.4959150326797386 0.0410539215686275 0.0980392156862745
1 0.7389705882352942 0.4922385620915033 0.0358455882352941 0.1021241830065359
1 0.9390318627450981 0.4550653594771242 0.0814950980392157 0.0857843137254902
1 0.9313725490196079 0.5825163398692811 0.0796568627450980 0.0833333333333333
1 0.8489583333333334 0.7140522875816994 0.0759803921568627 0.0804738562091503
1 0.8382352941176471 0.8263888888888888 0.0750612745098039 0.0780228758169935
1 0.9733455882352942 0.8153594771241830 0.0539215686274510 0.0776143790849673
1 0.9736519607843137 0.9362745098039216 0.0530024509803922 0.0678104575163399
1 0.9090073529411765 0.9383169934640523 0.0753676470588235 0.0698529411764706
1 0.6599264705882353 0.4946895424836601 0.0389093137254902 0.1033496732026144
1 0.3725490196078431 0.9330065359477124 0.0416666666666667 0.0641339869281046
1 0.4613970588235294 0.9301470588235294 0.0410539215686275 0.0657679738562092
1 0.4589460784313725 0.6433823529411765 0.0416666666666667 0.1131535947712418
1 0.3296568627450980 0.5837418300653595 0.0431985294117647 0.0200163398692810
1 0.2858455882352941 0.6482843137254902 0.0444240196078431 0.1160130718954248
1 0.4154411764705883 0.6462418300653595 0.0404411764705882 0.1074346405228758
1 0.2331495098039216 0.6425653594771242 0.0569852941176471 0.1274509803921569
1 0.1792279411764706 0.6531862745098039 0.0511642156862745 0.1086601307189543
1 0.1283700980392157 0.6429738562091504 0.0496323529411765 0.1258169934640523
1 0.7208946078431373 0.6274509803921569 0.0382965686274510 0.1225490196078431
1 0.6773897058823529 0.6299019607843137 0.0471813725490196 0.1221405228758170
1 0.6225490196078431 0.6315359477124183 0.0582107843137255 0.1278594771241830
1 0.5612745098039216 0.6307189542483660 0.0557598039215686 0.1262254901960784
1 0.4163602941176471 0.9133986928104575 0.0422794117647059 0.0637254901960784
1 0.5067401960784313 0.6307189542483660 0.0520833333333333 0.1233660130718954
1 0.3134191176470588 0.4906045751633987 0.0863970588235294 0.1225490196078431
1 0.2487745098039216 0.5020424836601307 0.0425857843137255 0.1004901960784314
1 0.2104779411764706 0.5020424836601307 0.0318627450980392 0.0972222222222222
1 0.1660539215686274 0.5049019607843137 0.0566789215686275 0.1013071895424837
1 0.1170343137254902 0.5057189542483660 0.0379901960784314 0.1041666666666667
1 0.0799632352941176 0.5020424836601307 0.0340073529411765 0.0980392156862745
1 0.0196078431372549 0.5081699346405228 0.0395220588235294 0.0980392156862745
1 0.0447303921568627 0.3525326797385621 0.0511642156862745 0.1176470588235294
1 0.0977328431372549 0.3496732026143791 0.0545343137254902 0.1192810457516340
1 0.1482843137254902 0.3472222222222222 0.0431985294117647 0.1241830065359477
1 0.2466299019607843 0.3443627450980392 0.0986519607843137 0.1282679738562091
1 0.3759191176470588 0.3558006535947713 0.0465686274509804 0.1049836601307190
1 0.4203431372549020 0.3541666666666667 0.0425857843137255 0.1086601307189543
1 0.4776348039215687 0.3468137254901961 0.0404411764705882 0.1209150326797386
1 0.5174632352941176 0.3468137254901961 0.0386029411764706 0.1213235294117647
1 0.7708333333333334 0.9199346405228758 0.0416666666666667 0.0625000000000000
1 0.0272671568627451 0.6474673202614379 0.0545343137254902 0.1352124183006536
1 0.3296568627450980 0.6482843137254902 0.0428921568627451 0.1090686274509804
1 0.0765931372549020 0.6683006535947712 0.0444240196078431 0.0902777777777778
1 0.3731617647058824 0.6495098039215687 0.0413602941176471 0.1086601307189543
1 0.0257352941176471 0.1854575163398693 0.0514705882352941 0.1466503267973856
1 0.5027573529411765 0.9289215686274510 0.0370710784313725 0.0674019607843137
1 0.5444240196078431 0.9321895424836601 0.0407475490196078 0.0600490196078431
1 0.5870098039215687 0.9252450980392157 0.0407475490196078 0.0678104575163399
1 0.6231617647058824 0.9195261437908496 0.0297181372549020 0.0739379084967320
1 0.6568627450980392 0.9183006535947712 0.0361519607843137 0.0792483660130719
1 0.6927083333333334 0.9207516339869281 0.0337009803921569 0.0735294117647059
1 0.7294730392156863 0.9207516339869281 0.0386029411764706 0.0665849673202614
1 0.5370710784313726 0.4971405228758170 0.0376838235294118 0.1029411764705882
1 0.4972426470588235 0.4950980392156863 0.0392156862745098 0.1062091503267974
1 0.4371936274509804 0.4889705882352941 0.0744485294117647 0.1184640522875817
1 0.9316789215686274 0.2120098039215686 0.0634191176470588 0.0837418300653595
1 0.8679534313725490 0.2124183006535948 0.0621936274509804 0.0821078431372549
1 0.8023897058823529 0.2128267973856209 0.0680147058823529 0.0853758169934641
1 0.5585171568627451 0.3541666666666667 0.0410539215686275 0.1062091503267974
1 0.7469362745098039 0.2087418300653595 0.0389093137254902 0.0964052287581699
1 0.7040441176470589 0.2058823529411765 0.0471813725490196 0.1041666666666667
1 0.6703431372549019 0.2062908496732026 0.0202205882352941 0.1041666666666667
1 0.6308210784313726 0.1936274509803922 0.0563725490196078 0.1331699346405229
1 0.5808823529411765 0.1899509803921569 0.0419730392156863 0.1437908496732026
1 0.4987745098039216 0.1956699346405229 0.0533088235294118 0.1327614379084967
1 0.4451593137254902 0.1964869281045752 0.0499387254901961 0.1303104575163399
1 0.4022671568627451 0.2099673202614379 0.0346200980392157 0.1037581699346405
1 0.3590686274509804 0.2026143790849673 0.0459558823529412 0.1160130718954248
1 0.3167892156862745 0.2034313725490196 0.0392156862745098 0.1151960784313725
1 0.2787990196078431 0.2066993464052287 0.0358455882352941 0.1098856209150327
1 0.2368259803921569 0.2038398692810457 0.0481004901960784 0.1139705882352941
1 0.1884191176470588 0.2005718954248366 0.0471813725490196 0.1200980392156863
1 0.1406250000000000 0.2026143790849673 0.0441176470588235 0.1164215686274510
1 0.0845588235294118 0.1854575163398693 0.0655637254901961 0.1474673202614379
1 0.3780637254901961 0.4950980392156863 0.0413602941176471 0.1086601307189543
1 0.0744485294117647 0.5996732026143791 0.0398284313725490 0.0416666666666667
