1 0.2317708333333333 0.8519531250000000 0.0395833333333333 0.0839843750000000
1 0.0723958333333333 0.8718750000000000 0.0442708333333333 0.0847656250000000
1 0.1255208333333333 0.8648437500000000 0.0494791666666667 0.0796875000000000
1 0.1796875000000000 0.8593750000000000 0.0463541666666667 0.0816406250000000
1 0.0229166666666667 0.8781250000000000 0.0458333333333333 0.0867187500000000
1 0.2802083333333333 0.8437500000000000 0.0421875000000000 0.0789062500000000
1 0.5588541666666667 0.8171875000000000 0.0348958333333333 0.0750000000000000
1 0.3807291666666667 0.8347656250000000 0.0406250000000000 0.0804687500000000
1 0.4255208333333333 0.8289062500000000 0.0390625000000000 0.0812500000000000
1 0.4713541666666667 0.8242187500000000 0.0359375000000000 0.0789062500000000
1 0.5166666666666667 0.8191406250000000 0.0411458333333333 0.0816406250000000
1 0.0187500000000000 0.7312500000000000 0.0375000000000000 0.0765625000000000
1 0.6031250000000000 0.8117187500000000 0.0343750000000000 0.0710937500000000
1 0.3317708333333333 0.8386718750000000 0.0442708333333333 0.0835937500000000
1 0.0682291666666667 0.7257812500000000 0.0526041666666667 0.0734375000000000
1 0.4067708333333334 0.6949218750000000 0.0380208333333333 0.0804687500000000
1 0.1713541666666667 0.7136718750000000 0.0489583333333333 0.0785156250000000
1 0.2234375000000000 0.7085937500000000 0.0463541666666667 0.0804687500000000
1 0.2697916666666667 0.7054687500000000 0.0437500000000000 0.0746093750000000
1 0.3145833333333333 0.7027343750000000 0.0421875000000000 0.0734375000000000
1 0.3614583333333333 0.6972656250000000 0.0437500000000000 0.0777343750000000
1 0.4494791666666667 0.6898437500000000 0.0437500000000000 0.0730468750000000
1 0.4937500000000000 0.6878906250000000 0.0380208333333333 0.0734375000000000
1 0.5338541666666666 0.6820312500000000 0.0369791666666667 0.0746093750000000
1 0.5739583333333333 0.6796875000000000 0.0390625000000000 0.0742187500000000
1 0.6140625000000000 0.6777343750000000 0.0307291666666667 0.0730468750000000
1 0.6494791666666667 0.6761718750000000 0.0328125000000000 0.0699218750000000
1 0.6869791666666667 0.6699218750000000 0.0291666666666667 0.0742187500000000
1 0.7250000000000000 0.6679687500000000 0.0364583333333333 0.0707031250000000
1 0.6437500000000000 0.8074218750000000 0.0317708333333333 0.0726562500000000
1 0.1223958333333333 0.7207031250000000 0.0458333333333333 0.0730468750000000
1 0.6822916666666666 0.8035156250000000 0.0369791666666667 0.0695312500000000
1 0.5677083333333334 0.4347656250000000 0.0447916666666667 0.0617187500000000
1 0.7578125000000000 0.7992187500000000 0.0375000000000000 0.0636718750000000
1 0.7630208333333334 0.6640625000000000 0.0348958333333333 0.0753906250000000
1 0.6145833333333334 0.4335937500000000 0.0453125000000000 0.0644531250000000
1 0.8927083333333333 0.9777343750000000 0.0322916666666667 0.0441406250000000
1 0.9401041666666666 0.9753906250000000 0.0427083333333333 0.0488281250000000
1 0.0593750000000000 0.9859375000000000 0.0536458333333333 0.0210937500000000
1 0.1119791666666667 0.9816406250000000 0.0447916666666667 0.0199218750000000
1 0.1625000000000000 0.9773437500000000 0.0484375000000000 0.0285156250000000
1 0.2088541666666667 0.9714843750000000 0.0427083333333333 0.0386718750000000
1 0.2588541666666667 0.9722656250000000 0.0515625000000000 0.0527343750000000
1 0.3031250000000000 0.9687500000000000 0.0359375000000000 0.0601562500000000
1 0.3479166666666667 0.9605468750000000 0.0395833333333333 0.0785156250000000
1 0.3968750000000000 0.9593750000000000 0.0427083333333333 0.0757812500000000
1 0.4406250000000000 0.9515625000000000 0.0354166666666667 0.0769531250000000
1 0.4828125000000000 0.9484375000000000 0.0416666666666667 0.0757812500000000
1 0.5276041666666667 0.9417968750000000 0.0338541666666667 0.0746093750000000
1 0.5692708333333333 0.9371093750000000 0.0354166666666667 0.0679687500000000
1 0.6083333333333333 0.9300781250000000 0.0328125000000000 0.0734375000000000
1 0.7963541666666667 0.7941406250000000 0.0359375000000000 0.0636718750000000
1 0.8348958333333333 0.7902343750000000 0.0317708333333333 0.0605468750000000
1 0.8677083333333333 0.7867187500000000 0.0250000000000000 0.0613281250000000
1 0.9036458333333334 0.7800781250000000 0.0312500000000000 0.0671875000000000
1 0.9401041666666666 0.7761718750000000 0.0322916666666667 0.0664062500000000
1 0.9380208333333333 0.8863281250000000 0.0250000000000000 0.0664062500000000
1 0.7203125000000000 0.8046875000000000 0.0302083333333333 0.0625000000000000
1 0.9072916666666667 0.8914062500000000 0.0229166666666667 0.0644531250000000
1 0.8359375000000000 0.9023437500000000 0.0369791666666667 0.0644531250000000
1 0.7942708333333334 0.9042968750000000 0.0348958333333333 0.0683593750000000
1 0.7578125000000000 0.9089843750000000 0.0307291666666667 0.0750000000000000
1 0.7244791666666667 0.9128906250000000 0.0291666666666667 0.0726562500000000
1 0.6901041666666666 0.9191406250000000 0.0296875000000000 0.0714843750000000
1 0.6468750000000000 0.9246093750000000 0.0348958333333333 0.0699218750000000
1 0.8755208333333333 0.8949218750000000 0.0281250000000000 0.0691406250000000
1 0.8000000000000000 0.6593750000000000 0.0364583333333333 0.0796875000000000
1 0.8421875000000000 0.4976562500000000 0.0369791666666667 0.0140625000000000
1 0.8703125000000000 0.6578125000000000 0.0333333333333333 0.0699218750000000
1 0.4671875000000000 0.4375000000000000 0.0531250000000000 0.0648437500000000
1 0.5192708333333333 0.4359375000000000 0.0505208333333333 0.0640625000000000
1 0.0291666666666667 0.2777343750000000 0.0385416666666667 0.1199218750000000
1 0.0765625000000000 0.2769531250000000 0.0458333333333333 0.1234375000000000
1 0.1203125000000000 0.2757812500000000 0.0354166666666667 0.1257812500000000
1 0.1614583333333333 0.2773437500000000 0.0427083333333333 0.1242187500000000
1 0.2151041666666667 0.3003906250000000 0.0526041666666667 0.0843750000000000
1 0.2703125000000000 0.2988281250000000 0.0510416666666667 0.0816406250000000
1 0.3276041666666666 0.3011718750000000 0.0583333333333333 0.0757812500000000
1 0.3848958333333333 0.3011718750000000 0.0489583333333333 0.0734375000000000
1 0.4328125000000000 0.3050781250000000 0.0395833333333333 0.0792968750000000
1 0.4786458333333333 0.3062500000000000 0.0437500000000000 0.0789062500000000
1 0.5260416666666666 0.3054687500000000 0.0411458333333333 0.0750000000000000
1 0.5692708333333333 0.3054687500000000 0.0416666666666667 0.0726562500000000
1 0.4156250000000000 0.4375000000000000 0.0479166666666667 0.0652343750000000
1 0.6125000000000000 0.3070312500000000 0.0406250000000000 0.0707031250000000
1 0.6953125000000000 0.3082031250000000 0.0401041666666667 0.0757812500000000
1 0.7369791666666666 0.3066406250000000 0.0380208333333333 0.0726562500000000
1 0.7744791666666667 0.3085937500000000 0.0343750000000000 0.0664062500000000
1 0.8135416666666667 0.3082031250000000 0.0375000000000000 0.0636718750000000
1 0.8505208333333333 0.3089843750000000 0.0333333333333333 0.0652343750000000
1 0.8817708333333333 0.3117187500000000 0.0270833333333333 0.0558593750000000
1 0.9385416666666667 0.3066406250000000 0.0458333333333333 0.0644531250000000
1 0.9218750000000000 0.4285156250000000 0.0411458333333333 0.0621093750000000
1 0.8807291666666667 0.4292968750000000 0.0406250000000000 0.0632812500000000
1 0.8364583333333333 0.4296875000000000 0.0442708333333333 0.0640625000000000
1 0.7906250000000000 0.4316406250000000 0.0411458333333333 0.0625000000000000
1 0.6619791666666667 0.4332031250000000 0.0447916666666667 0.0636718750000000
1 0.7062500000000000 0.4332031250000000 0.0416666666666667 0.0632812500000000
1 0.8348958333333333 0.6593750000000000 0.0317708333333333 0.0726562500000000
1 0.6541666666666667 0.3066406250000000 0.0385416666666667 0.0730468750000000
1 0.3651041666666667 0.4398437500000000 0.0484375000000000 0.0652343750000000
1 0.7494791666666667 0.4320312500000000 0.0395833333333333 0.0613281250000000
1 0.2572916666666666 0.4367187500000000 0.0546875000000000 0.0785156250000000
1 0.3140625000000000 0.4414062500000000 0.0546875000000000 0.0652343750000000
1 0.9411458333333333 0.5406250000000000 0.0390625000000000 0.0656250000000000
1 0.9036458333333334 0.5406250000000000 0.0317708333333333 0.0679687500000000
1 0.8682291666666667 0.5433593750000000 0.0354166666666667 0.0679687500000000
1 0.8302083333333333 0.5437500000000000 0.0359375000000000 0.0718750000000000
1 0.7911458333333333 0.5445312500000000 0.0390625000000000 0.0738281250000000
1 0.7541666666666667 0.5472656250000000 0.0333333333333333 0.0769531250000000
1 0.7156250000000000 0.5496093750000000 0.0375000000000000 0.0738281250000000
1 0.6755208333333333 0.5503906250000000 0.0328125000000000 0.0722656250000000
1 0.6385416666666667 0.5558593750000000 0.0364583333333333 0.0687500000000000
1 0.5979166666666667 0.5554687500000000 0.0406250000000000 0.0703125000000000
1 0.5562500000000000 0.5554687500000000 0.0385416666666667 0.0730468750000000
1 0.5156250000000000 0.5582031250000000 0.0390625000000000 0.0714843750000000
1 0.4718750000000000 0.5621093750000000 0.0369791666666667 0.0718750000000000
1 0.9395833333333333 0.6519531250000000 0.0317708333333333 0.0730468750000000
1 0.3343750000000000 0.5656250000000000 0.0463541666666667 0.0839843750000000
1 0.1989583333333333 0.4378906250000000 0.0588541666666667 0.0808593750000000
1 0.4312500000000000 0.5632812500000000 0.0395833333333333 0.0691406250000000
1 0.1416666666666667 0.4406250000000000 0.0557291666666667 0.0781250000000000
1 0.0817708333333333 0.4453125000000000 0.0630208333333333 0.0726562500000000
1 0.0239583333333333 0.4472656250000000 0.0484375000000000 0.0722656250000000
1 0.0218750000000000 0.5839843750000000 0.0442708333333333 0.0929687500000000
1 0.9046875000000000 0.6566406250000000 0.0307291666666667 0.0699218750000000
1 0.1265625000000000 0.5203125000000000 0.0526041666666667 0.0167968750000000
1 0.0739583333333333 0.5812500000000000 0.0531250000000000 0.0910156250000000
1 0.1296875000000000 0.5773437500000000 0.0500000000000000 0.0875000000000000
1 0.1843750000000000 0.5714843750000000 0.0494791666666667 0.0851562500000000
1 0.0713541666666667 0.5234375000000000 0.0479166666666667 0.0140625000000000
1 0.2369791666666667 0.5699218750000000 0.0473958333333333 0.0847656250000000
1 0.2864583333333333 0.5679687500000000 0.0437500000000000 0.0839843750000000
