1 0.5671875000000000 0.8503906250000000 0.0401041666666667 0.0656250000000000
1 0.6921875000000000 0.2050781250000000 0.0536458333333333 0.0640625000000000
1 0.6447916666666667 0.2058593750000000 0.0442708333333333 0.0660156250000000
1 0.5953125000000000 0.2042968750000000 0.0520833333333333 0.0703125000000000
1 0.5494791666666666 0.2027343750000000 0.0468750000000000 0.0722656250000000
1 0.5026041666666666 0.1914062500000000 0.0463541666666667 0.0988281250000000
1 0.1291666666666667 0.0425781250000000 0.0515625000000000 0.0832031250000000
1 0.1838541666666667 0.1968750000000000 0.0671875000000000 0.0996093750000000
1 0.2541666666666667 0.1945312500000000 0.0723958333333333 0.0964843750000000
1 0.3208333333333334 0.1898437500000000 0.0541666666666667 0.1039062500000000
1 0.5244791666666667 0.8589843750000000 0.0473958333333333 0.0644531250000000
1 0.3848958333333333 0.1906250000000000 0.0723958333333333 0.1050781250000000
1 0.2864583333333333 0.0445312500000000 0.0546875000000000 0.0839843750000000
1 0.2354166666666667 0.0425781250000000 0.0458333333333333 0.0835937500000000
1 0.1833333333333333 0.0425781250000000 0.0552083333333333 0.0832031250000000
1 0.4520833333333333 0.1917968750000000 0.0567708333333333 0.1000000000000000
1 0.4802083333333333 0.8667968750000000 0.0406250000000000 0.0757812500000000
1 0.8802083333333334 0.5613281250000000 0.0359375000000000 0.0707031250000000
1 0.3734375000000000 0.8386718750000000 0.0598958333333333 0.0515625000000000
1 0.7708333333333334 0.6855468750000000 0.0348958333333333 0.0691406250000000
1 0.8036458333333333 0.6832031250000000 0.0328125000000000 0.0695312500000000
1 0.8354166666666667 0.6777343750000000 0.0312500000000000 0.0585937500000000
1 0.8697916666666666 0.6726562500000000 0.0286458333333333 0.0617187500000000
1 0.8968750000000000 0.6699218750000000 0.0255208333333333 0.0597656250000000
1 0.9260416666666667 0.6652343750000000 0.0307291666666667 0.0675781250000000
1 0.9567708333333333 0.6601562500000000 0.0317708333333333 0.0566406250000000
1 0.4369791666666666 0.8753906250000000 0.0437500000000000 0.0675781250000000
1 0.9880208333333333 0.6550781250000000 0.0255208333333333 0.0617187500000000
1 0.1130208333333333 0.1957031250000000 0.0760416666666667 0.1039062500000000
1 0.1260416666666667 0.9410156250000000 0.0557291666666667 0.0878906250000000
1 0.1828125000000000 0.9324218750000000 0.0515625000000000 0.0769531250000000
1 0.2343750000000000 0.9210937500000000 0.0536458333333333 0.0882812500000000
1 0.2838541666666667 0.9097656250000000 0.0447916666666667 0.0664062500000000
1 0.3322916666666667 0.9050781250000000 0.0494791666666667 0.0738281250000000
1 0.3848958333333333 0.8957031250000000 0.0572916666666667 0.0546875000000000
1 0.0687500000000000 0.9507812500000000 0.0557291666666667 0.0734375000000000
1 0.9770833333333333 0.0511718750000000 0.0328125000000000 0.0902343750000000
1 0.8625000000000000 0.0468750000000000 0.0359375000000000 0.0941406250000000
1 0.9203125000000000 0.0496093750000000 0.0296875000000000 0.0914062500000000
1 0.9838541666666667 0.1941406250000000 0.0343750000000000 0.0679687500000000
1 0.9447916666666667 0.1988281250000000 0.0359375000000000 0.0621093750000000
1 0.9072916666666667 0.1992187500000000 0.0395833333333333 0.0632812500000000
1 0.8687500000000000 0.1984375000000000 0.0406250000000000 0.0644531250000000
1 0.8265625000000000 0.2000000000000000 0.0432291666666667 0.0667968750000000
1 0.7817708333333333 0.2011718750000000 0.0385416666666667 0.0640625000000000
1 0.7406250000000000 0.2027343750000000 0.0432291666666667 0.0671875000000000
1 0.5286458333333334 0.8003906250000000 0.0630208333333333 0.0343750000000000
1 0.6015625000000000 0.8359375000000000 0.0255208333333333 0.0832031250000000
1 0.6312500000000000 0.8316406250000000 0.0348958333333333 0.0746093750000000
1 0.0192708333333333 0.2304687500000000 0.0359375000000000 0.0558593750000000
1 0.6640625000000000 0.8234375000000000 0.0328125000000000 0.0894531250000000
1 0.7286458333333333 0.8117187500000000 0.0328125000000000 0.0890625000000000
1 0.7578125000000000 0.8042968750000000 0.0276041666666667 0.0781250000000000
1 0.7875000000000000 0.7957031250000000 0.0296875000000000 0.0781250000000000
1 0.8125000000000000 0.7937500000000000 0.0223958333333333 0.0761718750000000
1 0.8401041666666667 0.7953125000000000 0.0333333333333333 0.0687500000000000
1 0.8781250000000000 0.7835937500000000 0.0421875000000000 0.0730468750000000
1 0.9177083333333333 0.7761718750000000 0.0312500000000000 0.0683593750000000
1 0.9510416666666667 0.7675781250000000 0.0302083333333333 0.0722656250000000
1 0.9833333333333333 0.7628906250000000 0.0338541666666667 0.0656250000000000
1 0.0692708333333333 0.0429687500000000 0.0666666666666667 0.0835937500000000
1 0.6968750000000000 0.8195312500000000 0.0307291666666667 0.0820312500000000
1 0.9489583333333333 0.0511718750000000 0.0260416666666667 0.0917968750000000
1 0.0234375000000000 0.2820312500000000 0.0364583333333333 0.0273437500000000
1 0.0255208333333333 0.4167968750000000 0.0437500000000000 0.0339843750000000
1 0.8937500000000000 0.0488281250000000 0.0229166666666667 0.0921875000000000
1 0.7390625000000000 0.6968750000000000 0.0328125000000000 0.0574218750000000
1 0.8286458333333333 0.0488281250000000 0.0322916666666667 0.0902343750000000
1 0.7937500000000000 0.0472656250000000 0.0343750000000000 0.0933593750000000
1 0.7604166666666666 0.0500000000000000 0.0322916666666667 0.0890625000000000
1 0.7255208333333333 0.0457031250000000 0.0333333333333333 0.0914062500000000
1 0.6911458333333333 0.0476562500000000 0.0338541666666667 0.0925781250000000
1 0.4953125000000000 0.3378906250000000 0.0531250000000000 0.0949218750000000
1 0.4364583333333333 0.3406250000000000 0.0635416666666667 0.0960937500000000
1 0.3786458333333333 0.3425781250000000 0.0557291666666667 0.0992187500000000
1 0.0234375000000000 0.3730468750000000 0.0437500000000000 0.0511718750000000
1 0.6562500000000000 0.0464843750000000 0.0390625000000000 0.0929687500000000
1 0.5838541666666667 0.0480468750000000 0.0364583333333333 0.0886718750000000
1 0.5411458333333333 0.0484375000000000 0.0442708333333333 0.0914062500000000
1 0.4942708333333333 0.0484375000000000 0.0515625000000000 0.0914062500000000
1 0.4005208333333333 0.0445312500000000 0.0531250000000000 0.0878906250000000
1 0.3447916666666667 0.0464843750000000 0.0567708333333333 0.0878906250000000
1 0.3161458333333333 0.3476562500000000 0.0671875000000000 0.0968750000000000
1 0.2536458333333333 0.3492187500000000 0.0536458333333333 0.0988281250000000
1 0.1921875000000000 0.3515625000000000 0.0703125000000000 0.0941406250000000
1 0.1302083333333333 0.3550781250000000 0.0562500000000000 0.0984375000000000
1 0.0208333333333333 0.4570312500000000 0.0348958333333333 0.0339843750000000
1 0.6197916666666666 0.0472656250000000 0.0364583333333333 0.0902343750000000
1 0.7041666666666667 0.7027343750000000 0.0369791666666667 0.0601562500000000
1 0.2697916666666667 0.4925781250000000 0.0635416666666667 0.0859375000000000
1 0.7968750000000000 0.3238281250000000 0.0369791666666667 0.0902343750000000
1 0.4421875000000000 0.4773437500000000 0.0427083333333333 0.0921875000000000
1 0.3890625000000000 0.4828125000000000 0.0625000000000000 0.0824218750000000
1 0.4885416666666667 0.7378906250000000 0.0401041666666667 0.0585937500000000
1 0.2093750000000000 0.5003906250000000 0.0578125000000000 0.0941406250000000
1 0.1463541666666667 0.5039062500000000 0.0677083333333333 0.0902343750000000
1 0.0359375000000000 0.5433593750000000 0.0619791666666667 0.0750000000000000
1 0.9770833333333333 0.3140625000000000 0.0359375000000000 0.0785156250000000
1 0.9411458333333333 0.3167968750000000 0.0359375000000000 0.0804687500000000
1 0.9052083333333333 0.3167968750000000 0.0359375000000000 0.0808593750000000
1 0.8703125000000000 0.3195312500000000 0.0369791666666667 0.0859375000000000
1 0.8333333333333334 0.3214843750000000 0.0348958333333333 0.0843750000000000
1 0.6692708333333334 0.7070312500000000 0.0328125000000000 0.0757812500000000
1 0.7578125000000000 0.3250000000000000 0.0411458333333333 0.0863281250000000
1 0.7151041666666667 0.3273437500000000 0.0421875000000000 0.0890625000000000
1 0.6739583333333333 0.3277343750000000 0.0421875000000000 0.0871093750000000
1 0.6322916666666667 0.3292968750000000 0.0411458333333333 0.0902343750000000
1 0.5916666666666667 0.3312500000000000 0.0416666666666667 0.0917968750000000
1 0.5635416666666667 0.6000000000000000 0.0359375000000000 0.0855468750000000
1 0.6020833333333333 0.5921875000000000 0.0380208333333333 0.0871093750000000
1 0.6369791666666667 0.5929687500000000 0.0322916666666667 0.0812500000000000
1 0.9473958333333333 0.5558593750000000 0.0333333333333333 0.0671875000000000
1 0.9791666666666666 0.5523437500000000 0.0328125000000000 0.0742187500000000
1 0.0703125000000000 0.7984375000000000 0.0614583333333333 0.0832031250000000
1 0.4921875000000000 0.4718750000000000 0.0578125000000000 0.0820312500000000
1 0.1302083333333333 0.8003906250000000 0.0609375000000000 0.0792968750000000
1 0.2463541666666667 0.7730468750000000 0.0494791666666667 0.0914062500000000
1 0.3026041666666667 0.7617187500000000 0.0619791666666667 0.0734375000000000
1 0.3562500000000000 0.7527343750000000 0.0401041666666667 0.0832031250000000
1 0.4031250000000000 0.7437500000000000 0.0541666666666667 0.0730468750000000
1 0.4505208333333333 0.7449218750000000 0.0348958333333333 0.0695312500000000
1 0.5458333333333333 0.3339843750000000 0.0468750000000000 0.0886718750000000
1 0.1901041666666667 0.7851562500000000 0.0588541666666667 0.0675781250000000
1 0.5432291666666667 0.4667968750000000 0.0421875000000000 0.0832031250000000
1 0.3302083333333333 0.4890625000000000 0.0552083333333333 0.0929687500000000
1 0.6270833333333333 0.4640625000000000 0.0380208333333333 0.0785156250000000
1 0.4192708333333333 0.6191406250000000 0.0515625000000000 0.0792968750000000
1 0.5869791666666667 0.4691406250000000 0.0401041666666667 0.0769531250000000
1 0.5177083333333333 0.6035156250000000 0.0541666666666667 0.0824218750000000
1 0.6713541666666667 0.5878906250000000 0.0364583333333333 0.0730468750000000
1 0.5276041666666667 0.7277343750000000 0.0385416666666667 0.0773437500000000
1 0.5666666666666667 0.7191406250000000 0.0390625000000000 0.0718750000000000
1 0.3708333333333333 0.6273437500000000 0.0468750000000000 0.0929687500000000
1 0.5994791666666667 0.7148437500000000 0.0328125000000000 0.0730468750000000
1 0.7437500000000000 0.5804687500000000 0.0380208333333333 0.0710937500000000
1 0.7781250000000000 0.5742187500000000 0.0312500000000000 0.0832031250000000
1 0.9135416666666667 0.5585937500000000 0.0302083333333333 0.0718750000000000
1 0.6354166666666666 0.7113281250000000 0.0354166666666667 0.0671875000000000
1 0.8151041666666666 0.5652343750000000 0.0406250000000000 0.0804687500000000
1 0.8484375000000000 0.5632812500000000 0.0296875000000000 0.0753906250000000
1 0.7072916666666667 0.5847656250000000 0.0364583333333333 0.0789062500000000
1 0.3182291666666667 0.6312500000000000 0.0562500000000000 0.0839843750000000
1 0.4671875000000000 0.6136718750000000 0.0427083333333333 0.0882812500000000
1 0.1968750000000000 0.6503906250000000 0.0572916666666667 0.0902343750000000
1 0.6671875000000000 0.4593750000000000 0.0427083333333333 0.0761718750000000
1 0.7057291666666666 0.4562500000000000 0.0338541666666667 0.0832031250000000
1 0.2588541666666667 0.6390625000000000 0.0598958333333333 0.0902343750000000
1 0.7802083333333333 0.4484375000000000 0.0359375000000000 0.0824218750000000
1 0.8177083333333334 0.4437500000000000 0.0385416666666667 0.0765625000000000
1 0.8552083333333333 0.4414062500000000 0.0385416666666667 0.0812500000000000
1 0.7427083333333333 0.4531250000000000 0.0401041666666667 0.0765625000000000
1 0.9260416666666667 0.4359375000000000 0.0328125000000000 0.0730468750000000
1 0.9567708333333333 0.4312500000000000 0.0317708333333333 0.0738281250000000
1 0.9864583333333333 0.4304687500000000 0.0265625000000000 0.0734375000000000
1 0.0286458333333333 0.6695312500000000 0.0572916666666667 0.0890625000000000
1 0.0875000000000000 0.6707031250000000 0.0609375000000000 0.0722656250000000
1 0.1432291666666667 0.6554687500000000 0.0505208333333333 0.1003906250000000
1 0.8916666666666667 0.4378906250000000 0.0338541666666667 0.0757812500000000
