1 0.5456542968750000 0.3046875000000000 0.0549316406250000 0.0794270833333333
1 0.1149902343750000 0.4822048611111111 0.0288085937500000 0.0781250000000000
1 0.1582031250000000 0.4713541666666667 0.0578613281250000 0.1280381944444444
1 0.2094726562500000 0.4800347222222222 0.0434570312500000 0.1119791666666667
1 0.2915039062500000 0.2239583333333333 0.0512695312500000 0.0659722222222222
1 0.2429199218750000 0.2213541666666667 0.0456542968750000 0.0611979166666667
1 0.1979980468750000 0.2335069444444444 0.0439453125000000 0.0373263888888889
1 0.6877441406250000 0.1362847222222222 0.0583496093750000 0.0672743055555556
1 0.6308593750000000 0.1362847222222222 0.0551757812500000 0.0737847222222222
1 0.5739746093750000 0.1393229166666667 0.0568847656250000 0.0820312500000000
1 0.5168457031250000 0.1453993055555556 0.0541992187500000 0.0664062500000000
1 0.4609375000000000 0.1471354166666667 0.0573730468750000 0.0655381944444444
1 0.4067382812500000 0.1493055555555556 0.0515136718750000 0.0685763888888889
1 0.3554687500000000 0.1519097222222222 0.0461425781250000 0.0668402777777778
1 0.3073730468750000 0.1549479166666667 0.0488281250000000 0.0625000000000000
1 0.9235839843750000 0.2821180555555556 0.0187988281250000 0.0316840277777778
1 0.9042968750000000 0.2834201388888889 0.0197753906250000 0.0303819444444444
1 0.9172363281250000 0.3159722222222222 0.0207519531250000 0.0186631944444444
1 0.8986816406250000 0.3194444444444444 0.0163574218750000 0.0125868055555556
1 0.8686523437500000 0.2092013888888889 0.0153808593750000 0.0225694444444444
1 0.8691406250000000 0.2352430555555556 0.0163574218750000 0.0299479166666667
1 0.8701171875000000 0.2643229166666667 0.0151367187500000 0.0264756944444444
1 0.8505859375000000 0.2417534722222222 0.0153808593750000 0.0312500000000000
1 0.8352050781250000 0.2439236111111111 0.0144042968750000 0.0282118055555556
1 0.8205566406250000 0.2447916666666667 0.0141601562500000 0.0299479166666667
1 0.8505859375000000 0.2074652777777778 0.0114746093750000 0.0247395833333333
1 0.8400878906250000 0.2070312500000000 0.0095214843750000 0.0269097222222222
1 0.8266601562500000 0.2052951388888889 0.0141601562500000 0.0247395833333333
1 0.8005371093750000 0.1770833333333333 0.0209960937500000 0.0230034722222222
1 0.7832031250000000 0.1779513888888889 0.0144042968750000 0.0203993055555556
1 0.0834960937500000 0.4809027777777778 0.0327148437500000 0.0802951388888889
1 0.7685546875000000 0.1775173611111111 0.0146484375000000 0.0186631944444444
1 0.0605468750000000 0.4609375000000000 0.0175781250000000 0.1015625000000000
1 0.0231933593750000 0.4622395833333333 0.0175781250000000 0.0907118055555556
1 0.5097656250000000 0.2213541666666667 0.0537109375000000 0.0707465277777778
1 0.5676269531250000 0.2209201388888889 0.0595703125000000 0.0750868055555556
1 0.6284179687500000 0.2165798611111111 0.0576171875000000 0.0737847222222222
1 0.6857910156250000 0.2152777777777778 0.0571289062500000 0.0755208333333333
1 0.1376953125000000 0.3138020833333333 0.0244140625000000 0.0616319444444444
1 0.2111816406250000 0.2899305555555556 0.0546875000000000 0.0664062500000000
1 0.2639160156250000 0.2925347222222222 0.0505371093750000 0.0616319444444444
1 0.3154296875000000 0.2968750000000000 0.0524902343750000 0.0690104166666667
1 0.3688964843750000 0.2990451388888889 0.0541992187500000 0.0651041666666667
1 0.4255371093750000 0.3025173611111111 0.0527343750000000 0.0720486111111111
1 0.4829101562500000 0.3055555555555556 0.0563964843750000 0.0729166666666667
1 0.3425292968750000 0.2243923611111111 0.0493164062500000 0.0651041666666667
1 0.6101074218750000 0.3029513888888889 0.0593261718750000 0.0855034722222222
1 0.6694335937500000 0.3051215277777778 0.0578613281250000 0.0798611111111111
1 0.1008300781250000 0.3949652777777778 0.0302734375000000 0.0746527777777778
1 0.1357421875000000 0.3771701388888889 0.0283203125000000 0.0486111111111111
1 0.1772460937500000 0.3680555555555556 0.0476074218750000 0.0655381944444444
1 0.2336425781250000 0.3693576388888889 0.0578613281250000 0.0881076388888889
1 0.2880859375000000 0.3736979166666667 0.0515136718750000 0.0763888888888889
1 0.7292480468750000 0.2378472222222222 0.0224609375000000 0.0763888888888889
1 0.7536621093750000 0.2439236111111111 0.0253906250000000 0.0620659722222222
1 0.8923339843750000 0.1245659722222222 0.0346679687500000 0.0859375000000000
1 0.9260253906250000 0.1254340277777778 0.0324707031250000 0.0859375000000000
1 0.9592285156250000 0.1223958333333333 0.0341796875000000 0.0911458333333333
1 0.7145996093750000 0.3172743055555556 0.0263671875000000 0.0759548611111111
1 0.7431640625000000 0.3242187500000000 0.0251464843750000 0.0881076388888889
1 0.7727050781250000 0.3255208333333333 0.0327148437500000 0.0824652777777778
1 0.8012695312500000 0.3355034722222222 0.0234375000000000 0.1015625000000000
1 0.8422851562500000 0.3320312500000000 0.0537109375000000 0.0980902777777778
1 0.0419921875000000 0.4644097222222222 0.0197753906250000 0.0946180555555556
1 0.4533691406250000 0.2217881944444444 0.0581054687500000 0.0681423611111111
1 0.3959960937500000 0.2213541666666667 0.0502929687500000 0.0659722222222222
1 0.5319824218750000 0.0685763888888889 0.0476074218750000 0.0564236111111111
1 0.9558105468750000 0.4418402777777778 0.0263671875000000 0.0898437500000000
1 0.4279785156250000 0.0785590277777778 0.0500488281250000 0.0629340277777778
1 0.4790039062500000 0.0759548611111111 0.0510253906250000 0.0672743055555556
1 0.3225097656250000 0.4926215277777778 0.0573730468750000 0.1180555555555556
1 0.5854492187500000 0.0646701388888889 0.0539550781250000 0.0607638888888889
1 0.6284179687500000 0.0625000000000000 0.0266113281250000 0.0677083333333333
1 0.8261718750000000 0.1388888888888889 0.0227050781250000 0.0503472222222222
1 0.6560058593750000 0.0629340277777778 0.0249023437500000 0.0672743055555556
1 0.7905273437500000 0.1401909722222222 0.0478515625000000 0.0503472222222222
1 0.5966796875000000 0.3975694444444444 0.0581054687500000 0.0863715277777778
1 0.5307617187500000 0.3932291666666667 0.0632324218750000 0.0733506944444444
1 0.4670410156250000 0.3888888888888889 0.0644531250000000 0.0820312500000000
1 0.4062500000000000 0.3836805555555556 0.0563964843750000 0.0729166666666667
1 0.3464355468750000 0.3832465277777778 0.0615234375000000 0.0746527777777778
1 0.6921386718750000 0.0611979166666667 0.0178222656250000 0.0703125000000000
1 0.0749511718750000 0.3745659722222222 0.0222167968750000 0.0638020833333333
1 0.2636718750000000 0.4865451388888889 0.0605468750000000 0.1310763888888889
1 0.6567382812500000 0.3975694444444444 0.0593261718750000 0.0915798611111111
1 0.7160644531250000 0.5520833333333334 0.0605468750000000 0.1371527777777778
1 0.7792968750000000 0.5651041666666666 0.0661621093750000 0.1636284722222222
1 0.0529785156250000 0.3684895833333333 0.0219726562500000 0.0664062500000000
1 0.8449707031250000 0.5685763888888888 0.0651855468750000 0.1566840277777778
1 0.9133300781250000 0.5737847222222222 0.0700683593750000 0.1697048611111111
1 0.9726562500000000 0.5742187500000000 0.0485839843750000 0.1718750000000000
1 0.6511230468750000 0.5390625000000000 0.0693359375000000 0.1631944444444444
1 0.5827636718750000 0.5321180555555556 0.0673828125000000 0.1493055555555556
1 0.4465332031250000 0.5147569444444444 0.0693359375000000 0.1293402777777778
1 0.3830566406250000 0.5095486111111112 0.0573730468750000 0.1397569444444444
1 0.9223632812500000 0.4461805555555556 0.0266113281250000 0.0724826388888889
1 0.8928222656250000 0.4409722222222222 0.0241699218750000 0.0920138888888889
1 0.8457031250000000 0.4379340277777778 0.0666503906250000 0.0937500000000000
1 0.7807617187500000 0.4301215277777778 0.0578613281250000 0.0902777777777778
1 0.7260742187500000 0.4279513888888889 0.0434570312500000 0.0976562500000000
1 0.5161132812500000 0.5282118055555556 0.0659179687500000 0.1566840277777778
