1 0.5530821917808220 0.5862980769230769 0.0316780821917808 0.0463942307692308
1 0.1151541095890411 0.5040865384615385 0.0856164383561644 0.0307692307692308
1 0.2196061643835616 0.5024038461538461 0.0774828767123288 0.0338942307692308
1 0.3095034246575342 0.5007211538461539 0.0821917808219178 0.0372596153846154
1 0.3994006849315068 0.4990384615384615 0.0911815068493151 0.0375000000000000
1 0.4648972602739726 0.4901442307692307 0.0351027397260274 0.0516826923076923
1 0.5034246575342466 0.4889423076923077 0.0385273972602740 0.0543269230769231
1 0.5436643835616438 0.4899038461538461 0.0445205479452055 0.0538461538461538
1 0.5826198630136986 0.4894230769230769 0.0295376712328767 0.0627403846153846
1 0.6087328767123288 0.4951923076923077 0.0226883561643836 0.0514423076923077
1 0.6438356164383562 0.4980769230769231 0.0329623287671233 0.0454326923076923
1 0.1168664383561644 0.4759615384615384 0.0933219178082192 0.0158653846153846
1 0.6819349315068494 0.4961538461538462 0.0372431506849315 0.0471153846153846
1 0.7243150684931506 0.4829326923076923 0.0415239726027397 0.0209134615384615
1 0.7230308219178082 0.5062500000000000 0.0415239726027397 0.0161057692307692
1 0.7731164383561644 0.5045673076923077 0.0393835616438356 0.0221153846153846
1 0.7748287671232876 0.4774038461538462 0.0470890410958904 0.0288461538461538
1 0.8347602739726028 0.4769230769230769 0.0556506849315068 0.0266826923076923
1 0.8249143835616438 0.5043269230769231 0.0560787671232877 0.0173076923076923
1 0.8805650684931506 0.5197115384615385 0.0483732876712329 0.0153846153846154
1 0.9250856164383562 0.5134615384615384 0.0449486301369863 0.0310096153846154
1 0.9751712328767124 0.5064903846153846 0.0547945205479452 0.0454326923076923
1 0.0843321917808219 0.4028846153846154 0.0552226027397260 0.0391826923076923
1 0.7191780821917808 0.4593750000000000 0.0496575342465753 0.0201923076923077
1 0.7071917808219178 0.2100961538461538 0.0445205479452055 0.0620192307692308
1 0.9768835616438356 0.5872596153846154 0.0393835616438356 0.0682692307692308
1 0.8745719178082192 0.5870192307692308 0.0547945205479452 0.0774038461538462
1 0.8809931506849316 0.6930288461538462 0.0415239726027397 0.0622596153846154
1 0.9216609589041096 0.7009615384615384 0.0351027397260274 0.0471153846153846
1 0.9623287671232876 0.6737980769230769 0.0398116438356164 0.0165865384615385
1 0.9589041095890410 0.6853365384615384 0.0393835616438356 0.0098557692307692
1 0.9567636986301370 0.6961538461538461 0.0338184931506849 0.0110576923076923
1 0.9589041095890410 0.7055288461538461 0.0393835616438356 0.0079326923076923
1 0.9580479452054794 0.7156250000000000 0.0363869863013699 0.0103365384615385
1 0.1134417808219178 0.5841346153846154 0.0659246575342466 0.0651442307692308
1 0.2405821917808219 0.5896634615384615 0.0873287671232877 0.0495192307692308
1 0.3261986301369863 0.5901442307692307 0.0826198630136986 0.0483173076923077
1 0.9297945205479452 0.5860576923076923 0.0530821917808219 0.0730769230769231
1 0.4011130136986301 0.5894230769230769 0.0539383561643836 0.0305288461538462
1 0.4815924657534247 0.5906250000000000 0.0881849315068493 0.0348557692307692
1 0.9426369863013698 0.4016826923076923 0.0445205479452055 0.0677884615384615
1 0.5890410958904110 0.5819711538461538 0.0393835616438356 0.0545673076923077
1 0.6220034246575342 0.5834134615384615 0.0312500000000000 0.0557692307692308
1 0.6579623287671232 0.5848557692307692 0.0393835616438356 0.0536057692307692
1 0.6969178082191780 0.5855769230769231 0.0368150684931507 0.0548076923076923
1 0.7354452054794520 0.5870192307692308 0.0398116438356164 0.0516826923076923
1 0.7773972602739726 0.5879807692307693 0.0415239726027397 0.0497596153846154
1 0.8112157534246576 0.5944711538461539 0.0261130136986301 0.0375000000000000
1 0.8351883561643836 0.5915865384615384 0.0235445205479452 0.0331730769230769
1 0.4833047945205479 0.5560096153846154 0.0873287671232877 0.0331730769230769
1 0.6682363013698630 0.2100961538461538 0.0303938356164384 0.0632211538461538
1 0.6258561643835616 0.2031250000000000 0.0458047945205479 0.0290865384615385
1 0.6305650684931506 0.2288461538461538 0.0440924657534247 0.0187500000000000
1 0.1369863013698630 0.4000000000000000 0.0475171232876712 0.0485576923076923
1 0.1947773972602740 0.4079326923076923 0.0466609589041096 0.0290865384615385
1 0.2448630136986301 0.3762019230769231 0.0783390410958904 0.0250000000000000
1 0.2431506849315068 0.4091346153846154 0.0475171232876712 0.0278846153846154
1 0.3009417808219178 0.4088942307692308 0.0530821917808219 0.0237980769230769
1 0.3613013698630137 0.3737980769230769 0.0526541095890411 0.0235576923076923
1 0.3613013698630137 0.4057692307692308 0.0526541095890411 0.0237980769230769
1 0.4255136986301370 0.3966346153846154 0.0500856164383562 0.0543269230769231
1 0.5445205479452054 0.3764423076923077 0.0539383561643836 0.0302884615384615
1 0.4867294520547945 0.4069711538461538 0.0603595890410959 0.0343750000000000
1 0.0702054794520548 0.2939903846153846 0.0543664383561644 0.0716346153846154
1 0.5415239726027398 0.4084134615384615 0.0488013698630137 0.0298076923076923
1 0.6528253424657534 0.4098557692307692 0.0595034246575342 0.0230769230769231
1 0.6464041095890410 0.3790865384615384 0.0449486301369863 0.0322115384615385
1 0.6990582191780822 0.3754807692307692 0.0479452054794521 0.0295673076923077
1 0.7157534246575342 0.4117788461538461 0.0500856164383562 0.0250000000000000
1 0.7615582191780822 0.3742788461538462 0.0582191780821918 0.0322115384615385
1 0.7739726027397260 0.4069711538461538 0.0543664383561644 0.0213942307692308
1 0.8304794520547946 0.3769230769230769 0.0582191780821918 0.0298076923076923
1 0.8347602739726028 0.4103365384615384 0.0539383561643836 0.0242788461538462
1 0.8899828767123288 0.4117788461538461 0.0338184931506849 0.0300480769230769
1 0.8929794520547946 0.3822115384615384 0.0410958904109589 0.0257211538461538
1 0.5963184931506850 0.4074519230769231 0.0423801369863014 0.0269230769230769
1 0.1194349315068493 0.2937500000000000 0.0479452054794521 0.0706730769230769
1 0.1643835616438356 0.2949519230769231 0.0385273972602740 0.0673076923076923
1 0.2298801369863014 0.2752403846153846 0.0804794520547945 0.0269230769230769
1 0.5744863013698630 0.2163461538461539 0.0573630136986301 0.0492788461538462
1 0.5214041095890410 0.2307692307692308 0.0488013698630137 0.0189903846153846
1 0.4610445205479452 0.2110576923076923 0.0659246575342466 0.0576923076923077
1 0.3968321917808219 0.2093750000000000 0.0620719178082192 0.0617788461538462
1 0.3360445205479452 0.2086538461538462 0.0513698630136986 0.0206730769230769
1 0.3351883561643836 0.2288461538461538 0.0445205479452055 0.0158653846153846
1 0.2808219178082192 0.2002403846153846 0.0526541095890411 0.0718750000000000
1 0.2285958904109589 0.2009615384615385 0.0423801369863014 0.0721153846153846
1 0.1840753424657534 0.2012019230769231 0.0453767123287671 0.0668269230769231
1 0.1023116438356164 0.2129807692307692 0.1172945205479452 0.0415865384615385
1 0.8994006849315068 0.3122596153846154 0.0393835616438356 0.0375000000000000
1 0.8398972602739726 0.2971153846153846 0.0543664383561644 0.0685096153846154
1 0.7752568493150684 0.3019230769230769 0.0522260273972603 0.0649038461538462
1 0.7221746575342466 0.3033653846153846 0.0543664383561644 0.0608173076923077
1 0.6690924657534246 0.3024038461538461 0.0517979452054795 0.0596153846153846
1 0.6194349315068494 0.3024038461538461 0.0475171232876712 0.0596153846153846
1 0.5517979452054794 0.3161057692307692 0.0732020547945205 0.0288461538461538
1 0.5526541095890410 0.2788461538461539 0.0881849315068493 0.0293269230769231
1 0.4674657534246575 0.3134615384615385 0.0761986301369863 0.0463942307692308
1 0.4002568493150685 0.3000000000000000 0.0496575342465753 0.0548076923076923
1 0.3488869863013699 0.2973557692307692 0.0432363013698630 0.0663461538461538
1 0.2996575342465753 0.2971153846153846 0.0436643835616438 0.0653846153846154
1 0.2281678082191781 0.3117788461538462 0.0714897260273973 0.0310096153846154
1 0.8369006849315068 0.6697115384615384 0.0376712328767123 0.0459134615384615
1 0.7851027397260274 0.6706730769230769 0.0380993150684932 0.0576923076923077
1 0.9815924657534246 0.4000000000000000 0.0359589041095890 0.0713942307692308
1 0.6977739726027398 0.6718750000000000 0.0351027397260274 0.0497596153846154
1 0.5393835616438356 0.7641826923076923 0.0359589041095890 0.0776442307692308
1 0.4905821917808219 0.7699519230769231 0.0526541095890411 0.0790865384615385
1 0.4323630136986301 0.7723557692307692 0.0595034246575342 0.0745192307692308
1 0.3574486301369863 0.7985576923076924 0.0834760273972603 0.0221153846153846
1 0.3557363013698630 0.7615384615384615 0.0796232876712329 0.0459134615384615
1 0.2782534246575342 0.8004807692307693 0.0693493150684932 0.0250000000000000
1 0.2782534246575342 0.7673076923076924 0.0689212328767123 0.0394230769230769
1 0.2084760273972603 0.8112980769230769 0.0766267123287671 0.0096153846153846
1 0.2041952054794521 0.7978365384615385 0.0796232876712329 0.0076923076923077
1 0.7538527397260274 0.2300480769230769 0.0372431506849315 0.0149038461538462
1 0.7568493150684932 0.2098557692307692 0.0428082191780822 0.0262019230769231
1 0.8099315068493150 0.2132211538461538 0.0517979452054795 0.0572115384615385
1 0.8655821917808220 0.2110576923076923 0.0552226027397260 0.0610576923076923
1 0.9486301369863014 0.2401442307692308 0.0505136986301370 0.0673076923076923
1 0.1990582191780822 0.7841346153846154 0.0714897260273973 0.0218750000000000
1 0.1986301369863014 0.7564903846153846 0.0732020547945205 0.0382211538461538
1 0.1232876712328767 0.7574519230769231 0.0749143835616438 0.0408653846153846
1 0.1207191780821918 0.7875000000000000 0.0697773972602740 0.0201923076923077
1 0.7384417808219178 0.6723557692307692 0.0436643835616438 0.0567307692307692
1 0.5749143835616438 0.7670673076923077 0.0329623287671233 0.0730769230769231
1 0.6035958904109590 0.7673076923076924 0.0282534246575342 0.0750000000000000
1 0.1335616438356164 0.8141826923076924 0.0719178082191781 0.0153846153846154
1 0.7217465753424658 0.7923076923076923 0.0783390410958904 0.0283653846153846
1 0.6288527397260274 0.6699519230769231 0.0458047945205479 0.0538461538461538
1 0.5834760273972602 0.6692307692307692 0.0329623287671233 0.0516826923076923
1 0.5423801369863014 0.6704326923076923 0.0466609589041096 0.0492788461538462
1 0.4888698630136986 0.6649038461538461 0.0389554794520548 0.0557692307692308
1 0.6412671232876712 0.7675480769230769 0.0445205479452055 0.0742788461538462
1 0.6660958904109590 0.6783653846153846 0.0286815068493151 0.0375000000000000
1 0.4400684931506849 0.6699519230769231 0.0389554794520548 0.0591346153846154
1 0.3578767123287671 0.6723557692307692 0.0479452054794521 0.0639423076923077
1 0.3047945205479452 0.6742788461538461 0.0560787671232877 0.0608173076923077
1 0.2564212328767123 0.6737980769230769 0.0445205479452055 0.0572115384615385
1 0.4011130136986301 0.6706730769230769 0.0368150684931507 0.0584134615384615
1 0.8831335616438356 0.7730769230769231 0.0432363013698630 0.0593750000000000
1 0.1386986301369863 0.6786057692307692 0.0723458904109589 0.0346153846153846
1 0.9683219178082192 0.7829326923076924 0.0453767123287671 0.0528846153846154
1 0.9242294520547946 0.7793269230769231 0.0406678082191781 0.0603365384615385
1 0.7953767123287672 0.7930288461538462 0.0689212328767123 0.0278846153846154
1 0.7076198630136986 0.7562500000000000 0.0783390410958904 0.0326923076923077
1 0.2033390410958904 0.6730769230769231 0.0577910958904110 0.0569711538461538
1 0.7842465753424658 0.7588942307692308 0.0740582191780822 0.0274038461538462
1 0.8480308219178082 0.7658653846153847 0.0273972602739726 0.0576923076923077
