1 0.4972222222222222 0.8125000000000000 0.0518518518518519 0.0205592105263158
1 0.5962962962962963 0.5485197368421053 0.0166666666666667 0.0189144736842105
1 0.9407407407407408 0.3013980263157895 0.0217592592592593 0.1352796052631579
1 0.5759259259259260 0.5497532894736842 0.0212962962962963 0.0131578947368421
1 0.5729166666666666 0.5250822368421053 0.0162037037037037 0.0300164473684211
1 0.5287037037037037 0.5616776315789473 0.0627314814814815 0.0826480263157895
1 0.4555555555555555 0.5715460526315790 0.0766203703703704 0.0662006578947368
1 0.4534722222222222 0.5004111842105263 0.0752314814814815 0.0653782894736842
1 0.3909722222222222 0.5715460526315790 0.0479166666666667 0.0694901315789474
1 0.3405092592592592 0.5690789473684210 0.0490740740740741 0.0744243421052632
1 0.3902777777777778 0.4917763157894737 0.0495370370370370 0.0748355263157895
1 0.3386574074074074 0.4913651315789473 0.0469907407407407 0.0736019736842105
1 0.1694444444444445 0.2582236842105263 0.0150462962962963 0.1944901315789474
1 0.1962962962962963 0.2561677631578947 0.0305555555555556 0.2002467105263158
1 0.2256944444444444 0.2557565789473684 0.0263888888888889 0.2014802631578947
1 0.2773148148148148 0.2035361842105263 0.0500000000000000 0.0287828947368421
1 0.2798611111111111 0.2298519736842105 0.0557870370370370 0.0238486842105263
1 0.2768518518518518 0.2516447368421053 0.0618055555555556 0.0164473684210526
1 0.5962962962962963 0.5222039473684210 0.0194444444444444 0.0263157894736842
1 0.2754629629629630 0.2709703947368421 0.0592592592592593 0.0217927631578947
1 0.6178240740740740 0.5226151315789473 0.0189814814814815 0.0283717105263158
1 0.5768518518518518 0.5760690789473685 0.0166666666666667 0.0287828947368421
1 0.1460648148148148 0.2553453947368421 0.0310185185185185 0.1986019736842105
1 0.0756944444444444 0.2504111842105263 0.1006944444444444 0.1907894736842105
1 0.9400462962962963 0.5970394736842105 0.0432870370370370 0.0567434210526316
1 0.9412037037037037 0.5291940789473685 0.0425925925925926 0.0703125000000000
1 0.8888888888888888 0.5847039473684210 0.0414351851851852 0.0756578947368421
1 0.8918981481481482 0.4901315789473684 0.0476851851851852 0.0900493421052632
1 0.7900462962962963 0.5990953947368421 0.1141203703703704 0.0337171052631579
1 0.7900462962962963 0.5567434210526315 0.1092592592592593 0.0316611842105263
1 0.6793981481481481 0.5929276315789473 0.0921296296296296 0.0402960526315789
1 0.6803240740740740 0.5378289473684210 0.0953703703703704 0.0620888157894737
1 0.6196759259259259 0.6036184210526315 0.0187500000000000 0.0242598684210526
1 0.6185185185185185 0.5764802631578947 0.0187500000000000 0.0246710526315789
1 0.5990740740740741 0.5744243421052632 0.0185185185185185 0.0234375000000000
1 0.6002314814814815 0.6007401315789473 0.0201388888888889 0.0275493421052632
1 0.5784722222222223 0.6036184210526315 0.0215277777777778 0.0222039473684211
1 0.6175925925925926 0.5501644736842105 0.0180555555555556 0.0189144736842105
1 0.9731481481481481 0.3026315789473684 0.0349537037037037 0.1377467105263158
1 0.2745370370370370 0.2907072368421053 0.0606481481481481 0.0152138157894737
1 0.2780092592592592 0.3289473684210527 0.0659722222222222 0.0197368421052632
1 0.8002314814814815 0.8211348684210527 0.0569444444444444 0.0222039473684211
1 0.8013888888888889 0.7989309210526315 0.0548611111111111 0.0209703947368421
1 0.8011574074074074 0.7734375000000000 0.0550925925925926 0.0267269736842105
1 0.7439814814814815 0.8408717105263158 0.0516203703703704 0.0209703947368421
1 0.7435185185185185 0.8207236842105263 0.0506944444444444 0.0197368421052632
1 0.7456018518518519 0.8009868421052632 0.0486111111111111 0.0205592105263158
1 0.7462962962962963 0.7754934210526315 0.0504629629629630 0.0291940789473684
1 0.7418981481481481 0.7306743421052632 0.0557870370370370 0.0518092105263158
1 0.6597222222222222 0.8248355263157895 0.0386574074074074 0.0468750000000000
1 0.6650462962962963 0.7545230263157895 0.0518518518518519 0.0777138157894737
1 0.5974537037037037 0.8157894736842105 0.0451388888888889 0.0612664473684211
1 0.6025462962962963 0.7512335526315790 0.0537037037037037 0.0649671052631579
1 0.5495370370370370 0.8215460526315790 0.0534722222222222 0.0148026315789474
1 0.4962962962962963 0.8363486842105263 0.0497685185185185 0.0148026315789474
1 0.9071759259259259 0.2976973684210527 0.0432870370370370 0.1344572368421053
1 0.7981481481481482 0.8437500000000000 0.0527777777777778 0.0217927631578947
1 0.2763888888888889 0.3075657894736842 0.0664351851851852 0.0168585526315789
1 0.0372685185185185 0.5271381578947368 0.0726851851851852 0.1184210526315789
1 0.1798611111111111 0.4868421052631579 0.1122685185185185 0.1447368421052632
1 0.2770833333333333 0.3453947368421053 0.0631944444444444 0.0156250000000000
1 0.3180555555555555 0.2927631578947368 0.0099537037037037 0.1336348684210526
1 0.3310185185185185 0.2927631578947368 0.0134259259259259 0.1344572368421053
1 0.3641203703703704 0.2972861842105263 0.0488425925925926 0.1019736842105263
1 0.4074074074074074 0.2960526315789473 0.0368055555555556 0.1056743421052632
1 0.2819444444444444 0.5431743421052632 0.0625000000000000 0.1134868421052632
1 0.4835648148148148 0.3293585526315789 0.0226851851851852 0.0493421052631579
1 0.5629629629629630 0.2586348684210527 0.1178240740740741 0.1595394736842105
1 0.7375000000000000 0.3125000000000000 0.0358796296296296 0.1093750000000000
1 0.7682870370370370 0.3104440789473684 0.0199074074074074 0.1110197368421053
1 0.7916666666666666 0.3092105263157895 0.0254629629629630 0.1077302631578947
1 0.8199074074074074 0.3116776315789473 0.0289351851851852 0.1015625000000000
1 0.8460648148148148 0.3104440789473684 0.0238425925925926 0.0982730263157895
1 0.8694444444444445 0.3112664473684211 0.0226851851851852 0.0974506578947368
1 0.9162037037037037 0.1796875000000000 0.0944444444444444 0.0916940789473684
1 0.1011574074074074 0.4753289473684211 0.0393518518518519 0.1188322368421053
1 0.4430555555555555 0.8120888157894737 0.0472222222222222 0.0398848684210526
1 0.4557870370370370 0.3281250000000000 0.0273148148148148 0.0530427631578947
1 0.0326388888888889 0.7771381578947368 0.0328703703703704 0.1418585526315790
1 0.1134259259259259 0.7779605263157895 0.0453703703703704 0.1332236842105263
1 0.0694444444444444 0.7783717105263158 0.0381944444444444 0.1328125000000000
1 0.2854166666666667 0.7413651315789473 0.0518518518518519 0.0555098684210526
1 0.2877314814814815 0.8096217105263158 0.0439814814814815 0.0579769736842105
1 0.1587962962962963 0.7791940789473685 0.0439814814814815 0.1287006578947368
1 0.2020833333333333 0.7767269736842105 0.0368055555555556 0.1278782894736842
1 0.3379629629629630 0.8030427631578947 0.0486111111111111 0.0546875000000000
1 0.4425925925925926 0.7623355263157895 0.0500000000000000 0.0489309210526316
1 0.4407407407407408 0.7047697368421053 0.0537037037037037 0.0649671052631579
1 0.3912037037037037 0.8129111842105263 0.0506944444444444 0.0452302631578947
1 0.3891203703703704 0.7569901315789473 0.0444444444444444 0.0472861842105263
1 0.3863425925925926 0.7047697368421053 0.0481481481481481 0.0546875000000000
