1 0.5885416666666666 0.8750000000000000 0.0302083333333333 0.0625000000000000
1 0.5421875000000000 0.8605468750000000 0.0291666666666667 0.0625000000000000
1 0.5135416666666667 0.8539062500000000 0.0223958333333333 0.0589843750000000
1 0.3848958333333333 0.8273437500000000 0.0276041666666667 0.0457031250000000
1 0.4875000000000000 0.8503906250000000 0.0213541666666667 0.0542968750000000
1 0.4567708333333333 0.8406250000000000 0.0265625000000000 0.0582031250000000
1 0.4145833333333334 0.8300781250000000 0.0270833333333333 0.0562500000000000
1 0.4375000000000000 0.7910156250000000 0.0437500000000000 0.0250000000000000
1 0.3583333333333333 0.8175781250000000 0.0187500000000000 0.0500000000000000
1 0.2755208333333333 0.6781250000000000 0.0307291666666667 0.0511718750000000
1 0.3276041666666666 0.8121093750000000 0.0322916666666667 0.0484375000000000
1 0.3281250000000000 0.7609375000000000 0.0338541666666667 0.0480468750000000
1 0.2958333333333333 0.8039062500000000 0.0260416666666667 0.0511718750000000
1 0.2947916666666667 0.7496093750000000 0.0307291666666667 0.0566406250000000
1 0.2697916666666667 0.7957031250000000 0.0218750000000000 0.0441406250000000
1 0.2468750000000000 0.7957031250000000 0.0229166666666667 0.0417968750000000
1 0.2463541666666667 0.7500000000000000 0.0255208333333333 0.0480468750000000
1 0.2697916666666667 0.7488281250000000 0.0151041666666667 0.0457031250000000
1 0.2427083333333333 0.6710937500000000 0.0302083333333333 0.0507812500000000
1 0.3026041666666667 0.6750000000000000 0.0208333333333333 0.0585937500000000
1 0.3312500000000000 0.6949218750000000 0.0302083333333333 0.0347656250000000
1 0.3265625000000000 0.6593750000000000 0.0208333333333333 0.0343750000000000
1 0.6218750000000000 0.8824218750000000 0.0302083333333333 0.0660156250000000
1 0.3614583333333333 0.7691406250000000 0.0281250000000000 0.0453125000000000
1 0.6572916666666667 0.8886718750000000 0.0328125000000000 0.0667968750000000
1 0.3703125000000000 0.1292968750000000 0.0338541666666667 0.0687500000000000
1 0.7494791666666667 0.9109375000000000 0.0520833333333333 0.0808593750000000
1 0.4885416666666667 0.8078125000000000 0.0296875000000000 0.0281250000000000
1 0.9864583333333333 0.5441406250000000 0.0276041666666667 0.1093750000000000
1 0.9838541666666667 0.0738281250000000 0.0343750000000000 0.0578125000000000
1 0.2161458333333333 0.1492187500000000 0.0156250000000000 0.0574218750000000
1 0.1885416666666667 0.1519531250000000 0.0359375000000000 0.0601562500000000
1 0.2406250000000000 0.1480468750000000 0.0328125000000000 0.0574218750000000
1 0.2776041666666667 0.1421875000000000 0.0302083333333333 0.0644531250000000
1 0.3125000000000000 0.1355468750000000 0.0281250000000000 0.0652343750000000
1 0.3401041666666667 0.1359375000000000 0.0260416666666667 0.0656250000000000
1 0.3567708333333333 0.6843750000000000 0.0192708333333333 0.0613281250000000
1 0.4093750000000000 0.1218750000000000 0.0260416666666667 0.0714843750000000
1 0.4401041666666667 0.1187500000000000 0.0302083333333333 0.0722656250000000
1 0.4734375000000000 0.1179687500000000 0.0276041666666667 0.0683593750000000
1 0.5041666666666667 0.1128906250000000 0.0296875000000000 0.0695312500000000
1 0.5343750000000000 0.1082031250000000 0.0291666666666667 0.0742187500000000
1 0.5697916666666667 0.1039062500000000 0.0364583333333333 0.0843750000000000
1 0.6067708333333334 0.1023437500000000 0.0328125000000000 0.0789062500000000
1 0.6401041666666667 0.0960937500000000 0.0322916666666667 0.0734375000000000
1 0.6744791666666666 0.0914062500000000 0.0317708333333333 0.0769531250000000
1 0.7125000000000000 0.0875000000000000 0.0375000000000000 0.0808593750000000
1 0.9781250000000000 0.9628906250000000 0.0447916666666667 0.0703125000000000
1 0.8994791666666667 0.9289062500000000 0.0963541666666667 0.1351562500000000
1 0.8104166666666667 0.9269531250000000 0.0640625000000000 0.0792968750000000
1 0.7015625000000000 0.8832031250000000 0.0390625000000000 0.0941406250000000
1 0.3828125000000000 0.6894531250000000 0.0229166666666667 0.0519531250000000
1 0.4791666666666667 0.3820312500000000 0.0484375000000000 0.0625000000000000
1 0.4328125000000000 0.6964843750000000 0.0218750000000000 0.0656250000000000
1 0.2312500000000000 0.3789062500000000 0.0588541666666667 0.0566406250000000
1 0.2953125000000000 0.3781250000000000 0.0598958333333333 0.0550781250000000
1 0.3677083333333334 0.3800781250000000 0.0630208333333333 0.0585937500000000
1 0.6203125000000000 0.6273437500000000 0.0302083333333333 0.0648437500000000
1 0.5854166666666667 0.6238281250000000 0.0307291666666667 0.0648437500000000
1 0.5552083333333333 0.6171875000000000 0.0244791666666667 0.0621093750000000
1 0.5218750000000000 0.6074218750000000 0.0385416666666667 0.0730468750000000
1 0.4869791666666667 0.6089843750000000 0.0234375000000000 0.0621093750000000
1 0.4588541666666667 0.6074218750000000 0.0276041666666667 0.0609375000000000
1 0.4609375000000000 0.5636718750000000 0.0286458333333333 0.0234375000000000
1 0.2083333333333333 0.2820312500000000 0.0286458333333333 0.0476562500000000
1 0.4302083333333334 0.6011718750000000 0.0234375000000000 0.0605468750000000
1 0.3770833333333333 0.5964843750000000 0.0239583333333333 0.0625000000000000
1 0.3489583333333333 0.5886718750000000 0.0286458333333333 0.0613281250000000
1 0.3046875000000000 0.5867187500000000 0.0255208333333333 0.0570312500000000
1 0.2697916666666667 0.5839843750000000 0.0406250000000000 0.0585937500000000
1 0.2354166666666667 0.5835937500000000 0.0255208333333333 0.0511718750000000
1 0.2250000000000000 0.4828125000000000 0.0244791666666667 0.0625000000000000
1 0.2468750000000000 0.4777343750000000 0.0171875000000000 0.0722656250000000
1 0.2838541666666667 0.5011718750000000 0.0473958333333333 0.0351562500000000
1 0.3453125000000000 0.5050781250000000 0.0583333333333333 0.0386718750000000
1 0.3984375000000000 0.5082031250000000 0.0500000000000000 0.0382812500000000
1 0.4031250000000000 0.5976562500000000 0.0265625000000000 0.0605468750000000
1 0.4526041666666666 0.5113281250000000 0.0463541666666667 0.0394531250000000
1 0.2052083333333333 0.2328125000000000 0.0255208333333333 0.0460937500000000
1 0.2625000000000000 0.2726562500000000 0.0203125000000000 0.0593750000000000
1 0.4083333333333333 0.6925781250000000 0.0270833333333333 0.0656250000000000
1 0.8260416666666667 0.2433593750000000 0.0406250000000000 0.0835937500000000
1 0.8739583333333333 0.2410156250000000 0.0479166666666667 0.0859375000000000
1 0.7765625000000000 0.2507812500000000 0.0427083333333333 0.0660156250000000
1 0.7250000000000000 0.2718750000000000 0.0473958333333333 0.0300781250000000
1 0.6750000000000000 0.2597656250000000 0.0515625000000000 0.0648437500000000
1 0.6270833333333333 0.2519531250000000 0.0317708333333333 0.0773437500000000
1 0.4895833333333333 0.1937500000000000 0.0343750000000000 0.0347656250000000
1 0.5260416666666666 0.2121093750000000 0.0250000000000000 0.0238281250000000
1 0.5244791666666667 0.2621093750000000 0.0281250000000000 0.0722656250000000
1 0.2359375000000000 0.2785156250000000 0.0260416666666667 0.0523437500000000
1 0.5567708333333333 0.2589843750000000 0.0333333333333333 0.0750000000000000
1 0.3947916666666667 0.2664062500000000 0.0218750000000000 0.0632812500000000
1 0.4250000000000000 0.2664062500000000 0.0281250000000000 0.0660156250000000
1 0.4546875000000000 0.2617187500000000 0.0312500000000000 0.0687500000000000
1 0.3666666666666666 0.2195312500000000 0.0260416666666667 0.0246093750000000
1 0.3682291666666667 0.2667968750000000 0.0260416666666667 0.0597656250000000
1 0.3401041666666667 0.2683593750000000 0.0265625000000000 0.0625000000000000
1 0.2536458333333333 0.2292968750000000 0.0208333333333333 0.0226562500000000
1 0.2921875000000000 0.2281250000000000 0.0250000000000000 0.0226562500000000
1 0.3135416666666667 0.2718750000000000 0.0239583333333333 0.0578125000000000
1 0.2875000000000000 0.2730468750000000 0.0281250000000000 0.0628906250000000
1 0.4880208333333333 0.2550781250000000 0.0343750000000000 0.0839843750000000
1 0.4489583333333333 0.4750000000000000 0.0515625000000000 0.0308593750000000
1 0.6515625000000000 0.6312500000000000 0.0302083333333333 0.0703125000000000
1 0.3421875000000000 0.4687500000000000 0.0526041666666667 0.0320312500000000
1 0.8239583333333333 0.5179687500000000 0.0494791666666667 0.0929687500000000
1 0.8786458333333333 0.5312500000000000 0.0479166666666667 0.0835937500000000
1 0.9375000000000000 0.5457031250000000 0.0651041666666667 0.1062500000000000
1 0.8427083333333333 0.3761718750000000 0.0531250000000000 0.0917968750000000
1 0.7890625000000000 0.3816406250000000 0.0395833333333333 0.0714843750000000
1 0.7473958333333334 0.3832031250000000 0.0328125000000000 0.0722656250000000
1 0.7140625000000000 0.3820312500000000 0.0312500000000000 0.0765625000000000
1 0.6354166666666666 0.3832031250000000 0.0291666666666667 0.0718750000000000
1 0.5828125000000000 0.3984375000000000 0.0661458333333333 0.0363281250000000
1 0.5958333333333333 0.3679687500000000 0.0484375000000000 0.0179687500000000
1 0.5333333333333333 0.3871093750000000 0.0302083333333333 0.0542968750000000
1 0.8390625000000000 0.7734375000000000 0.0354166666666667 0.0753906250000000
1 0.8781250000000000 0.7792968750000000 0.0406250000000000 0.0703125000000000
1 0.7307291666666667 0.7531250000000000 0.0302083333333333 0.0703125000000000
1 0.6989583333333333 0.7488281250000000 0.0302083333333333 0.0667968750000000
1 0.6645833333333333 0.7437500000000000 0.0276041666666667 0.0703125000000000
1 0.6333333333333333 0.7339843750000000 0.0250000000000000 0.0695312500000000
1 0.6020833333333333 0.7308593750000000 0.0234375000000000 0.0679687500000000
1 0.5723958333333333 0.7273437500000000 0.0234375000000000 0.0585937500000000
1 0.3937500000000000 0.4714843750000000 0.0453125000000000 0.0332031250000000
1 0.5171875000000000 0.7128906250000000 0.0265625000000000 0.0703125000000000
1 0.4885416666666667 0.7062500000000000 0.0291666666666667 0.0667968750000000
1 0.4593750000000000 0.7015625000000000 0.0281250000000000 0.0640625000000000
1 0.7760416666666666 0.5144531250000000 0.0473958333333333 0.0910156250000000
1 0.7333333333333333 0.5214843750000000 0.0328125000000000 0.0687500000000000
1 0.5463541666666667 0.7183593750000000 0.0281250000000000 0.0695312500000000
1 0.6598958333333333 0.5156250000000000 0.0338541666666667 0.0742187500000000
1 0.6963541666666667 0.5164062500000000 0.0343750000000000 0.0683593750000000
1 0.4453125000000000 0.4527343750000000 0.0473958333333333 0.0097656250000000
1 0.8682291666666667 0.0839843750000000 0.0619791666666667 0.0617187500000000
1 0.8067708333333333 0.0917968750000000 0.0593750000000000 0.0535156250000000
1 0.7515625000000000 0.0820312500000000 0.0380208333333333 0.0816406250000000
1 0.6859375000000000 0.6343750000000000 0.0296875000000000 0.0722656250000000
1 0.7223958333333333 0.6398437500000000 0.0359375000000000 0.0691406250000000
1 0.7614583333333333 0.6453125000000000 0.0343750000000000 0.0730468750000000
1 0.7989583333333333 0.6523437500000000 0.0343750000000000 0.0726562500000000
1 0.8380208333333333 0.6570312500000000 0.0369791666666667 0.0726562500000000
1 0.8796875000000000 0.6617187500000000 0.0380208333333333 0.0753906250000000
1 0.9296875000000000 0.0859375000000000 0.0614583333333333 0.0441406250000000
1 0.9401041666666666 0.7996093750000000 0.0760416666666667 0.0855468750000000
1 0.9510416666666667 0.6968750000000000 0.0859375000000000 0.0500000000000000
1 0.2885416666666666 0.4648437500000000 0.0520833333333333 0.0339843750000000
1 0.5541666666666667 0.5058593750000000 0.0302083333333333 0.0664062500000000
1 0.5864583333333333 0.5078125000000000 0.0291666666666667 0.0683593750000000
1 0.6229166666666667 0.5085937500000000 0.0385416666666667 0.0769531250000000
1 0.4901041666666667 0.5027343750000000 0.0291666666666667 0.0648437500000000
1 0.8000000000000000 0.7660156250000000 0.0333333333333333 0.0753906250000000
1 0.7619791666666667 0.7585937500000000 0.0296875000000000 0.0699218750000000
1 0.5229166666666667 0.5042968750000000 0.0281250000000000 0.0636718750000000
1 0.4281250000000000 0.3824218750000000 0.0479166666666667 0.0636718750000000
