1 0.3549836601307190 0.1449142156862745 0.0285947712418301 0.0909926470588235
1 0.3239379084967320 0.1501225490196078 0.0334967320261438 0.1035539215686275
1 0.9113562091503268 0.2233455882352941 0.0767973856209150 0.1825980392156863
1 0.8455882352941176 0.2270220588235294 0.0543300653594771 0.1740196078431372
1 0.7622549019607843 0.2334558823529412 0.0645424836601307 0.1433823529411765
1 0.6993464052287581 0.2340686274509804 0.0649509803921569 0.1430759803921569
1 0.6417483660130719 0.2356004901960784 0.0498366013071895 0.1455269607843137
1 0.5857843137254902 0.2420343137254902 0.0718954248366013 0.1344975490196078
1 0.8263888888888888 0.4221813725490196 0.0379901960784314 0.1338848039215686
1 0.9738562091503268 0.4280024509803921 0.0502450980392157 0.1580882352941176
1 0.9219771241830066 0.4175857843137255 0.0322712418300654 0.1669730392156863
1 0.8762254901960784 0.4120710784313725 0.0604575163398693 0.1550245098039216
1 0.7826797385620915 0.4099264705882353 0.0428921568627451 0.1344975490196078
1 0.7450980392156863 0.4093137254901961 0.0281862745098039 0.1357230392156863
1 0.7132352941176471 0.4019607843137255 0.0371732026143791 0.1210171568627451
1 0.3799019607843137 0.1332720588235294 0.0232843137254902 0.1133578431372549
1 0.6736111111111112 0.4016544117647059 0.0404411764705882 0.1225490196078431
1 0.4763071895424836 0.2487745098039216 0.0510620915032680 0.1191789215686275
1 0.4019607843137255 0.1305147058823529 0.0245098039215686 0.1060049019607843
1 0.9566993464052288 0.5808823529411765 0.0661764705882353 0.0591299019607843
1 0.4677287581699346 0.1207107843137255 0.0334967320261438 0.0992647058823529
1 0.6135620915032680 0.3979779411764706 0.0486111111111111 0.1155024509803922
1 0.5494281045751634 0.3930759803921569 0.0326797385620915 0.1124387254901961
1 0.5122549019607843 0.3866421568627451 0.0310457516339869 0.1017156862745098
1 0.4824346405228758 0.3875612745098039 0.0261437908496732 0.0943627450980392
1 0.4607843137254902 0.3857230392156863 0.0183823529411765 0.0965073529411765
1 0.4391339869281046 0.3841911764705883 0.0236928104575163 0.0922181372549020
1 0.4129901960784313 0.3789828431372549 0.0306372549019608 0.1026348039215686
1 0.9509803921568627 0.6541053921568627 0.0829248366013072 0.0517769607843137
1 0.8700980392156863 0.5566789215686274 0.0625000000000000 0.0658700980392157
1 0.8635620915032680 0.0545343137254902 0.0665849673202614 0.0992647058823529
1 0.7941176470588235 0.0658700980392157 0.0710784313725490 0.1222426470588235
1 0.7332516339869281 0.0707720588235294 0.0518790849673203 0.1078431372549020
1 0.6797385620915033 0.0814950980392157 0.0539215686274510 0.1292892156862745
1 0.6274509803921569 0.0894607843137255 0.0526960784313725 0.1041666666666667
1 0.5767973856209150 0.1017156862745098 0.0486111111111111 0.1271446078431372
1 0.5326797385620915 0.1044730392156863 0.0375816993464052 0.1219362745098039
1 0.4987745098039216 0.1072303921568627 0.0285947712418301 0.1280637254901961
1 0.4342320261437909 0.1271446078431372 0.0367647058823529 0.1127450980392157
1 0.5780228758169934 0.3955269607843137 0.0236928104575163 0.1173406862745098
1 0.9395424836601307 0.0533088235294118 0.0837418300653595 0.1020220588235294
1 0.6625816993464052 0.7349877450980392 0.0428921568627451 0.0453431372549020
1 0.9211601307189542 0.8471200980392157 0.0604575163398693 0.0493259803921569
1 0.5379901960784313 0.5413602941176471 0.0363562091503268 0.0419730392156863
1 0.5825163398692811 0.5585171568627451 0.0400326797385621 0.0382965686274510
1 0.8292483660130719 0.9393382352941176 0.0551470588235294 0.0566789215686275
1 0.8312908496732027 0.8716299019607843 0.0702614379084967 0.0407475490196078
1 0.8353758169934641 0.8128063725490197 0.0747549019607843 0.0618872549019608
1 0.7659313725490197 0.7840073529411765 0.0502450980392157 0.0572916666666667
1 0.7622549019607843 0.8443627450980392 0.0514705882352941 0.0459558823529412
1 0.7642973856209150 0.9028799019607843 0.0502450980392157 0.0551470588235294
1 0.7046568627450981 0.8676470588235294 0.0424836601307190 0.0474877450980392
1 0.7087418300653595 0.8079044117647058 0.0441176470588235 0.0496323529411765
1 0.7185457516339869 0.7503063725490197 0.0433006535947712 0.0520833333333333
1 0.9183006535947712 0.9096200980392157 0.0694444444444444 0.0401348039215686
1 0.6564542483660131 0.7935049019607843 0.0420751633986928 0.0431985294117647
1 0.9146241830065359 0.9727328431372549 0.0825163398692810 0.0370710784313725
1 0.6139705882352942 0.7120098039215687 0.0314542483660131 0.0431985294117647
1 0.6331699346405228 0.5612745098039216 0.0383986928104575 0.0315563725490196
1 0.6748366013071896 0.5784313725490197 0.0314542483660131 0.0539215686274510
1 0.7295751633986928 0.5937500000000000 0.0575980392156863 0.0422794117647059
1 0.7994281045751634 0.6136642156862745 0.0698529411764706 0.0456495098039216
1 0.8725490196078431 0.6354166666666666 0.0580065359477124 0.0481004901960784
1 0.5665849673202614 0.7999387254901961 0.0400326797385621 0.0389093137254902
1 0.6572712418300654 0.8422181372549019 0.0486111111111111 0.0450367647058824
1 0.5665849673202614 0.7469362745098039 0.0367647058823529 0.0456495098039216
1 0.6062091503267973 0.8115808823529411 0.0339052287581699 0.0404411764705882
1 0.6094771241830066 0.7625612745098039 0.0339052287581699 0.0340073529411765
1 0.5306372549019608 0.7144607843137255 0.0383986928104575 0.0358455882352941
1 0.5232843137254902 0.7717524509803921 0.0465686274509804 0.0422794117647059
1 0.5698529411764706 0.6905637254901961 0.0363562091503268 0.0456495098039216
