1 0.9268790849673203 0.4791666666666667 0.0142973856209150 0.0542279411764706
1 0.9105392156862745 0.1302083333333333 0.0167483660130719 0.0523897058823529
1 0.8897058823529411 0.1271446078431372 0.0159313725490196 0.0557598039215686
1 0.8684640522875817 0.1246936274509804 0.0204248366013072 0.0603553921568627
1 0.8435457516339869 0.1237745098039216 0.0204248366013072 0.0536151960784314
1 0.9072712418300654 0.4782475490196079 0.0187908496732026 0.0569852941176471
1 0.7912581699346405 0.1231617647058824 0.0208333333333333 0.0481004901960784
1 0.4534313725490196 0.6170343137254902 0.0706699346405229 0.0983455882352941
1 0.9313725490196079 0.1449142156862745 0.0130718954248366 0.0294117647058824
1 0.8169934640522876 0.1243872549019608 0.0183823529411765 0.0520833333333333
1 0.9481209150326797 0.1302083333333333 0.0130718954248366 0.0591299019607843
1 0.8843954248366013 0.7833946078431373 0.0208333333333333 0.0640318627450980
1 0.9893790849673203 0.1378676470588235 0.0224673202614379 0.0511642156862745
1 0.7745098039215687 0.8005514705882353 0.0191993464052288 0.0701593137254902
1 0.7928921568627451 0.7987132352941176 0.0138888888888889 0.0689338235294118
1 0.8153594771241830 0.7922794117647058 0.0245098039215686 0.0625000000000000
1 0.8582516339869281 0.7855392156862745 0.0224673202614379 0.0591299019607843
1 0.9481209150326797 0.4825367647058824 0.0155228758169935 0.0465686274509804
1 0.9060457516339869 0.7775735294117647 0.0130718954248366 0.0637254901960784
1 0.9281045751633987 0.7763480392156863 0.0232843137254902 0.0637254901960784
1 0.9579248366013072 0.7693014705882353 0.0253267973856209 0.0594362745098039
1 0.9881535947712419 0.7619485294117647 0.0200163398692810 0.0591299019607843
1 0.7671568627450981 0.7303921568627451 0.0175653594771242 0.0428921568627451
1 0.7904411764705882 0.7218137254901961 0.0220588235294118 0.0450367647058824
1 0.9644607843137255 0.1326593137254902 0.0167483660130719 0.0572916666666667
1 0.9697712418300654 0.4828431372549020 0.0179738562091503 0.0447303921568627
1 0.5363562091503268 0.8446691176470589 0.0379901960784314 0.0919117647058824
1 0.7953431372549019 0.5674019607843137 0.0220588235294118 0.0557598039215686
1 0.8692810457516340 0.4142156862745098 0.0253267973856209 0.0214460784313725
1 0.8623366013071896 0.5664828431372549 0.0175653594771242 0.0465686274509804
1 0.8410947712418301 0.5695465686274510 0.0191993464052288 0.0456495098039216
1 0.8206699346405228 0.5704656862745098 0.0196078431372549 0.0456495098039216
1 0.2479575163398693 0.5591299019607843 0.0543300653594771 0.0768995098039216
1 0.2017973856209150 0.6590073529411765 0.0220588235294118 0.0732230392156863
1 0.2271241830065359 0.6516544117647058 0.0220588235294118 0.0707720588235294
1 0.2483660130718954 0.6504289215686274 0.0204248366013072 0.0772058823529412
1 0.2728758169934640 0.6482843137254902 0.0228758169934641 0.0713848039215686
1 0.1756535947712418 0.7846200980392157 0.0232843137254902 0.0738357843137255
1 0.2005718954248366 0.7815563725490197 0.0220588235294118 0.0701593137254902
1 0.2263071895424837 0.7766544117647058 0.0241013071895425 0.0744485294117647
1 0.9893790849673203 0.4810049019607843 0.0155228758169935 0.0459558823529412
1 0.2544934640522876 0.7729779411764706 0.0265522875816993 0.0738357843137255
1 0.2226307189542484 0.9074754901960784 0.0196078431372549 0.0756740196078431
1 0.2463235294117647 0.9034926470588235 0.0196078431372549 0.0768995098039216
1 0.2671568627450980 0.8985906862745098 0.0216503267973856 0.0824142156862745
1 0.3080065359477124 0.8743872549019608 0.0196078431372549 0.0680147058823529
1 0.3300653594771242 0.8700980392156863 0.0163398692810458 0.0695465686274510
1 0.3496732026143791 0.8664215686274510 0.0183823529411765 0.0692401960784314
1 0.3713235294117647 0.8602941176470589 0.0200163398692810 0.0661764705882353
1 0.4746732026143791 0.8514093137254902 0.0755718954248366 0.1007965686274510
1 0.8092320261437909 0.6948529411764706 0.0216503267973856 0.0101102941176471
1 0.5763888888888888 0.8394607843137255 0.0388071895424837 0.0909926470588235
1 0.6164215686274510 0.8284313725490197 0.0371732026143791 0.0952818627450980
1 0.6715686274509803 0.8229166666666666 0.0371732026143791 0.0906862745098039
1 0.1993464052287582 0.9117647058823529 0.0183823529411765 0.0744485294117647
1 0.8153594771241830 0.7212009803921569 0.0179738562091503 0.0410539215686275
1 0.4963235294117647 0.3982843137254902 0.0302287581699346 0.0652573529411765
1 0.8860294117647058 0.4834558823529412 0.0208333333333333 0.0557598039215686
1 0.9726307189542484 0.4090073529411765 0.0175653594771242 0.0251225490196078
1 0.9918300653594772 0.4034926470588235 0.0179738562091503 0.0379901960784314
1 0.9808006535947712 0.3278186274509804 0.0183823529411765 0.0404411764705882
1 0.8137254901960784 0.3293504901960784 0.0216503267973856 0.0481004901960784
1 0.8423202614379085 0.3287377450980392 0.0314542483660131 0.0450367647058824
1 0.8406862745098039 0.2981004901960784 0.0310457516339869 0.0143995098039216
1 0.9542483660130719 0.3232230392156863 0.0245098039215686 0.0477941176470588
1 0.5183823529411765 0.5104166666666666 0.0334967320261438 0.0474877450980392
1 0.4554738562091503 0.5137867647058824 0.0808823529411765 0.0713848039215686
1 0.9252450980392157 0.3238357843137255 0.0294117647058824 0.0493259803921569
1 0.7271241830065359 0.5925245098039216 0.0343137254901961 0.0894607843137255
1 0.6928104575163399 0.5934436274509803 0.0290032679738562 0.0765931372549020
1 0.6629901960784313 0.5995710784313726 0.0261437908496732 0.0747549019607843
1 0.6294934640522876 0.5962009803921569 0.0314542483660131 0.0802696078431373
1 0.5939542483660131 0.6023284313725490 0.0359477124183007 0.0802696078431373
1 0.5539215686274510 0.6078431372549019 0.0388071895424837 0.0747549019607843
1 0.5118464052287581 0.6047794117647058 0.0359477124183007 0.0787377450980392
1 0.7291666666666666 0.6933210784313726 0.0277777777777778 0.0784313725490196
1 0.7009803921568627 0.6994485294117647 0.0228758169934641 0.0686274509803922
1 0.6719771241830066 0.7064950980392157 0.0281862745098039 0.0759803921568627
1 0.6413398692810458 0.7107843137254902 0.0224673202614379 0.0818014705882353
1 0.6090686274509803 0.7107843137254902 0.0347222222222222 0.0888480392156863
1 0.5612745098039216 0.7172181372549019 0.0371732026143791 0.0876225490196078
1 0.5187908496732027 0.7153799019607843 0.0314542483660131 0.0772058823529412
1 0.8545751633986928 0.7132352941176471 0.0179738562091503 0.0416666666666667
1 0.8941993464052288 0.3290441176470588 0.0306372549019608 0.0431985294117647
1 0.4636437908496732 0.7300857843137255 0.0751633986928105 0.0971200980392157
1 0.7863562091503268 0.3367034313725490 0.0294117647058824 0.0321691176470588
1 0.8345588235294118 0.7144607843137255 0.0159313725490196 0.0444240196078431
1 0.9232026143790850 0.2279411764705882 0.0829248366013072 0.0698529411764706
1 0.6405228758169934 0.2656250000000000 0.0253267973856209 0.0839460784313725
1 0.8623366013071896 0.4831495098039216 0.0142973856209150 0.0603553921568627
1 0.8435457516339869 0.4843750000000000 0.0183823529411765 0.0575980392156863
1 0.8231209150326797 0.4871323529411765 0.0179738562091503 0.0585171568627451
1 0.8002450980392157 0.4865196078431372 0.0200163398692810 0.0618872549019608
1 0.4452614379084967 0.3964460784313725 0.0669934640522876 0.0759803921568627
1 0.7258986928104575 0.4920343137254902 0.0285947712418301 0.0539215686274510
1 0.8958333333333334 0.4136029411764706 0.0216503267973856 0.0226715686274510
1 0.9215686274509803 0.4031862745098039 0.0253267973856209 0.0392156862745098
1 0.6433823529411765 0.5076593137254902 0.0592320261437908 0.0214460784313725
1 0.6924019607843137 0.4993872549019608 0.0281862745098039 0.0447303921568627
1 0.5915032679738562 0.5091911764705882 0.0347222222222222 0.0502450980392157
1 0.5531045751633987 0.5073529411764706 0.0302287581699346 0.0493259803921569
1 0.5314542483660131 0.3985906862745098 0.0310457516339869 0.0655637254901961
1 0.5674019607843137 0.4010416666666667 0.0334967320261438 0.0563725490196078
1 0.6013071895424836 0.3995098039215687 0.0290032679738562 0.0609681372549020
1 0.6352124183006536 0.3985906862745098 0.0367647058823529 0.0612745098039216
1 0.6670751633986928 0.3988970588235294 0.0245098039215686 0.0621936274509804
1 0.9485294117647058 0.4041053921568628 0.0228758169934641 0.0370710784313725
1 0.4436274509803921 0.2515318627450980 0.0731209150326797 0.1151960784313725
1 0.5012254901960784 0.2616421568627451 0.0367647058823529 0.0998774509803922
1 0.5375816993464052 0.2622549019607843 0.0306372549019608 0.0940563725490196
1 0.5727124183006536 0.2656250000000000 0.0208333333333333 0.0873161764705882
1 0.6049836601307189 0.2650122549019608 0.0359477124183007 0.0900735294117647
1 0.6237745098039216 0.2055759803921569 0.0416666666666667 0.0208333333333333
1 0.6895424836601307 0.2123161764705882 0.0375816993464052 0.0220588235294118
1 0.6740196078431373 0.2662377450980392 0.0322712418300654 0.0827205882352941
1 0.7071078431372549 0.2683823529411765 0.0228758169934641 0.0821078431372549
1 0.8218954248366013 0.2187500000000000 0.1139705882352941 0.0781250000000000
1 0.7071078431372549 0.3976715686274510 0.0355392156862745 0.0548406862745098
1 0.7426470588235294 0.8094362745098039 0.0269607843137255 0.0876225490196078
1 0.8459967320261438 0.3799019607843137 0.0253267973856209 0.0193014705882353
1 0.9460784313725490 0.5606617647058824 0.0183823529411765 0.0422794117647059
1 0.9665032679738562 0.5551470588235294 0.0171568627450980 0.0545343137254902
1 0.7083333333333334 0.8146446078431373 0.0347222222222222 0.0931372549019608
1 0.9877450980392157 0.5588235294117647 0.0191993464052288 0.0453431372549020
1 0.7745098039215687 0.6507352941176471 0.0224673202614379 0.0450367647058824
1 0.9599673202614379 0.6973039215686274 0.0171568627450980 0.0413602941176471
1 0.9787581699346405 0.6948529411764706 0.0142973856209150 0.0407475490196078
1 0.9848856209150327 0.6259191176470589 0.0232843137254902 0.0447303921568627
1 0.9607843137254902 0.6256127450980392 0.0191993464052288 0.0465686274509804
1 0.7953431372549019 0.6467524509803921 0.0167483660130719 0.0438112745098039
1 0.3125000000000000 0.4712009803921569 0.0629084967320261 0.0857843137254902
1 0.2483660130718954 0.4739583333333333 0.0616830065359477 0.0790441176470588
1 0.1801470588235294 0.4785539215686275 0.0604575163398693 0.0906862745098039
1 0.8157679738562091 0.6412377450980392 0.0187908496732026 0.0499387254901961
1 0.8378267973856209 0.6433823529411765 0.0187908496732026 0.0419730392156863
1 0.8578431372549019 0.6369485294117647 0.0183823529411765 0.0526960784313725
1 0.8803104575163399 0.6384803921568627 0.0191993464052288 0.0419730392156863
1 0.8991013071895425 0.6341911764705882 0.0155228758169935 0.0450367647058824
1 0.9211601307189542 0.6320465686274510 0.0212418300653595 0.0404411764705882
1 0.9419934640522876 0.6292892156862745 0.0126633986928105 0.0468750000000000
1 0.2471405228758170 0.3838848039215687 0.0710784313725490 0.0885416666666667
1 0.9056372549019608 0.5637254901960784 0.0159313725490196 0.0459558823529412
1 0.8839869281045751 0.5667892156862745 0.0200163398692810 0.0471813725490196
1 0.9248366013071896 0.5631127450980392 0.0191993464052288 0.0456495098039216
1 0.8770424836601307 0.7071078431372549 0.0191993464052288 0.0419730392156863
1 0.9387254901960784 0.7034313725490197 0.0191993464052288 0.0435049019607843
1 0.9174836601307189 0.7046568627450981 0.0175653594771242 0.0410539215686275
1 0.8982843137254902 0.7058823529411765 0.0167483660130719 0.0410539215686275
1 0.7843137254901961 0.4105392156862745 0.0285947712418301 0.0376838235294118
1 0.7773692810457516 0.4963235294117647 0.0224673202614379 0.0438112745098039
1 0.8733660130718954 0.3946078431372549 0.0241013071895425 0.0128676470588235
1 0.8125000000000000 0.4096200980392157 0.0257352941176471 0.0340073529411765
1 0.8415032679738562 0.4077818627450980 0.0265522875816993 0.0318627450980392
