1 0.6074346405228758 0.6908700980392157 0.0367647058823529 0.0667892156862745
1 0.7426470588235294 0.5689338235294118 0.0747549019607843 0.0646446078431373
1 0.9644607843137255 0.5845588235294118 0.0657679738562092 0.0496323529411765
1 0.8888888888888888 0.5707720588235294 0.0494281045751634 0.0438112745098039
1 0.8231209150326797 0.5719975490196079 0.0690359477124183 0.0554534313725490
1 0.6646241830065359 0.5563725490196079 0.0571895424836601 0.0453431372549020
1 0.5927287581699346 0.5716911764705882 0.0690359477124183 0.0606617647058824
1 0.3758169934640523 0.5710784313725490 0.0755718954248366 0.0533088235294118
1 0.3022875816993464 0.5474877450980392 0.0665849673202614 0.0370710784313725
1 0.2201797385620915 0.5615808823529411 0.0735294117647059 0.0560661764705882
1 0.1323529411764706 0.5674019607843137 0.0649509803921569 0.0738357843137255
1 0.0702614379084967 0.6593137254901961 0.0306372549019608 0.1127450980392157
1 0.0388071895424837 0.6519607843137255 0.0290032679738562 0.1056985294117647
1 0.9750816993464052 0.6406250000000000 0.0339052287581699 0.0183823529411765
1 0.0645424836601307 0.4960171568627451 0.0473856209150327 0.0873161764705882
1 0.1368464052287582 0.4635416666666667 0.0804738562091503 0.0790441176470588
1 0.2222222222222222 0.4883578431372549 0.0694444444444444 0.0260416666666667
1 0.2230392156862745 0.4460784313725490 0.0669934640522876 0.0487132352941176
1 0.2916666666666667 0.4739583333333333 0.0612745098039216 0.0156250000000000
1 0.3598856209150327 0.4644607843137255 0.0710784313725490 0.0860906862745098
1 0.4227941176470588 0.4754901960784313 0.0433006535947712 0.0523897058823529
1 0.4211601307189543 0.4362745098039216 0.0473856209150327 0.0260416666666667
1 0.4767156862745098 0.4816176470588235 0.0535130718954248 0.0303308823529412
1 0.5298202614379085 0.4638480392156863 0.0563725490196078 0.0168504901960784
1 0.5290032679738562 0.4405637254901961 0.0543300653594771 0.0281862745098039
1 0.5845588235294118 0.4712009803921569 0.0453431372549020 0.0419730392156863
1 0.0159313725490196 0.4969362745098039 0.0322712418300654 0.0922181372549020
1 0.6397058823529411 0.4653799019607843 0.0457516339869281 0.0808823529411765
1 0.9383169934640523 0.6397058823529411 0.0334967320261438 0.0196078431372549
1 0.8835784313725490 0.6559436274509803 0.0633169934640523 0.0462622549019608
1 0.6082516339869281 0.8458946078431373 0.0510620915032680 0.1216299019607843
1 0.5551470588235294 0.8397671568627451 0.0498366013071895 0.1326593137254902
1 0.4955065359477124 0.8174019607843137 0.0494281045751634 0.1185661764705882
1 0.4473039215686275 0.8140318627450981 0.0388071895424837 0.1179534313725490
1 0.4023692810457516 0.8137254901960784 0.0383986928104575 0.1109068627450980
1 0.3521241830065360 0.8213848039215687 0.0559640522875817 0.1188725490196078
1 0.2990196078431372 0.8330269607843137 0.0437091503267974 0.1188725490196078
1 0.2516339869281046 0.8100490196078431 0.0469771241830065 0.1078431372549020
1 0.1915849673202615 0.8673406862745098 0.0449346405228758 0.0867034313725490
1 0.1454248366013072 0.8704044117647058 0.0424836601307190 0.0848651960784314
1 0.1033496732026144 0.8572303921568627 0.0396241830065359 0.0784313725490196
1 0.9824346405228758 0.6942401960784313 0.0363562091503268 0.0523897058823529
1 0.0510620915032680 0.8566176470588235 0.0494281045751634 0.1124387254901961
1 0.1254084967320261 0.6905637254901961 0.0751633986928105 0.0441176470588235
1 0.2079248366013072 0.6875000000000000 0.0739379084967320 0.0661764705882353
1 0.2785947712418301 0.6608455882352942 0.0600490196078431 0.0649509803921569
1 0.3533496732026144 0.6697303921568627 0.0866013071895425 0.0796568627450980
1 0.4546568627450980 0.7107843137254902 0.1143790849673203 0.0208333333333333
1 0.4566993464052287 0.6881127450980392 0.1147875816993464 0.0214460784313725
1 0.4534313725490196 0.6522671568627451 0.1123366013071895 0.0419730392156863
1 0.5490196078431373 0.6966911764705882 0.0375816993464052 0.0569852941176471
1 0.7647058823529411 0.6556372549019608 0.0245098039215686 0.0456495098039216
1 0.7030228758169934 0.6780024509803921 0.0849673202614379 0.0811887254901961
1 0.8018790849673203 0.6476715686274510 0.0428921568627451 0.0324754901960784
1 0.0126633986928105 0.8697916666666666 0.0253267973856209 0.0851715686274510
1 0.6821895424836601 0.7892156862745098 0.0886437908496732 0.0346200980392157
1 0.6907679738562091 0.4681372549019608 0.0535130718954248 0.0790441176470588
1 0.8308823529411765 0.4577205882352941 0.0665849673202614 0.0631127450980392
1 0.4897875816993464 0.0649509803921569 0.0416666666666667 0.0747549019607843
1 0.5396241830065359 0.0704656862745098 0.0314542483660131 0.0646446078431373
1 0.5759803921568627 0.0686274509803922 0.0396241830065359 0.0704656862745098
1 0.6254084967320261 0.0698529411764706 0.0441176470588235 0.0723039215686275
1 0.6703431372549019 0.0701593137254902 0.0445261437908497 0.0704656862745098
1 0.7267156862745098 0.0615808823529412 0.0469771241830065 0.0836397058823529
1 0.7728758169934641 0.0640318627450980 0.0453431372549020 0.0793504901960784
1 0.8464052287581699 0.0563725490196078 0.0988562091503268 0.1035539215686275
1 0.9501633986928104 0.0670955882352941 0.0453431372549020 0.0885416666666667
1 0.9693627450980392 0.0113357843137255 0.0551470588235294 0.0202205882352941
1 0.9599673202614379 0.2300857843137255 0.0812908496732026 0.0900735294117647
1 0.4432189542483660 0.0618872549019608 0.0506535947712418 0.0808823529411765
1 0.8958333333333334 0.2414215686274510 0.0383986928104575 0.0640318627450980
1 0.7928921568627451 0.2306985294117647 0.0404411764705882 0.0637254901960784
1 0.7393790849673203 0.2469362745098039 0.0547385620915033 0.0441176470588235
1 0.6809640522875817 0.2423406862745098 0.0490196078431373 0.0563725490196078
1 0.6250000000000000 0.2285539215686274 0.0502450980392157 0.0808823529411765
1 0.5731209150326797 0.2282475490196078 0.0522875816993464 0.0805759803921569
1 0.5196078431372549 0.2276348039215686 0.0494281045751634 0.0824142156862745
1 0.4750816993464052 0.2261029411764706 0.0404411764705882 0.0790441176470588
1 0.4162581699346405 0.2126225490196078 0.0563725490196078 0.0272671568627451
1 0.4166666666666667 0.1770833333333333 0.0469771241830065 0.0404411764705882
1 0.4248366013071895 0.2536764705882353 0.0469771241830065 0.0269607843137255
1 0.3750000000000000 0.2500000000000000 0.0490196078431373 0.0284926470588235
1 0.8517156862745098 0.2503063725490196 0.0318627450980392 0.0389093137254902
1 0.7557189542483660 0.4675245098039216 0.0743464052287582 0.0793504901960784
1 0.3933823529411765 0.0625000000000000 0.0453431372549020 0.0704656862745098
1 0.1891339869281046 0.0517769607843137 0.0482026143790850 0.0827205882352941
1 0.9885620915032680 0.4782475490196079 0.0236928104575163 0.0579044117647059
1 0.9252450980392157 0.4816176470588235 0.0482026143790850 0.0551470588235294
1 0.9317810457516340 0.4393382352941176 0.0535130718954248 0.0291053921568627
1 0.9763071895424836 0.3762254901960784 0.0359477124183007 0.0551470588235294
1 0.9342320261437909 0.3759191176470588 0.0416666666666667 0.0545343137254902
1 0.8843954248366013 0.3645833333333333 0.0445261437908497 0.0784313725490196
1 0.8316993464052288 0.3651960784313725 0.0408496732026144 0.0759803921568627
1 0.7810457516339869 0.3658088235294117 0.0575980392156863 0.0756740196078431
1 0.7140522875816994 0.3630514705882353 0.0543300653594771 0.0781250000000000
1 0.6597222222222222 0.3618259803921569 0.0514705882352941 0.0747549019607843
1 0.5996732026143791 0.3606004901960784 0.0543300653594771 0.0759803921568627
1 0.3427287581699346 0.0579044117647059 0.0494281045751634 0.0821078431372549
1 0.5502450980392157 0.3590686274509804 0.0404411764705882 0.0741421568627451
1 0.4424019607843137 0.3590686274509804 0.0535130718954248 0.0821078431372549
1 0.3913398692810457 0.3556985294117647 0.0449346405228758 0.0747549019607843
1 0.3361928104575164 0.3523284313725490 0.0608660130718954 0.0811887254901961
1 0.2638888888888889 0.3520220588235294 0.0674019607843137 0.0879289215686275
1 0.2091503267973856 0.3511029411764706 0.0355392156862745 0.0876225490196078
1 0.1348039215686274 0.3474264705882353 0.0857843137254902 0.0879289215686275
1 0.0396241830065359 0.3128063725490196 0.0714869281045752 0.0848651960784314
1 0.0972222222222222 0.2058823529411765 0.0739379084967320 0.1167279411764706
1 0.1666666666666667 0.2083333333333333 0.0657679738562092 0.1112132352941176
1 0.2279411764705882 0.2236519607843137 0.0535130718954248 0.0811887254901961
1 0.0298202614379085 0.0603553921568627 0.0437091503267974 0.0655637254901961
1 0.5036764705882353 0.3844975490196079 0.0494281045751634 0.0294117647058824
1 0.3292483660130719 0.2264093137254902 0.0465686274509804 0.0790441176470588
1 0.6805555555555556 0.8219975490196079 0.0906862745098039 0.0297181372549020
1 0.8856209150326797 0.7677696078431373 0.0306372549019608 0.0346200980392157
1 0.7034313725490197 0.8759191176470589 0.1286764705882353 0.0768995098039216
1 0.9889705882352942 0.8578431372549019 0.0208333333333333 0.0523897058823529
1 0.9599673202614379 0.8575367647058824 0.0359477124183007 0.0493259803921569
1 0.2790032679738562 0.2251838235294118 0.0494281045751634 0.0805759803921569
1 0.9820261437908496 0.7656250000000000 0.0351307189542484 0.0312500000000000
1 0.9187091503267973 0.7693014705882353 0.0355392156862745 0.0300245098039216
1 0.9223856209150327 0.8544730392156863 0.0343137254901961 0.0514705882352941
1 0.9522058823529411 0.7662377450980392 0.0249183006535948 0.0315563725490196
