1 0.7369281045751634 0.3943014705882353 0.0363562091503268 0.0542279411764706
1 0.6491013071895425 0.3985906862745098 0.0281862745098039 0.0628063725490196
1 0.4383169934640523 0.4044117647058824 0.0645424836601307 0.0716911764705882
1 0.6111111111111112 0.3967524509803921 0.0465686274509804 0.0591299019607843
1 0.5596405228758170 0.4010416666666667 0.0518790849673203 0.0649509803921569
1 0.5028594771241830 0.4037990196078431 0.0580065359477124 0.0680147058823529
1 0.3721405228758170 0.4059436274509804 0.0526960784313725 0.0775122549019608
1 0.2230392156862745 0.5266544117647058 0.0767973856209150 0.0750612745098039
1 0.0347222222222222 0.4215686274509804 0.0694444444444444 0.1035539215686275
1 0.8815359477124183 0.5202205882352942 0.0204248366013072 0.0481004901960784
1 0.9109477124183006 0.5156250000000000 0.0249183006535948 0.0481004901960784
1 0.9346405228758170 0.5110294117647058 0.0216503267973856 0.0487132352941176
1 0.9591503267973857 0.5079656862745098 0.0196078431372549 0.0468750000000000
1 0.9828431372549019 0.5052083333333334 0.0228758169934641 0.0459558823529412
1 0.8259803921568627 0.5284926470588235 0.0310457516339869 0.0431985294117647
1 0.8570261437908496 0.5238970588235294 0.0241013071895425 0.0505514705882353
1 0.7201797385620915 0.5474877450980392 0.0347222222222222 0.0481004901960784
1 0.7920751633986928 0.5379901960784313 0.0298202614379085 0.0477941176470588
1 0.6830065359477124 0.5542279411764706 0.0326797385620915 0.0563725490196078
1 0.6421568627450981 0.5631127450980392 0.0457516339869281 0.0551470588235294
1 0.3827614379084967 0.6069240196078431 0.0674019607843137 0.0579044117647059
1 0.4444444444444444 0.5974264705882353 0.0551470588235294 0.0603553921568627
1 0.4983660130718954 0.5891544117647058 0.0494281045751634 0.0551470588235294
1 0.7569444444444444 0.5444240196078431 0.0290032679738562 0.0484068627450980
1 0.0310457516339869 0.5416666666666666 0.0625000000000000 0.0882352941176471
1 0.1299019607843137 0.5303308823529411 0.1025326797385621 0.0870098039215686
1 0.2998366013071895 0.5189950980392157 0.0755718954248366 0.0762867647058824
1 0.1319444444444444 0.4169730392156863 0.1115196078431373 0.1020220588235294
1 0.8288398692810458 0.4598651960784313 0.0212418300653595 0.0505514705882353
1 0.8619281045751634 0.4564950980392157 0.0212418300653595 0.0505514705882353
1 0.8921568627450981 0.4543504901960784 0.0245098039215686 0.0511642156862745
1 0.9191176470588235 0.4512867647058824 0.0245098039215686 0.0450367647058824
1 0.9432189542483660 0.4485294117647059 0.0163398692810458 0.0490196078431373
1 0.9603758169934641 0.4457720588235294 0.0187908496732026 0.0477941176470588
1 0.9836601307189542 0.4433210784313725 0.0273692810457516 0.0404411764705882
1 0.8010620915032680 0.4632352941176471 0.0285947712418301 0.0496323529411765
1 0.7687908496732027 0.4662990196078431 0.0339052287581699 0.0511642156862745
1 0.7299836601307189 0.4708946078431372 0.0388071895424837 0.0557598039215686
1 0.6756535947712419 0.4764093137254902 0.0334967320261438 0.0548406862745098
1 0.6274509803921569 0.4831495098039216 0.0514705882352941 0.0615808823529412
1 0.5694444444444444 0.4874387254901961 0.0526960784313725 0.0625000000000000
1 0.4419934640522876 0.5015318627450981 0.0718954248366013 0.0670955882352941
1 0.3047385620915033 0.4111519607843137 0.0755718954248366 0.0784313725490196
1 0.7736928104575164 0.3924632352941176 0.0343137254901961 0.0505514705882353
1 0.9538398692810458 0.3829656862745098 0.0314542483660131 0.0413602941176471
1 0.8423202614379085 0.3897058823529412 0.0298202614379085 0.0474877450980392
1 0.8235294117647058 0.2356004901960784 0.0392156862745098 0.0542279411764706
1 0.8635620915032680 0.2392769607843137 0.0367647058823529 0.0499387254901961
1 0.9040032679738562 0.2444852941176471 0.0326797385620915 0.0508578431372549
1 0.9407679738562091 0.2444852941176471 0.0359477124183007 0.0511642156862745
1 0.9775326797385621 0.2475490196078431 0.0277777777777778 0.0447303921568627
1 0.6303104575163399 0.2120098039215686 0.0506535947712418 0.0738357843137255
1 0.5747549019607843 0.2083333333333333 0.0469771241830065 0.0729166666666667
1 0.5171568627450981 0.2015931372549020 0.0580065359477124 0.0735294117647059
1 0.4505718954248366 0.1951593137254902 0.0641339869281046 0.0821078431372549
1 0.7794117647058824 0.2313112745098039 0.0428921568627451 0.0530024509803922
1 0.3688725490196079 0.1881127450980392 0.0616830065359477 0.0778186274509804
1 0.2079248366013072 0.1688112745098039 0.0939542483660131 0.0965073529411765
1 0.0955882352941176 0.1568627450980392 0.1250000000000000 0.0931372549019608
1 0.9906045751633987 0.3170955882352941 0.0191993464052288 0.0441176470588235
1 0.9656862745098039 0.3177083333333333 0.0232843137254902 0.0431985294117647
1 0.9321895424836601 0.3170955882352941 0.0322712418300654 0.0468750000000000
1 0.8909313725490197 0.3146446078431372 0.0343137254901961 0.0490196078431373
1 0.7696078431372549 0.3128063725490196 0.0453431372549020 0.0499387254901961
1 0.8169934640522876 0.3131127450980392 0.0416666666666667 0.0481004901960784
1 0.7209967320261438 0.3121936274509804 0.0428921568627451 0.0557598039215686
1 0.2977941176470588 0.1767769607843137 0.0776143790849673 0.0833333333333333
1 0.8096405228758170 0.3900122549019608 0.0306372549019608 0.0481004901960784
1 0.7320261437908496 0.2282475490196078 0.0482026143790850 0.0560661764705882
1 0.3043300653594771 0.0572916666666667 0.0808823529411765 0.0867034313725490
1 0.9861111111111112 0.3820465686274510 0.0265522875816993 0.0459558823529412
1 0.5510620915032680 0.5805759803921569 0.0498366013071895 0.0594362745098039
1 0.9260620915032680 0.3866421568627451 0.0196078431372549 0.0438112745098039
1 0.8999183006535948 0.3829656862745098 0.0216503267973856 0.0505514705882353
1 0.8729575163398693 0.3841911764705883 0.0241013071895425 0.0526960784313725
1 0.3758169934640523 0.2971813725490196 0.0694444444444444 0.0753676470588235
1 0.3002450980392157 0.2959558823529412 0.0759803921568627 0.0756740196078431
1 0.2169117647058824 0.2919730392156863 0.0890522875816993 0.0863970588235294
1 0.5629084967320261 0.3051470588235294 0.0518790849673203 0.0701593137254902
1 0.6830065359477124 0.2218137254901961 0.0486111111111111 0.0594362745098039
1 0.7667483660130719 0.1495098039215686 0.0649509803921569 0.0502450980392157
1 0.9803921568627451 0.1783088235294118 0.0208333333333333 0.0487132352941176
1 0.9489379084967320 0.1731004901960784 0.0212418300653595 0.0502450980392157
1 0.6429738562091504 0.1188725490196078 0.0596405228758170 0.0716911764705882
1 0.5825163398692811 0.1093750000000000 0.0437091503267974 0.0692401960784314
1 0.5257352941176471 0.0980392156862745 0.0633169934640523 0.0802696078431373
1 0.4546568627450980 0.0867034313725490 0.0629084967320261 0.0787377450980392
1 0.3843954248366013 0.0744485294117647 0.0706699346405229 0.0802696078431373
1 0.1176470588235294 0.0435049019607843 0.1033496732026144 0.0824142156862745
1 0.2177287581699346 0.0481004901960784 0.0882352941176471 0.0912990196078431
1 0.9064542483660131 0.1681985294117647 0.0596405228758170 0.0471813725490196
1 0.0433006535947712 0.6675857843137255 0.0866013071895425 0.0726102941176471
1 0.6164215686274510 0.3054534313725490 0.0453431372549020 0.0637254901960784
1 0.8982843137254902 0.5830269607843137 0.0302287581699346 0.0428921568627451
1 0.5563725490196079 0.7686887254901961 0.0502450980392157 0.0612745098039216
1 0.5012254901960784 0.7821691176470589 0.0441176470588235 0.0646446078431373
1 0.6842320261437909 0.7242647058823529 0.0473856209150327 0.0575980392156863
1 0.9812091503267973 0.6289828431372549 0.0253267973856209 0.0539215686274510
1 0.9546568627450981 0.6390931372549019 0.0236928104575163 0.0508578431372549
1 0.9276960784313726 0.6455269607843137 0.0228758169934641 0.0514705882352941
1 0.0739379084967320 0.7714460784313726 0.0784313725490196 0.0787377450980392
1 0.1605392156862745 0.7506127450980392 0.0874183006535948 0.0772058823529412
1 0.2438725490196078 0.7386642156862745 0.0727124183006536 0.0768995098039216
1 0.4064542483660131 0.6994485294117647 0.0625000000000000 0.0716911764705882
1 0.6025326797385621 0.7518382352941176 0.0424836601307190 0.0533088235294118
1 0.3161764705882353 0.7208946078431373 0.0702614379084967 0.0726102941176471
1 0.5416666666666666 0.6639093137254902 0.0473856209150327 0.0625000000000000
1 0.5939542483660131 0.6547181372549019 0.0510620915032680 0.0609681372549020
1 0.7303921568627451 0.6204044117647058 0.0428921568627451 0.0536151960784314
1 0.6846405228758170 0.6317401960784313 0.0392156862745098 0.0551470588235294
1 0.6405228758169934 0.6430759803921569 0.0396241830065359 0.0566789215686275
1 0.7777777777777778 0.6099877450980392 0.0449346405228758 0.0447303921568627
1 0.1454248366013072 0.6547181372549019 0.0984477124183007 0.0747549019607843
1 0.8243464052287581 0.6011029411764706 0.0375816993464052 0.0410539215686275
1 0.6674836601307189 0.3082107843137255 0.0461601307189543 0.0505514705882353
1 0.8594771241830066 0.5922181372549019 0.0285947712418301 0.0398284313725490
1 0.4873366013071895 0.6758578431372549 0.0526960784313725 0.0649509803921569
1 0.2598039215686275 0.8075980392156863 0.0669934640522876 0.0419730392156863
1 0.2540849673202614 0.8664215686274510 0.0686274509803922 0.0689338235294118
1 0.3239379084967320 0.8406862745098039 0.0592320261437908 0.0772058823529412
1 0.9362745098039216 0.5750612745098039 0.0339052287581699 0.0410539215686275
1 0.9922385620915033 0.5625000000000000 0.0163398692810458 0.0465686274509804
1 0.4473039215686275 0.8023897058823529 0.0510620915032680 0.0670955882352941
1 0.8043300653594772 0.6835171568627451 0.0420751633986928 0.0588235294117647
1 0.9681372549019608 0.5686274509803921 0.0245098039215686 0.0471813725490196
1 0.7267156862745098 0.7095588235294118 0.0310457516339869 0.0637254901960784
1 0.0939542483660131 0.9044117647058824 0.0866013071895425 0.0876225490196078
1 0.3925653594771242 0.8183210784313726 0.0580065359477124 0.0732230392156863
1 0.1772875816993464 0.8887867647058824 0.0743464052287582 0.0885416666666667
1 0.7630718954248366 0.6991421568627451 0.0343137254901961 0.0667892156862745
