1 0.2107843137254902 0.5416666666666666 0.0388071895424837 0.0621936274509804
1 0.2781862745098039 0.8238357843137255 0.0367647058823529 0.0116421568627451
1 0.7883986928104575 0.9151348039215687 0.0224673202614379 0.0591299019607843
1 0.3182189542483660 0.8339460784313726 0.0330882352941176 0.0113357843137255
1 0.3198529411764706 0.8137254901960784 0.0277777777777778 0.0131740196078431
1 0.4183006535947713 0.8118872549019608 0.0359477124183007 0.0922181372549020
1 0.2843137254901961 0.7944240196078431 0.0392156862745098 0.0098039215686275
1 0.2904411764705883 0.7775735294117647 0.0355392156862745 0.0147058823529412
1 0.3235294117647059 0.7882965686274510 0.0187908496732026 0.0355392156862745
1 0.1319444444444444 0.7591911764705882 0.0780228758169935 0.0772058823529412
1 0.2340686274509804 0.7619485294117647 0.0555555555555556 0.0404411764705882
1 0.3750000000000000 0.8020833333333334 0.0290032679738562 0.0845588235294118
1 0.4550653594771242 0.8446691176470589 0.0171568627450980 0.0563725490196078
1 0.5600490196078431 0.8694852941176471 0.0310457516339869 0.0631127450980392
1 0.5976307189542484 0.8722426470588235 0.0379901960784314 0.0631127450980392
1 0.6319444444444444 0.8841911764705882 0.0277777777777778 0.0621936274509804
1 0.6703431372549019 0.8958333333333334 0.0322712418300654 0.0606617647058824
1 0.8186274509803921 0.8750000000000000 0.0285947712418301 0.0563725490196078
1 0.8374183006535948 0.9402573529411765 0.0200163398692810 0.0487132352941176
1 0.7246732026143791 0.9065563725490197 0.0392156862745098 0.0425857843137255
1 0.7308006535947712 0.8532475490196079 0.0253267973856209 0.0438112745098039
1 0.4938725490196079 0.8446691176470589 0.0212418300653595 0.0597426470588235
1 0.2818627450980392 0.8100490196078431 0.0334967320261438 0.0116421568627451
1 0.1589052287581699 0.5251225490196079 0.0371732026143791 0.0566789215686275
1 0.9309640522875817 0.7824754901960784 0.1380718954248366 0.0860906862745098
1 0.7148692810457516 0.3244485294117647 0.0355392156862745 0.0802696078431373
1 0.6736111111111112 0.3262867647058824 0.0383986928104575 0.0689338235294118
1 0.5947712418300654 0.3314950980392157 0.0322712418300654 0.0609681372549020
1 0.5469771241830066 0.3213848039215687 0.0584150326797386 0.0802696078431373
1 0.4963235294117647 0.3223039215686275 0.0265522875816993 0.0732230392156863
1 0.9276960784313726 0.8955269607843137 0.1446078431372549 0.0879289215686275
1 0.4023692810457516 0.3057598039215687 0.0506535947712418 0.1072303921568627
1 0.3611111111111111 0.3201593137254902 0.0253267973856209 0.0750612745098039
1 0.7598039215686274 0.3247549019607843 0.0392156862745098 0.0839460784313725
1 0.3390522875816994 0.3219975490196079 0.0175653594771242 0.0726102941176471
1 0.2957516339869281 0.3216911764705883 0.0208333333333333 0.0719975490196078
1 0.2630718954248366 0.3210784313725490 0.0330882352941176 0.0677083333333333
1 0.2373366013071895 0.3232230392156863 0.0142973856209150 0.0597426470588235
1 0.2193627450980392 0.3149509803921569 0.0155228758169935 0.0735294117647059
1 0.1936274509803922 0.3128063725490196 0.0367647058823529 0.0753676470588235
1 0.1519607843137255 0.3026960784313725 0.0433006535947712 0.0980392156862745
1 0.0580065359477124 0.3017769607843137 0.0388071895424837 0.0900735294117647
1 0.9656862745098039 0.1697303921568628 0.0518790849673203 0.0704656862745098
1 0.3190359477124183 0.3201593137254902 0.0183823529411765 0.0716911764705882
1 0.8133169934640523 0.3207720588235294 0.0494281045751634 0.1007965686274510
1 0.8692810457516340 0.3183210784313725 0.0547385620915033 0.1017156862745098
1 0.9632352941176471 0.2619485294117647 0.0735294117647059 0.0652573529411765
1 0.0976307189542484 0.5254289215686274 0.0400326797385621 0.0572916666666667
1 0.9513888888888888 0.5101102941176471 0.0972222222222222 0.0502450980392157
1 0.9591503267973857 0.4528186274509804 0.0816993464052288 0.0591299019607843
1 0.8476307189542484 0.4828431372549020 0.0661764705882353 0.0977328431372549
1 0.7691993464052288 0.4748774509803921 0.0584150326797386 0.0968137254901961
1 0.6997549019607843 0.4708946078431372 0.0543300653594771 0.0980392156862745
1 0.6437908496732027 0.4662990196078431 0.0441176470588235 0.0860906862745098
1 0.5784313725490197 0.4647671568627451 0.0473856209150327 0.0860906862745098
1 0.5339052287581699 0.4555759803921569 0.0318627450980392 0.0821078431372549
1 0.4873366013071895 0.4528186274509804 0.0408496732026144 0.0765931372549020
1 0.4379084967320261 0.4469975490196079 0.0486111111111111 0.0775122549019608
1 0.3598856209150327 0.4408700980392157 0.0477941176470588 0.0805759803921569
1 0.3096405228758170 0.4399509803921569 0.0400326797385621 0.0787377450980392
1 0.2614379084967320 0.4378063725490196 0.0416666666666667 0.0805759803921569
1 0.2128267973856209 0.4316789215686275 0.0347222222222222 0.0744485294117647
1 0.1642156862745098 0.4273897058823529 0.0433006535947712 0.0719975490196078
1 0.1180555555555556 0.4243259803921569 0.0359477124183007 0.0686274509803922
1 0.0780228758169935 0.4227941176470588 0.0375816993464052 0.0686274509803922
1 0.9558823529411765 0.3397671568627451 0.0878267973856209 0.0802696078431373
1 0.8696895424836601 0.1718750000000000 0.0968137254901961 0.0906862745098039
1 0.7986111111111112 0.1415441176470588 0.0433006535947712 0.1516544117647059
1 0.4538398692810457 0.3057598039215687 0.0477941176470588 0.1102941176470588
1 0.6838235294117647 0.1694240196078431 0.0465686274509804 0.1004901960784314
1 0.3750000000000000 0.5631127450980392 0.0371732026143791 0.0652573529411765
1 0.4166666666666667 0.5625000000000000 0.0261437908496732 0.0637254901960784
1 0.4473039215686275 0.5625000000000000 0.0343137254901961 0.0517769607843137
1 0.4987745098039216 0.5762867647058824 0.0396241830065359 0.0683210784313725
1 0.5482026143790850 0.5836397058823529 0.0522875816993464 0.0753676470588235
1 0.6049836601307189 0.5854779411764706 0.0486111111111111 0.0670955882352941
1 0.6564542483660131 0.5952818627450981 0.0449346405228758 0.0744485294117647
1 0.7054738562091504 0.6096813725490197 0.0453431372549020 0.0695465686274510
1 0.7630718954248366 0.6130514705882353 0.0580065359477124 0.0977328431372549
1 0.8349673202614379 0.6072303921568627 0.0555555555555556 0.0796568627450980
1 0.1299019607843137 0.6277573529411765 0.0363562091503268 0.0539215686274510
1 0.1785130718954248 0.6372549019607843 0.0392156862745098 0.0545343137254902
1 0.2193627450980392 0.6488970588235294 0.0437091503267974 0.0566789215686275
1 0.2957516339869281 0.5505514705882353 0.0408496732026144 0.0615808823529412
1 0.2683823529411765 0.6492034313725490 0.0437091503267974 0.0542279411764706
1 0.3574346405228758 0.6443014705882353 0.0302287581699346 0.0563725490196078
1 0.3892973856209150 0.6642156862745098 0.0330882352941176 0.0563725490196078
1 0.4313725490196079 0.6798406862745098 0.0433006535947712 0.0603553921568627
1 0.4763071895424836 0.6819852941176471 0.0392156862745098 0.0554534313725490
1 0.5098039215686274 0.6887254901960784 0.0245098039215686 0.0536151960784314
1 0.5482026143790850 0.7166053921568627 0.0486111111111111 0.0631127450980392
1 0.6233660130718954 0.7031250000000000 0.0522875816993464 0.0575980392156863
1 0.7054738562091504 0.7003676470588235 0.0408496732026144 0.0551470588235294
1 0.7389705882352942 0.1516544117647059 0.0592320261437908 0.1369485294117647
1 0.8161764705882353 0.7515318627450981 0.0637254901960784 0.0962009803921569
1 0.9387254901960784 0.5903799019607843 0.1221405228758170 0.0297181372549020
1 0.9354575163398693 0.6384803921568627 0.1250000000000000 0.0324754901960784
1 0.9325980392156863 0.6776960784313726 0.1343954248366013 0.0291053921568627
1 0.3108660130718954 0.6528799019607843 0.0347222222222222 0.0520833333333333
1 0.2528594771241830 0.5468750000000000 0.0367647058823529 0.0600490196078431
1 0.7577614379084967 0.7092524509803921 0.0433006535947712 0.0545343137254902
1 0.1691176470588235 0.2086397058823529 0.0453431372549020 0.0474877450980392
1 0.2459150326797385 0.1688112745098039 0.0518790849673203 0.1240808823529412
1 0.2933006535947713 0.2034313725490196 0.0400326797385621 0.0551470588235294
1 0.3370098039215687 0.2003676470588235 0.0334967320261438 0.0582107843137255
1 0.3758169934640523 0.1798406862745098 0.0428921568627451 0.0992647058823529
1 0.4526143790849673 0.1884191176470588 0.0535130718954248 0.0741421568627451
1 0.5049019607843137 0.1694240196078431 0.0477941176470588 0.1136642156862745
1 0.5592320261437909 0.1501225490196078 0.0543300653594771 0.1443014705882353
1 0.1119281045751634 0.1973039215686274 0.0359477124183007 0.0735294117647059
1 0.6221405228758170 0.1446078431372549 0.0665849673202614 0.1544117647058824
