1 0.9387254901960784 0.2935049019607843 0.0698529411764706 0.1400122549019608
1 0.7577614379084967 0.4681372549019608 0.0273692810457516 0.0646446078431373
1 0.6748366013071896 0.4754901960784313 0.0281862745098039 0.0597426470588235
1 0.6286764705882353 0.4672181372549020 0.0563725490196078 0.0713848039215686
1 0.5829248366013072 0.4751838235294117 0.0306372549019608 0.0508578431372549
1 0.5522875816993464 0.4678308823529412 0.0249183006535948 0.0655637254901961
1 0.5130718954248366 0.4672181372549020 0.0339052287581699 0.0689338235294118
1 0.4722222222222222 0.4742647058823529 0.0412581699346405 0.0603553921568627
1 0.4309640522875817 0.4754901960784313 0.0294117647058824 0.0505514705882353
1 0.3950163398692810 0.4733455882352941 0.0294117647058824 0.0557598039215686
1 0.3578431372549020 0.4629289215686275 0.0281862745098039 0.0719975490196078
1 0.2663398692810457 0.4549632352941176 0.1299019607843137 0.0998774509803922
1 0.0898692810457516 0.4231004901960784 0.0494281045751634 0.0738357843137255
1 0.1458333333333333 0.4375000000000000 0.0437091503267974 0.0404411764705882
1 0.0359477124183007 0.4087009803921569 0.0347222222222222 0.0879289215686275
1 0.0535130718954248 0.5502450980392157 0.0482026143790850 0.0572916666666667
1 0.0367647058823529 0.5049019607843137 0.0608660130718954 0.0229779411764706
1 0.1062091503267974 0.5490196078431373 0.0461601307189543 0.0768995098039216
1 0.1638071895424837 0.5490196078431373 0.0339052287581699 0.0646446078431373
1 0.2287581699346405 0.5799632352941176 0.0302287581699346 0.0692401960784314
1 0.2957516339869281 0.5732230392156863 0.0567810457516340 0.0873161764705882
1 0.3541666666666667 0.5863970588235294 0.0330882352941176 0.0612745098039216
1 0.3848039215686275 0.5818014705882353 0.0187908496732026 0.0554534313725490
1 0.4084967320261438 0.5885416666666666 0.0241013071895425 0.0594362745098039
1 0.4362745098039216 0.5845588235294118 0.0241013071895425 0.0597426470588235
1 0.4722222222222222 0.5851715686274510 0.0306372549019608 0.0683210784313725
1 0.7238562091503268 0.4702818627450980 0.0314542483660131 0.0680147058823529
1 0.5073529411764706 0.5827205882352942 0.0253267973856209 0.0710784313725490
1 0.7883986928104575 0.4724264705882353 0.0265522875816993 0.0661764705882353
1 0.8570261437908496 0.4767156862745098 0.0433006535947712 0.0572916666666667
1 0.7120098039215687 0.1706495098039216 0.0514705882352941 0.1329656862745098
1 0.6527777777777778 0.1663602941176471 0.0392156862745098 0.1369485294117647
1 0.5882352941176471 0.1740196078431372 0.0535130718954248 0.1130514705882353
1 0.5183823529411765 0.1755514705882353 0.0526960784313725 0.1109068627450980
1 0.4709967320261438 0.1740196078431372 0.0506535947712418 0.1130514705882353
1 0.4097222222222222 0.1666666666666667 0.0457516339869281 0.1253063725490196
1 0.3410947712418301 0.1681985294117647 0.0686274509803922 0.1256127450980392
1 0.2777777777777778 0.1611519607843137 0.0416666666666667 0.1314338235294118
1 0.2169117647058824 0.1645220588235294 0.0620915032679739 0.1427696078431372
1 0.1143790849673203 0.1421568627450980 0.0518790849673203 0.0934436274509804
1 0.0477941176470588 0.1344975490196078 0.0543300653594771 0.0928308823529412
1 0.0187908496732026 0.2928921568627451 0.0371732026143791 0.0891544117647059
1 0.0653594771241830 0.2876838235294117 0.0457516339869281 0.0759803921568627
1 0.1233660130718954 0.2913602941176471 0.0375816993464052 0.0612745098039216
1 0.2728758169934640 0.3232230392156863 0.1058006535947712 0.0805759803921569
1 0.3913398692810457 0.3161764705882353 0.0972222222222222 0.0974264705882353
1 0.4893790849673202 0.3268995098039216 0.0584150326797386 0.0906862745098039
1 0.5571895424836601 0.3379289215686275 0.0608660130718954 0.0802696078431373
1 0.6658496732026143 0.3385416666666667 0.0690359477124183 0.0738357843137255
1 0.7467320261437909 0.3296568627450980 0.0866013071895425 0.0968137254901961
1 0.8169934640522876 0.3452818627450980 0.0408496732026144 0.0606617647058824
1 0.8639705882352942 0.3501838235294117 0.0408496732026144 0.0582107843137255
1 0.9734477124183006 0.4727328431372549 0.0379901960784314 0.0726102941176471
1 0.9268790849673203 0.4779411764705883 0.0326797385620915 0.0646446078431373
1 0.8991013071895425 0.4889705882352941 0.0261437908496732 0.0450367647058824
1 0.8174019607843137 0.4791666666666667 0.0285947712418301 0.0499387254901961
1 0.8018790849673203 0.1611519607843137 0.0608660130718954 0.1482843137254902
1 0.5449346405228758 0.5805759803921569 0.0326797385620915 0.0652573529411765
1 0.6319444444444444 0.5814950980392157 0.0236928104575163 0.0707720588235294
1 0.6486928104575164 0.8213848039215687 0.0281862745098039 0.0830269607843137
1 0.6151960784313726 0.8207720588235294 0.0326797385620915 0.0842524509803922
1 0.5747549019607843 0.8201593137254902 0.0306372549019608 0.0854779411764706
1 0.5404411764705882 0.8201593137254902 0.0334967320261438 0.0830269607843137
1 0.4906045751633987 0.8268995098039216 0.0310457516339869 0.0768995098039216
1 0.4603758169934640 0.8223039215686274 0.0294117647058824 0.0790441176470588
1 0.4260620915032680 0.8216911764705882 0.0265522875816993 0.0799632352941176
1 0.3970588235294117 0.8155637254901961 0.0273692810457516 0.0824142156862745
1 0.3623366013071895 0.8201593137254902 0.0261437908496732 0.0808823529411765
1 0.3288398692810457 0.8213848039215687 0.0249183006535948 0.0686274509803922
1 0.2973856209150327 0.8100490196078431 0.0241013071895425 0.0814950980392157
1 0.1339869281045752 0.7377450980392157 0.0588235294117647 0.0689338235294118
1 0.1695261437908497 0.8201593137254902 0.0547385620915033 0.0759803921568627
1 0.1029411764705882 0.8213848039215687 0.0559640522875817 0.0830269607843137
1 0.0379901960784314 0.8143382352941176 0.0514705882352941 0.0768995098039216
1 0.0441176470588235 0.7429534313725490 0.0653594771241830 0.0441176470588235
1 0.0273692810457516 0.6568627450980392 0.0526960784313725 0.0674019607843137
1 0.0816993464052288 0.6599264705882353 0.0453431372549020 0.0667892156862745
1 0.1368464052287582 0.6608455882352942 0.0465686274509804 0.0710784313725490
1 0.1744281045751634 0.6565563725490197 0.0224673202614379 0.0744485294117647
1 0.2340686274509804 0.6951593137254902 0.0241013071895425 0.0637254901960784
1 0.2683823529411765 0.6887254901960784 0.0241013071895425 0.0658700980392157
1 0.2941176470588235 0.6865808823529411 0.0187908496732026 0.0637254901960784
1 0.3210784313725490 0.6899509803921569 0.0253267973856209 0.0566789215686275
1 0.3529411764705883 0.7113970588235294 0.0404411764705882 0.0333946078431373
1 0.6789215686274510 0.8201593137254902 0.0294117647058824 0.0854779411764706
1 0.5955882352941176 0.5937500000000000 0.0457516339869281 0.0511642156862745
1 0.7132352941176471 0.8244485294117647 0.0294117647058824 0.0768995098039216
1 0.7790032679738562 0.8327205882352942 0.0273692810457516 0.0603553921568627
1 0.6617647058823529 0.5836397058823529 0.0281862745098039 0.0741421568627451
1 0.7017973856209150 0.5897671568627451 0.0330882352941176 0.0643382352941176
1 0.7373366013071896 0.5900735294117647 0.0285947712418301 0.0637254901960784
1 0.7696078431372549 0.5906862745098039 0.0343137254901961 0.0689338235294118
1 0.8145424836601307 0.5919117647058824 0.0363562091503268 0.0621936274509804
1 0.8459967320261438 0.5931372549019608 0.0245098039215686 0.0643382352941176
1 0.8750000000000000 0.6035539215686274 0.0204248366013072 0.0484068627450980
1 0.9248366013071896 0.5848651960784313 0.0224673202614379 0.0667892156862745
1 0.9763071895424836 0.5860906862745098 0.0273692810457516 0.0805759803921569
1 0.9754901960784313 0.6914828431372549 0.0416666666666667 0.0661764705882353
1 0.9219771241830066 0.6905637254901961 0.0457516339869281 0.0704656862745098
1 0.8676470588235294 0.6936274509803921 0.0355392156862745 0.0591299019607843
1 0.8153594771241830 0.6917892156862745 0.0473856209150327 0.0680147058823529
1 0.7671568627450981 0.6927083333333334 0.0392156862745098 0.0539215686274510
1 0.7242647058823529 0.6914828431372549 0.0318627450980392 0.0588235294117647
1 0.6875000000000000 0.6948529411764706 0.0273692810457516 0.0640318627450980
1 0.6560457516339869 0.6829044117647058 0.0261437908496732 0.0808823529411765
1 0.6135620915032680 0.6893382352941176 0.0392156862745098 0.0729166666666667
1 0.5629084967320261 0.7022058823529411 0.0490196078431373 0.0419730392156863
1 0.5228758169934641 0.6927083333333334 0.0281862745098039 0.0637254901960784
1 0.4865196078431372 0.6920955882352942 0.0265522875816993 0.0526960784313725
1 0.9844771241830066 0.7879901960784313 0.0339052287581699 0.1011029411764706
1 0.9317810457516340 0.7898284313725490 0.0555555555555556 0.0922181372549020
1 0.8700980392156863 0.7984068627450981 0.0334967320261438 0.0900735294117647
1 0.8190359477124183 0.8244485294117647 0.0416666666666667 0.0793504901960784
1 0.7442810457516340 0.8201593137254902 0.0298202614379085 0.0732230392156863
1 0.4031862745098039 0.6982230392156863 0.0363562091503268 0.0477941176470588
1 0.4391339869281046 0.6920955882352942 0.0298202614379085 0.0695465686274510
1 0.8729575163398693 0.1902573529411765 0.0457516339869281 0.0916053921568627
