1 0.3298969072164948 0.3759541984732824 0.0583118556701031 0.0436545801526718
1 0.3228092783505155 0.4315362595419847 0.0679768041237113 0.0491412213740458
1 0.4068943298969072 0.3635496183206107 0.0660438144329897 0.0283874045801527
1 0.3972293814432989 0.4112595419847328 0.0628221649484536 0.0503339694656489
1 0.4687500000000000 0.4332061068702290 0.0705541237113402 0.0505725190839695
1 0.2313144329896907 0.3816793893129771 0.1034149484536082 0.0455629770992366
1 0.8128221649484536 0.7485687022900763 0.0666881443298969 0.0443702290076336
1 0.1317654639175258 0.5393606870229007 0.0782860824742268 0.0598759541984733
1 0.2731958762886598 0.5283874045801527 0.0776417525773196 0.0567748091603053
1 0.5283505154639175 0.4988072519083969 0.0686211340206186 0.0446087786259542
1 0.5882731958762887 0.4990458015267176 0.0454252577319588 0.0453244274809160
1 0.6427190721649485 0.4995229007633588 0.0615335051546392 0.0455629770992366
1 0.7055412371134021 0.5007156488549618 0.0641108247422680 0.0441316793893130
1 0.4980670103092784 0.5472328244274809 0.0663659793814433 0.0403148854961832
1 0.5686211340206185 0.5479484732824428 0.0718427835051546 0.0438931297709924
1 0.6394974226804123 0.5469942748091603 0.0679768041237113 0.0469942748091603
1 0.7097293814432990 0.5489026717557252 0.0653994845360825 0.0489026717557252
1 0.7748067010309279 0.5489026717557252 0.0663659793814433 0.0484255725190840
1 0.9291237113402062 0.5515267175572519 0.0969716494845361 0.0417461832061069
1 0.1188788659793814 0.4348759541984733 0.0821520618556701 0.0453244274809160
1 0.1146907216494845 0.3773854961832061 0.0918170103092784 0.0629770992366412
1 0.2280927835051546 0.4334446564885496 0.1140463917525773 0.0448473282442748
1 0.9349226804123711 0.6545801526717557 0.0599226804123711 0.0345896946564885
1 0.8740335051546392 0.6567270992366412 0.0596005154639175 0.0298187022900763
1 0.8063788659793815 0.6474236641221374 0.0608891752577320 0.0460400763358779
1 0.7448453608247423 0.6481393129770993 0.0621778350515464 0.0446087786259542
1 0.8795103092783505 0.7476145038167938 0.0615335051546392 0.0403148854961832
1 0.9391108247422680 0.7437977099236641 0.0576675257731959 0.0469942748091603
1 0.1456185567010309 0.6068702290076335 0.0731314432989691 0.0267175572519084
1 0.1156572164948454 0.6500477099236641 0.0599226804123711 0.0348282442748092
1 0.1717139175257732 0.6521946564885496 0.0499355670103093 0.0391221374045802
1 0.2280927835051546 0.6350190839694656 0.0621778350515464 0.0737118320610687
1 0.2992912371134021 0.6488549618320610 0.0705541237113402 0.0422232824427481
1 0.5821520618556701 0.7426049618320610 0.0773195876288660 0.0636927480916031
1 0.2986469072164948 0.6099713740458015 0.0682989690721649 0.0329198473282443
1 0.3801546391752577 0.6560114503816794 0.0779639175257732 0.0312500000000000
1 0.4548969072164948 0.6459923664122137 0.0692654639175258 0.0453244274809160
1 0.4555412371134021 0.6042461832061069 0.0583118556701031 0.0238549618320611
1 0.5167525773195877 0.6397900763358778 0.0480025773195876 0.0589217557251908
1 0.5676546391752577 0.6376431297709924 0.0521907216494845 0.0646469465648855
1 0.5393041237113402 0.4317748091603054 0.0670103092783505 0.0505725190839695
1 0.6759020618556701 0.6490935114503816 0.0753865979381443 0.0472328244274809
1 0.3804768041237113 0.6209446564885496 0.0824742268041237 0.0353053435114504
1 0.6159793814432990 0.6395515267175572 0.0447809278350515 0.0667938931297710
1 0.6836340206185567 0.3110687022900763 0.0599226804123711 0.0486641221374046
1 0.6159793814432990 0.4312977099236641 0.0766752577319588 0.0541507633587786
1 0.3621134020618557 0.7335400763358778 0.0663659793814433 0.0667938931297710
1 0.2947809278350516 0.7433206106870229 0.0728092783505155 0.0603530534351145
1 0.6452963917525774 0.2557251908396946 0.0856958762886598 0.0331583969465649
1 0.7203608247422680 0.2581106870229007 0.0628221649484536 0.0333969465648855
1 0.7822164948453608 0.2583492366412214 0.0579896907216495 0.0336354961832061
1 0.4826030927835052 0.3053435114503817 0.0682989690721649 0.0479484732824427
1 0.2048969072164948 0.7266221374045801 0.0860180412371134 0.0410305343511450
1 0.1230670103092784 0.7550095419847328 0.0608891752577320 0.0338740458015267
1 0.9471649484536082 0.8396946564885496 0.0863402061855670 0.0660782442748092
1 0.8534149484536082 0.8444656488549618 0.0760309278350515 0.0691793893129771
1 0.7490335051546392 0.8473282442748091 0.1111469072164948 0.0691793893129771
1 0.6353092783505154 0.8530534351145038 0.1182345360824742 0.0565362595419847
1 0.4304123711340206 0.7294847328244275 0.0602448453608247 0.0636927480916031
1 0.6559278350515464 0.8074904580152672 0.0509020618556701 0.0226622137404580
1 0.4845360824742268 0.8020038167938931 0.1188788659793814 0.0209923664122137
1 0.3791881443298969 0.8504293893129771 0.0827963917525773 0.0708492366412214
1 0.2883376288659794 0.8399332061068703 0.0792525773195876 0.0448473282442748
1 0.1990979381443299 0.8602099236641222 0.0911726804123711 0.0543893129770992
1 0.1130798969072165 0.8437500000000000 0.0779639175257732 0.0262404580152672
1 0.1137242268041237 0.8718988549618321 0.0805412371134021 0.0307729007633588
1 0.9590850515463918 0.1672232824427481 0.0782860824742268 0.0479484732824427
1 0.9597293814432990 0.1254770992366412 0.0737757731958763 0.0236164122137405
1 0.8798324742268041 0.1693702290076336 0.0547680412371134 0.0498568702290076
1 0.8231314432989690 0.1638835877862596 0.0589561855670103 0.0610687022900763
1 0.9242912371134021 0.4351145038167939 0.0747422680412371 0.0481870229007634
1 0.9130154639175257 0.3857347328244275 0.0460695876288660 0.0393606870229008
1 0.4958118556701031 0.8492366412213741 0.1250000000000000 0.0586832061068702
1 0.5041881443298969 0.7402194656488550 0.0795747422680412 0.0689408396946565
1 0.7567654639175257 0.1626908396946565 0.0708762886597938 0.0553435114503817
1 0.8373067010309279 0.1052003816793893 0.0856958762886598 0.0515267175572519
1 0.6887886597938144 0.4334446564885496 0.0657216494845361 0.0424618320610687
1 0.7554768041237113 0.4379770992366412 0.0634664948453608 0.0434160305343511
1 0.8121778350515464 0.4375000000000000 0.0492912371134021 0.0436545801526718
1 0.7577319587628866 0.3838263358778626 0.0753865979381443 0.0541507633587786
1 0.8205541237113402 0.3852576335877863 0.0515463917525773 0.0503339694656489
1 0.4813144329896907 0.2476145038167939 0.0676546391752577 0.0472328244274809
1 0.4091494845360825 0.2681297709923664 0.0518685567010309 0.0267175572519084
1 0.3836984536082474 0.3074904580152672 0.1124355670103093 0.0343511450381679
1 0.2564432989690721 0.3036736641221374 0.1365979381443299 0.0441316793893130
1 0.1211340206185567 0.2936545801526718 0.1092139175257732 0.0427003816793893
1 0.5492912371134021 0.3043893129770993 0.0660438144329897 0.0520038167938931
1 0.6195231958762887 0.3062977099236641 0.0663659793814433 0.0558206106870229
1 0.6597938144329897 0.7433206106870229 0.0757087628865979 0.0629770992366412
1 0.7557989690721649 0.3084446564885496 0.0692654639175258 0.0515267175572519
1 0.8250644329896907 0.3048664122137404 0.0682989690721649 0.0601145038167939
1 0.8959407216494846 0.3024809160305343 0.0737757731958763 0.0539122137404580
1 0.9658505154639175 0.3015267175572519 0.0650773195876289 0.0558206106870229
1 0.1121134020618557 0.1075858778625954 0.1092139175257732 0.0395992366412214
1 0.1137242268041237 0.1562500000000000 0.1146907216494845 0.0522423664122137
1 0.2197164948453608 0.1583969465648855 0.0947164948453608 0.0491412213740458
1 0.3215206185567011 0.1614980916030534 0.1024484536082474 0.0536736641221374
1 0.4178479381443299 0.1622137404580153 0.0889175257731959 0.0498568702290076
1 0.5054768041237113 0.1572041984732824 0.0869845360824742 0.0610687022900763
1 0.5927835051546392 0.1715171755725191 0.0757087628865979 0.0419847328244275
1 0.5850515463917526 0.1295324427480916 0.0618556701030928 0.0412690839694657
1 0.6585051546391752 0.1230916030534351 0.0721649484536082 0.0236164122137405
1 0.6794458762886598 0.1643606870229008 0.0682989690721649 0.0539122137404580
1 0.6607603092783505 0.3778625954198473 0.0641108247422680 0.0450858778625954
1 0.7316365979381443 0.7504770992366412 0.0695876288659794 0.0505725190839695
