1 0.5629084967320261 0.2674632352941176 0.0187908496732026 0.0585171568627451
1 0.7197712418300654 0.3507965686274510 0.0290032679738562 0.0704656862745098
1 0.7536764705882353 0.3465073529411765 0.0343137254901961 0.0716911764705882
1 0.7830882352941176 0.3465073529411765 0.0228758169934641 0.0768995098039216
1 0.8198529411764706 0.3443627450980392 0.0416666666666667 0.0759803921568627
1 0.8562091503267973 0.3455882352941176 0.0310457516339869 0.0772058823529412
1 0.8982843137254902 0.3440563725490196 0.0526960784313725 0.0799632352941176
1 0.4587418300653595 0.2702205882352941 0.0290032679738562 0.0680147058823529
1 0.5265522875816994 0.4978553921568628 0.0204248366013072 0.0572916666666667
1 0.9011437908496732 0.2245710784313726 0.0441176470588235 0.0842524509803922
1 0.8623366013071896 0.2306985294117647 0.0326797385620915 0.0802696078431373
1 0.5882352941176471 0.2628676470588235 0.0290032679738562 0.0661764705882353
1 0.8259803921568627 0.2343750000000000 0.0408496732026144 0.0870098039215686
1 0.7520424836601307 0.2500000000000000 0.0351307189542484 0.0637254901960784
1 0.7030228758169934 0.2524509803921569 0.0404411764705882 0.0661764705882353
1 0.6678921568627451 0.2555147058823529 0.0245098039215686 0.0637254901960784
1 0.6392973856209150 0.2567401960784313 0.0306372549019608 0.0661764705882353
1 0.9840686274509803 0.2101715686274510 0.0322712418300654 0.1329656862745098
1 0.6143790849673203 0.2604166666666667 0.0191993464052288 0.0603553921568627
1 0.4820261437908497 0.2705269607843137 0.0122549019607843 0.0698529411764706
1 0.4995915032679739 0.2683823529411765 0.0196078431372549 0.0710784313725490
1 0.5204248366013072 0.2720588235294117 0.0134803921568627 0.0582107843137255
1 0.5396241830065359 0.2677696078431372 0.0257352941176471 0.0658700980392157
1 0.7867647058823529 0.2484681372549020 0.0322712418300654 0.0609681372549020
1 0.9485294117647058 0.2150735294117647 0.0363562091503268 0.1237745098039216
1 0.5465686274509803 0.4987745098039216 0.0155228758169935 0.0612745098039216
1 0.4718137254901961 0.5569852941176471 0.0171568627450980 0.0539215686274510
1 0.5053104575163399 0.5618872549019608 0.0118464052287582 0.0533088235294118
1 0.4910130718954248 0.5609681372549019 0.0138888888888889 0.0511642156862745
1 0.4517973856209150 0.5542279411764706 0.0220588235294118 0.0477941176470588
1 0.4313725490196079 0.5481004901960784 0.0147058823529412 0.0511642156862745
1 0.3986928104575164 0.5566789215686274 0.0416666666666667 0.0867034313725490
1 0.3553921568627451 0.5474877450980392 0.0371732026143791 0.0860906862745098
1 0.9771241830065359 0.5560661764705882 0.0343137254901961 0.1360294117647059
1 0.9256535947712419 0.5511642156862745 0.0629084967320261 0.1231617647058824
1 0.8680555555555556 0.5376838235294118 0.0265522875816993 0.0811887254901961
1 0.6891339869281046 0.3489583333333333 0.0314542483660131 0.0686274509803922
1 0.6621732026143791 0.3526348039215687 0.0183823529411765 0.0649509803921569
1 0.6368464052287581 0.3507965686274510 0.0298202614379085 0.0655637254901961
1 0.6098856209150327 0.3538602941176471 0.0220588235294118 0.0637254901960784
1 0.5853758169934641 0.3563112745098039 0.0265522875816993 0.0618872549019608
1 0.5620915032679739 0.3544730392156863 0.0204248366013072 0.0609681372549020
1 0.5228758169934641 0.5689338235294118 0.0163398692810458 0.0520833333333333
1 0.5408496732026143 0.5726102941176471 0.0102124183006536 0.0542279411764706
1 0.5592320261437909 0.5756740196078431 0.0167483660130719 0.0572916666666667
1 0.6013071895424836 0.5833333333333334 0.0302287581699346 0.0569852941176471
1 0.6654411764705882 0.6718750000000000 0.0159313725490196 0.0594362745098039
1 0.6437908496732027 0.6685049019607843 0.0232843137254902 0.0502450980392157
1 0.6258169934640523 0.6614583333333334 0.0147058823529412 0.0575980392156863
1 0.5637254901960784 0.6397058823529411 0.1008986928104575 0.0539215686274510
1 0.4669117647058824 0.6158088235294118 0.0800653594771242 0.0477941176470588
1 0.9591503267973857 0.7068014705882353 0.0665849673202614 0.1204044117647059
1 0.9048202614379085 0.6948529411764706 0.0330882352941176 0.1323529411764706
1 0.5424836601307189 0.3535539215686275 0.0171568627450980 0.0588235294117647
1 0.8676470588235294 0.6259191176470589 0.0343137254901961 0.0680147058823529
1 0.7945261437908496 0.6243872549019608 0.0249183006535948 0.0707720588235294
1 0.7691993464052288 0.6188725490196079 0.0224673202614379 0.0753676470588235
1 0.7410130718954249 0.6093750000000000 0.0298202614379085 0.0689338235294118
1 0.7099673202614379 0.6063112745098039 0.0261437908496732 0.0652573529411765
1 0.6813725490196079 0.5992647058823529 0.0257352941176471 0.0695465686274510
1 0.6535947712418301 0.5955882352941176 0.0228758169934641 0.0661764705882353
1 0.6294934640522876 0.5897671568627451 0.0167483660130719 0.0631127450980392
1 0.8284313725490197 0.6295955882352942 0.0343137254901961 0.0781250000000000
1 0.6850490196078431 0.6792279411764706 0.0245098039215686 0.0539215686274510
1 0.5208333333333334 0.3572303921568628 0.0208333333333333 0.0557598039215686
1 0.4820261437908497 0.3575367647058824 0.0179738562091503 0.0551470588235294
1 0.7316176470588235 0.4390318627450980 0.0281862745098039 0.0686274509803922
1 0.7651143790849673 0.4396446078431372 0.0245098039215686 0.0738357843137255
1 0.7977941176470589 0.4414828431372549 0.0343137254901961 0.0716911764705882
1 0.8333333333333334 0.4433210784313725 0.0294117647058824 0.0768995098039216
1 0.8774509803921569 0.4448529411764706 0.0567810457516340 0.0778186274509804
1 0.9505718954248366 0.3988970588235294 0.0379901960784314 0.1348039215686274
1 0.5669934640522876 0.5042892156862745 0.0208333333333333 0.0575980392156863
1 0.5874183006535948 0.5045955882352942 0.0138888888888889 0.0628063725490196
1 0.5065359477124183 0.4932598039215687 0.0114379084967320 0.0569852941176471
1 0.6094771241830066 0.5079656862745098 0.0298202614379085 0.0625000000000000
1 0.6372549019607843 0.5116421568627451 0.0241013071895425 0.0686274509803922
1 0.4877450980392157 0.4923406862745098 0.0191993464052288 0.0536151960784314
1 0.4709967320261438 0.4905024509803921 0.0134803921568627 0.0533088235294118
1 0.4558823529411765 0.4880514705882353 0.0163398692810458 0.0474877450980392
1 0.4383169934640523 0.4865196078431372 0.0122549019607843 0.0539215686274510
1 0.6985294117647058 0.4365808823529412 0.0261437908496732 0.0674019607843137
1 0.6678921568627451 0.4332107843137255 0.0122549019607843 0.0625000000000000
1 0.6683006535947712 0.5156250000000000 0.0249183006535948 0.0683210784313725
1 0.6977124183006536 0.5205269607843137 0.0273692810457516 0.0631127450980392
1 0.4656862745098039 0.3550857843137255 0.0171568627450980 0.0536151960784314
1 0.4481209150326798 0.3578431372549020 0.0130718954248366 0.0502450980392157
1 0.4403594771241830 0.4231004901960784 0.0130718954248366 0.0493259803921569
1 0.4571078431372549 0.4234068627450980 0.0191993464052288 0.0514705882352941
1 0.4758986928104575 0.4249387254901961 0.0114379084967320 0.0545343137254902
1 0.4938725490196079 0.4264705882352941 0.0220588235294118 0.0554534313725490
1 0.5147058823529411 0.4273897058823529 0.0200163398692810 0.0575980392156863
1 0.5016339869281046 0.3538602941176471 0.0179738562091503 0.0530024509803922
1 0.5359477124183006 0.4292279411764706 0.0200163398692810 0.0563725490196078
1 0.5759803921568627 0.4304534313725490 0.0273692810457516 0.0606617647058824
1 0.6049836601307189 0.4295343137254902 0.0236928104575163 0.0640318627450980
1 0.6392973856209150 0.4322916666666667 0.0396241830065359 0.0603553921568627
1 0.8292483660130719 0.5361519607843137 0.0412581699346405 0.0775122549019608
1 0.7908496732026143 0.5312500000000000 0.0261437908496732 0.0744485294117647
1 0.7569444444444444 0.5272671568627451 0.0334967320261438 0.0680147058823529
1 0.7254901960784313 0.5223651960784313 0.0236928104575163 0.0667892156862745
1 0.5526960784313726 0.4295343137254902 0.0118464052287582 0.0579044117647059
1 0.7238562091503268 0.6908700980392157 0.0461601307189543 0.0701593137254902
1 0.5776143790849673 0.5753676470588235 0.0106209150326797 0.0579044117647059
1 0.3917483660130719 0.7552083333333334 0.0510620915032680 0.0790441176470588
1 0.6425653594771242 0.7389705882352942 0.0457516339869281 0.0615808823529412
1 0.6997549019607843 0.7628676470588235 0.0563725490196078 0.0674019607843137
1 0.8194444444444444 0.8005514705882353 0.0637254901960784 0.0842524509803922
1 0.8917483660130719 0.8354779411764706 0.0343137254901961 0.1222426470588235
1 0.4517973856209150 0.6724877450980392 0.0612745098039216 0.0548406862745098
1 0.9452614379084967 0.8544730392156863 0.0629084967320261 0.1188725490196078
1 0.3353758169934640 0.7316176470588235 0.0498366013071895 0.0741421568627451
1 0.5196078431372549 0.6954656862745098 0.0629084967320261 0.0566789215686275
1 0.4685457516339869 0.7457107843137255 0.0727124183006536 0.0349264705882353
1 0.5343137254901961 0.7732843137254902 0.0416666666666667 0.0563725490196078
1 0.5326797385620915 0.8299632352941176 0.0363562091503268 0.0520833333333333
1 0.4632352941176471 0.7941176470588235 0.0706699346405229 0.0520833333333333
1 0.5759803921568627 0.8483455882352942 0.0351307189542484 0.0603553921568627
1 0.6184640522875817 0.8753063725490197 0.0392156862745098 0.0631127450980392
1 0.5808823529411765 0.7901348039215687 0.0424836601307190 0.0530024509803922
1 0.6768790849673203 0.8992034313725490 0.0526960784313725 0.0670955882352941
1 0.8386437908496732 0.7175245098039216 0.0575980392156863 0.0689338235294118
1 0.2937091503267974 0.6121323529411765 0.0396241830065359 0.0551470588235294
1 0.3357843137254902 0.6274509803921569 0.0392156862745098 0.0566789215686275
1 0.3868464052287582 0.6446078431372549 0.0494281045751634 0.0594362745098039
1 0.6789215686274510 0.8357843137254902 0.0539215686274510 0.0560661764705882
1 0.9509803921568627 0.9675245098039216 0.0723039215686275 0.0588235294117647
1 0.7781862745098039 0.7046568627450981 0.0490196078431373 0.0609681372549020
1 0.8035130718954249 0.9574142156862745 0.0596405228758170 0.0661764705882353
1 0.7418300653594772 0.9319852941176471 0.0563725490196078 0.0655637254901961
1 0.8092320261437909 0.8851102941176471 0.0539215686274510 0.0664828431372549
1 0.7418300653594772 0.8593750000000000 0.0510620915032680 0.0713848039215686
1 0.8721405228758170 0.9378063725490197 0.0596405228758170 0.0625000000000000
