1 0.1958333333333333 0.2417968750000000 0.0729166666666667 0.0414062500000000
1 0.2015625000000000 0.2121093750000000 0.0552083333333333 0.0148437500000000
1 0.3000000000000000 0.1968750000000000 0.0848958333333333 0.0390625000000000
1 0.3838541666666667 0.2468750000000000 0.0968750000000000 0.0425781250000000
1 0.4729166666666667 0.2222656250000000 0.0692708333333333 0.0964843750000000
1 0.5453125000000000 0.2281250000000000 0.0692708333333333 0.0964843750000000
1 0.1432291666666667 0.2085937500000000 0.0500000000000000 0.0144531250000000
1 0.6234375000000000 0.2398437500000000 0.0828125000000000 0.0695312500000000
1 0.2817708333333334 0.2429687500000000 0.0906250000000000 0.0507812500000000
1 0.1078125000000000 0.2398437500000000 0.0906250000000000 0.0445312500000000
1 0.6609375000000000 0.8710937500000000 0.0484375000000000 0.1003906250000000
1 0.0354166666666667 0.2390625000000000 0.0364583333333333 0.0433593750000000
1 0.8927083333333333 0.0808593750000000 0.1562500000000000 0.1621093750000000
1 0.7130208333333333 0.2417968750000000 0.0854166666666667 0.0691406250000000
1 0.7145833333333333 0.0796875000000000 0.1947916666666667 0.1597656250000000
1 0.5911458333333334 0.0980468750000000 0.0364583333333333 0.1097656250000000
1 0.5479166666666667 0.0984375000000000 0.0359375000000000 0.1085937500000000
1 0.3911458333333334 0.0964843750000000 0.0854166666666667 0.0128906250000000
1 0.5031250000000000 0.1253906250000000 0.0468750000000000 0.0570312500000000
1 0.3838541666666667 0.1281250000000000 0.1015625000000000 0.0472656250000000
1 0.2723958333333333 0.0359375000000000 0.0677083333333333 0.0398437500000000
1 0.0442708333333333 0.1984375000000000 0.0588541666666667 0.0320312500000000
1 0.8104166666666667 0.2414062500000000 0.0942708333333333 0.0765625000000000
1 0.9052083333333333 0.2582031250000000 0.0817708333333333 0.0484375000000000
1 0.9057291666666667 0.2109375000000000 0.0869791666666667 0.0417968750000000
1 0.2557291666666667 0.4582031250000000 0.0489583333333333 0.0515625000000000
1 0.3114583333333333 0.4585937500000000 0.0489583333333333 0.0519531250000000
1 0.3765625000000000 0.4593750000000000 0.0515625000000000 0.0628906250000000
1 0.4302083333333334 0.4371093750000000 0.0463541666666667 0.0839843750000000
1 0.4781250000000000 0.4375000000000000 0.0437500000000000 0.0812500000000000
1 0.5432291666666667 0.4320312500000000 0.0781250000000000 0.0996093750000000
1 0.1989583333333333 0.4425781250000000 0.0546875000000000 0.0789062500000000
1 0.6265625000000000 0.4332031250000000 0.0786458333333333 0.0996093750000000
1 0.8010416666666667 0.4359375000000000 0.0671875000000000 0.1070312500000000
1 0.8791666666666667 0.4546875000000000 0.0817708333333333 0.0742187500000000
1 0.9619791666666667 0.4644531250000000 0.0750000000000000 0.0425781250000000
1 0.9583333333333334 0.4226562500000000 0.0718750000000000 0.0359375000000000
1 0.0515625000000000 0.5414062500000000 0.0562500000000000 0.0859375000000000
1 0.1093750000000000 0.5414062500000000 0.0562500000000000 0.0859375000000000
1 0.7156250000000000 0.4347656250000000 0.0942708333333333 0.1046875000000000
1 0.1427083333333333 0.4445312500000000 0.0552083333333333 0.0789062500000000
1 0.0854166666666667 0.4394531250000000 0.0552083333333333 0.0789062500000000
1 0.9687500000000000 0.3351562500000000 0.0630208333333333 0.0449218750000000
1 0.9744791666666667 0.2628906250000000 0.0500000000000000 0.0351562500000000
1 0.9765625000000000 0.2238281250000000 0.0479166666666667 0.0382812500000000
1 0.0671875000000000 0.3511718750000000 0.0661458333333333 0.0417968750000000
1 0.0848958333333333 0.3097656250000000 0.0927083333333333 0.0332031250000000
1 0.1562500000000000 0.3527343750000000 0.1026041666666667 0.0449218750000000
1 0.2604166666666667 0.3570312500000000 0.0947916666666667 0.0460937500000000
1 0.3593750000000000 0.3578125000000000 0.0953125000000000 0.0417968750000000
1 0.4531250000000000 0.3316406250000000 0.0734375000000000 0.0312500000000000
1 0.4520833333333333 0.3015625000000000 0.0703125000000000 0.0230468750000000
1 0.5151041666666667 0.3207031250000000 0.0406250000000000 0.0578125000000000
1 0.5718750000000000 0.3234375000000000 0.0687500000000000 0.0531250000000000
1 0.6447916666666667 0.3265625000000000 0.0723958333333333 0.0488281250000000
1 0.7286458333333333 0.3296875000000000 0.0729166666666667 0.0488281250000000
1 0.8140625000000000 0.3300781250000000 0.0802083333333333 0.0507812500000000
1 0.8942708333333333 0.3328125000000000 0.0729166666666667 0.0433593750000000
1 0.2744791666666667 0.0777343750000000 0.0927083333333333 0.0390625000000000
1 0.2755208333333333 0.1246093750000000 0.0947916666666667 0.0527343750000000
1 0.8401041666666667 0.7347656250000000 0.0578125000000000 0.0851562500000000
1 0.1692708333333333 0.1210937500000000 0.0843750000000000 0.0484375000000000
1 0.6020833333333333 0.6257812500000000 0.0401041666666667 0.0796875000000000
1 0.6463541666666667 0.6273437500000000 0.0401041666666667 0.0800781250000000
1 0.6911458333333333 0.6277343750000000 0.0401041666666667 0.0796875000000000
1 0.7348958333333333 0.6273437500000000 0.0401041666666667 0.0796875000000000
1 0.7776041666666667 0.6269531250000000 0.0401041666666667 0.0800781250000000
1 0.8239583333333333 0.6292968750000000 0.0458333333333333 0.0792968750000000
1 0.8723958333333334 0.6316406250000000 0.0458333333333333 0.0792968750000000
1 0.9182291666666667 0.6312500000000000 0.0390625000000000 0.0761718750000000
1 0.9593750000000000 0.6335937500000000 0.0390625000000000 0.0761718750000000
1 0.0630208333333333 0.7652343750000000 0.0536458333333333 0.0562500000000000
1 0.0197916666666667 0.8769531250000000 0.0401041666666667 0.0542968750000000
1 0.0723958333333333 0.8769531250000000 0.0588541666666667 0.0570312500000000
1 0.5578125000000000 0.6234375000000000 0.0421875000000000 0.0835937500000000
1 0.1328125000000000 0.8757812500000000 0.0593750000000000 0.0578125000000000
1 0.2687500000000000 0.8765625000000000 0.0562500000000000 0.0500000000000000
1 0.2713541666666667 0.8195312500000000 0.0562500000000000 0.0558593750000000
1 0.3453125000000000 0.7808593750000000 0.0843750000000000 0.0910156250000000
1 0.3463541666666667 0.8687500000000000 0.0708333333333333 0.0800781250000000
1 0.4140625000000000 0.8660156250000000 0.0515625000000000 0.0953125000000000
1 0.4671875000000000 0.8691406250000000 0.0515625000000000 0.0953125000000000
1 0.5151041666666667 0.8621093750000000 0.0390625000000000 0.0796875000000000
1 0.5588541666666667 0.8679687500000000 0.0411458333333333 0.0820312500000000
1 0.6067708333333334 0.8585937500000000 0.0484375000000000 0.0949218750000000
1 0.8510416666666667 0.8414062500000000 0.0557291666666667 0.0863281250000000
1 0.7875000000000000 0.8691406250000000 0.0671875000000000 0.1031250000000000
1 0.7177083333333333 0.8644531250000000 0.0614583333333333 0.1011718750000000
1 0.1942708333333333 0.8773437500000000 0.0578125000000000 0.0613281250000000
1 0.5140625000000000 0.6218750000000000 0.0395833333333333 0.0839843750000000
1 0.4734375000000000 0.6218750000000000 0.0369791666666667 0.0855468750000000
1 0.4312500000000000 0.6199218750000000 0.0369791666666667 0.0855468750000000
1 0.9697916666666667 0.7363281250000000 0.0468750000000000 0.0863281250000000
1 0.9182291666666667 0.7332031250000000 0.0510416666666667 0.0859375000000000
1 0.7750000000000000 0.7332031250000000 0.0484375000000000 0.0859375000000000
1 0.7255208333333333 0.7312500000000000 0.0442708333333333 0.0816406250000000
1 0.6770833333333334 0.7316406250000000 0.0447916666666667 0.0820312500000000
1 0.6135416666666667 0.7386718750000000 0.0791666666666667 0.0765625000000000
1 0.1708333333333333 0.5566406250000000 0.0619791666666667 0.0625000000000000
1 0.5276041666666667 0.7316406250000000 0.0791666666666667 0.0765625000000000
1 0.4510416666666667 0.7035156250000000 0.0677083333333333 0.0496093750000000
1 0.9791666666666666 0.8648437500000000 0.0401041666666667 0.1101562500000000
1 0.9244791666666666 0.8601562500000000 0.0557291666666667 0.1011718750000000
1 0.3864583333333333 0.5496093750000000 0.0500000000000000 0.0863281250000000
1 0.4619791666666667 0.5332031250000000 0.0885416666666667 0.0582031250000000
1 0.5562500000000000 0.5363281250000000 0.0885416666666667 0.0578125000000000
1 0.6489583333333333 0.5378906250000000 0.0885416666666667 0.0582031250000000
1 0.7369791666666666 0.5347656250000000 0.0833333333333333 0.0496093750000000
1 0.8291666666666667 0.5406250000000000 0.0968750000000000 0.0554687500000000
1 0.9036458333333334 0.5351562500000000 0.0484375000000000 0.0570312500000000
1 0.9614583333333333 0.5363281250000000 0.0625000000000000 0.0582031250000000
1 0.0213541666666667 0.6523437500000000 0.0390625000000000 0.0730468750000000
1 0.0666666666666667 0.6621093750000000 0.0468750000000000 0.0851562500000000
1 0.1213541666666667 0.6664062500000000 0.0505208333333333 0.0839843750000000
1 0.1729166666666667 0.6781250000000000 0.0468750000000000 0.0613281250000000
1 0.2239583333333333 0.6804687500000000 0.0468750000000000 0.0613281250000000
1 0.2750000000000000 0.6808593750000000 0.0468750000000000 0.0554687500000000
1 0.3333333333333333 0.6539062500000000 0.0390625000000000 0.0796875000000000
1 0.3822916666666666 0.6699218750000000 0.0510416666666667 0.0882812500000000
1 0.1671875000000000 0.0726562500000000 0.0901041666666667 0.0453125000000000
1 0.2317708333333333 0.5503906250000000 0.0432291666666667 0.0632812500000000
1 0.0765625000000000 0.1214843750000000 0.0927083333333333 0.0433593750000000
1 0.3338541666666667 0.5488281250000000 0.0500000000000000 0.0863281250000000
1 0.2817708333333334 0.5484375000000000 0.0500000000000000 0.0863281250000000
1 0.3046875000000000 0.3199218750000000 0.0802083333333333 0.0269531250000000
