1 0.4162581699346405 0.5435049019607843 0.0249183006535948 0.0382965686274510
1 0.3901143790849673 0.5456495098039216 0.0228758169934641 0.0321691176470588
1 0.4411764705882353 0.5373774509803921 0.0204248366013072 0.0309436274509804
1 0.7806372549019608 0.6173406862745098 0.0130718954248366 0.0615808823529412
1 0.3206699346405229 0.5125612745098039 0.0910947712418301 0.0291053921568627
1 0.5044934640522876 0.2285539215686274 0.0122549019607843 0.0612745098039216
1 0.5224673202614379 0.2303921568627451 0.0142973856209150 0.0634191176470588
1 0.5392156862745098 0.2319240196078431 0.0106209150326797 0.0557598039215686
1 0.5547385620915033 0.2325367647058824 0.0147058823529412 0.0597426470588235
1 0.0155228758169935 0.2656250000000000 0.0245098039215686 0.0140931372549020
1 0.0134803921568627 0.2812500000000000 0.0241013071895425 0.0122549019607843
1 0.0159313725490196 0.2968750000000000 0.0290032679738562 0.0137867647058824
1 0.0522875816993464 0.2981004901960784 0.0371732026143791 0.0137867647058824
1 0.0539215686274510 0.2843137254901961 0.0371732026143791 0.0110294117647059
1 0.4808006535947713 0.2306985294117647 0.0191993464052288 0.0606617647058824
1 0.0559640522875817 0.2708333333333333 0.0343137254901961 0.0147058823529412
1 0.1548202614379085 0.3109681372549020 0.0363562091503268 0.0695465686274510
1 0.1736111111111111 0.3590686274509804 0.0294117647058824 0.0110294117647059
1 0.1593137254901961 0.3777573529411765 0.0355392156862745 0.0153186274509804
1 0.1768790849673203 0.3970588235294117 0.0298202614379085 0.0110294117647059
1 0.1621732026143791 0.4102328431372549 0.0306372549019608 0.0116421568627451
1 0.1691176470588235 0.4405637254901961 0.0347222222222222 0.0318627450980392
1 0.1707516339869281 0.4806985294117647 0.0306372549019608 0.0232843137254902
1 0.1576797385620915 0.5094975490196079 0.0216503267973856 0.0229779411764706
1 0.0298202614379085 0.3823529411764706 0.0502450980392157 0.1136642156862745
1 0.1025326797385621 0.2849264705882353 0.0428921568627451 0.0373774509803922
1 0.0780228758169935 0.3799019607843137 0.0347222222222222 0.1020220588235294
1 0.4607843137254902 0.2328431372549020 0.0106209150326797 0.0468750000000000
1 0.4285130718954248 0.2306985294117647 0.0159313725490196 0.0487132352941176
1 0.4820261437908497 0.5324754901960784 0.0486111111111111 0.0346200980392157
1 0.2050653594771242 0.1985294117647059 0.0249183006535948 0.0566789215686275
1 0.1482843137254902 0.2089460784313726 0.0134803921568627 0.0300245098039216
1 0.1482843137254902 0.1697303921568628 0.0232843137254902 0.0379901960784314
1 0.1221405228758170 0.1804534313725490 0.0245098039215686 0.0649509803921569
1 0.0894607843137255 0.1675857843137255 0.0273692810457516 0.0870098039215686
1 0.0571895424836601 0.1663602941176471 0.0261437908496732 0.0857843137254902
1 0.0241013071895425 0.1660539215686274 0.0277777777777778 0.0808823529411765
1 0.2279411764705882 0.2025122549019608 0.0167483660130719 0.0600490196078431
1 0.4473039215686275 0.2322303921568628 0.0126633986928105 0.0450367647058824
1 0.2589869281045752 0.2120098039215686 0.0183823529411765 0.0468750000000000
1 0.2790032679738562 0.1746323529411765 0.0208333333333333 0.0245098039215686
1 0.3071895424836601 0.1786151960784314 0.0232843137254902 0.0260416666666667
1 0.3349673202614379 0.1807598039215686 0.0245098039215686 0.0245098039215686
1 0.3141339869281046 0.2181372549019608 0.0196078431372549 0.0484068627450980
1 0.3333333333333333 0.2205882352941176 0.0147058823529412 0.0474877450980392
1 0.3558006535947713 0.2221200980392157 0.0191993464052288 0.0490196078431373
1 0.3790849673202614 0.2242647058823529 0.0151143790849673 0.0435049019607843
1 0.3946078431372549 0.2273284313725490 0.0085784313725490 0.0465686274509804
1 0.4113562091503268 0.2291666666666667 0.0147058823529412 0.0431985294117647
1 0.2859477124183006 0.2138480392156863 0.0245098039215686 0.0386029411764706
1 0.1229575163398693 0.3814338235294117 0.0294117647058824 0.1035539215686275
1 0.0245098039215686 0.5110294117647058 0.0392156862745098 0.1124387254901961
1 0.0653594771241830 0.5085784313725490 0.0298202614379085 0.1056985294117647
1 0.5196078431372549 0.6470588235294118 0.0490196078431373 0.0416666666666667
1 0.5710784313725490 0.6348039215686274 0.0334967320261438 0.0373774509803922
1 0.6156045751633987 0.6185661764705882 0.0494281045751634 0.0370710784313725
1 0.6621732026143791 0.6102941176470589 0.0371732026143791 0.0367647058823529
1 0.7013888888888888 0.6004901960784313 0.0334967320261438 0.0343137254901961
1 0.7410130718954249 0.5931372549019608 0.0322712418300654 0.0346200980392157
1 0.7026143790849673 0.5597426470588235 0.0404411764705882 0.0401348039215686
1 0.7450980392156863 0.5487132352941176 0.0334967320261438 0.0340073529411765
1 0.8169934640522876 0.5579044117647058 0.0147058823529412 0.0563725490196078
1 0.6584967320261438 0.5655637254901961 0.0355392156862745 0.0364583333333333
1 0.8386437908496732 0.5606617647058824 0.0212418300653595 0.0548406862745098
1 0.8860294117647058 0.5640318627450981 0.0147058823529412 0.0582107843137255
1 0.8018790849673203 0.6173406862745098 0.0187908496732026 0.0579044117647059
1 0.8214869281045751 0.6222426470588235 0.0142973856209150 0.0631127450980392
1 0.8447712418300654 0.6231617647058824 0.0138888888888889 0.0585171568627451
1 0.8684640522875817 0.6299019607843137 0.0167483660130719 0.0631127450980392
1 0.8950163398692811 0.6302083333333334 0.0187908496732026 0.0600490196078431
1 0.2181372549019608 0.5269607843137255 0.0882352941176471 0.0324754901960784
1 0.2238562091503268 0.5719975490196079 0.0968137254901961 0.0312500000000000
1 0.3280228758169935 0.5551470588235294 0.0849673202614379 0.0281862745098039
1 0.8639705882352942 0.5618872549019608 0.0179738562091503 0.0643382352941176
1 0.6168300653594772 0.5729166666666666 0.0392156862745098 0.0370710784313725
1 0.5718954248366013 0.5827205882352942 0.0457516339869281 0.0349264705882353
1 0.5277777777777778 0.5962009803921569 0.0383986928104575 0.0441176470588235
1 0.1033496732026144 0.5055147058823529 0.0310457516339869 0.1084558823529412
1 0.1339869281045752 0.5012254901960784 0.0147058823529412 0.1050857843137255
1 0.0371732026143791 0.6384803921568627 0.0445261437908497 0.1035539215686275
1 0.0845588235294118 0.6280637254901961 0.0375816993464052 0.1075367647058824
1 0.1303104575163399 0.6200980392156863 0.0473856209150327 0.0897671568627451
1 0.0204248366013072 0.7647058823529411 0.0343137254901961 0.0974264705882353
1 0.0518790849673203 0.7545955882352942 0.0228758169934641 0.0897671568627451
1 0.0890522875816993 0.7457107843137255 0.0433006535947712 0.0894607843137255
1 0.1294934640522876 0.7362132352941176 0.0330882352941176 0.0989583333333333
1 0.2295751633986928 0.7359068627450981 0.1045751633986928 0.0248161764705882
1 0.2299836601307189 0.6881127450980392 0.1151960784313725 0.0229779411764706
1 0.2312091503267974 0.6277573529411765 0.1115196078431373 0.0441176470588235
1 0.3455882352941176 0.6976102941176471 0.0355392156862745 0.0367647058823529
1 0.3717320261437909 0.6464460784313726 0.0543300653594771 0.0202205882352941
1 0.4248366013071895 0.6335784313725490 0.0420751633986928 0.0180759803921569
1 0.3860294117647059 0.6884191176470589 0.0290032679738562 0.0389093137254902
1 0.4166666666666667 0.6752450980392157 0.0220588235294118 0.0376838235294118
1 0.4444444444444444 0.6675857843137255 0.0269607843137255 0.0300245098039216
1 0.4767156862745098 0.6599264705882353 0.0273692810457516 0.0401348039215686
1 0.4489379084967320 0.5839460784313726 0.0298202614379085 0.0324754901960784
1 0.4881535947712418 0.5778186274509803 0.0273692810457516 0.0431985294117647
1 0.3860294117647059 0.5055147058823529 0.0285947712418301 0.0300245098039216
1 0.4828431372549020 0.4966299019607843 0.0502450980392157 0.0251225490196078
1 0.3288398692810457 0.2821691176470588 0.0191993464052288 0.0474877450980392
1 0.4411764705882353 0.5033700980392157 0.0208333333333333 0.0324754901960784
1 0.2965686274509804 0.3425245098039216 0.0220588235294118 0.0490196078431373
1 0.2777777777777778 0.3431372549019608 0.0118464052287582 0.0462622549019608
1 0.2573529411764706 0.3403799019607843 0.0179738562091503 0.0523897058823529
1 0.2348856209150327 0.3409926470588235 0.0171568627450980 0.0505514705882353
1 0.2107843137254902 0.3400735294117647 0.0232843137254902 0.0493259803921569
1 0.4918300653594771 0.2944240196078431 0.0138888888888889 0.0413602941176471
1 0.4709967320261438 0.2919730392156863 0.0122549019607843 0.0395220588235294
1 0.4542483660130719 0.2904411764705883 0.0098039215686275 0.0435049019607843
1 0.4424019607843137 0.2889093137254902 0.0098039215686275 0.0453431372549020
1 0.4285130718954248 0.2873774509803921 0.0122549019607843 0.0490196078431373
1 0.3157679738562091 0.3431372549019608 0.0130718954248366 0.0465686274509804
1 0.4080882352941176 0.2870710784313725 0.0191993464052288 0.0471813725490196
1 0.3680555555555556 0.2827818627450980 0.0163398692810458 0.0487132352941176
1 0.3496732026143791 0.2815563725490196 0.0130718954248366 0.0477941176470588
1 0.3088235294117647 0.2812500000000000 0.0126633986928105 0.0456495098039216
1 0.2867647058823529 0.2784926470588235 0.0200163398692810 0.0505514705882353
1 0.2095588235294118 0.2723651960784313 0.0208333333333333 0.0456495098039216
1 0.1834150326797385 0.2671568627450980 0.0187908496732026 0.0505514705882353
1 0.5330882352941176 0.3909313725490196 0.0351307189542484 0.0140931372549020
1 0.5310457516339869 0.3661151960784313 0.0383986928104575 0.0202205882352941
1 0.5359477124183006 0.3238357843137255 0.0375816993464052 0.0523897058823529
1 0.7140522875816994 0.3232230392156863 0.0126633986928105 0.0462622549019608
1 0.3872549019607843 0.2861519607843137 0.0138888888888889 0.0456495098039216
1 0.7013888888888888 0.3213848039215687 0.0106209150326797 0.0425857843137255
1 0.3353758169934640 0.3434436274509804 0.0187908496732026 0.0487132352941176
1 0.3786764705882353 0.3446691176470588 0.0208333333333333 0.0456495098039216
1 0.4959150326797386 0.3992034313725490 0.0147058823529412 0.0456495098039216
1 0.4775326797385621 0.4010416666666667 0.0159313725490196 0.0416666666666667
1 0.4587418300653595 0.4010416666666667 0.0191993464052288 0.0447303921568627
1 0.4338235294117647 0.4034926470588235 0.0126633986928105 0.0416666666666667
1 0.4183006535947713 0.4004289215686275 0.0126633986928105 0.0456495098039216
1 0.4015522875816994 0.4025735294117647 0.0155228758169935 0.0450367647058824
1 0.3815359477124183 0.4031862745098039 0.0130718954248366 0.0450367647058824
1 0.3647875816993464 0.4016544117647059 0.0130718954248366 0.0502450980392157
1 0.3443627450980392 0.4007352941176471 0.0208333333333333 0.0453431372549020
1 0.4146241830065360 0.5055147058823529 0.0249183006535948 0.0303308823529412
1 0.3553921568627451 0.3452818627450980 0.0151143790849673 0.0468750000000000
1 0.3251633986928105 0.4028799019607843 0.0147058823529412 0.0484068627450980
1 0.2830882352941176 0.4059436274509804 0.0159313725490196 0.0502450980392157
1 0.2602124183006536 0.4053308823529412 0.0171568627450980 0.0551470588235294
1 0.2361111111111111 0.4056372549019608 0.0196078431372549 0.0508578431372549
1 0.2075163398692811 0.4074754901960784 0.0298202614379085 0.0496323529411765
1 0.4959150326797386 0.3462009803921569 0.0114379084967320 0.0425857843137255
1 0.4779411764705883 0.3471200980392157 0.0187908496732026 0.0413602941176471
1 0.4460784313725490 0.3449754901960784 0.0130718954248366 0.0462622549019608
1 0.4289215686274510 0.3431372549019608 0.0134803921568627 0.0465686274509804
1 0.4138071895424836 0.3458946078431372 0.0130718954248366 0.0428921568627451
1 0.3970588235294117 0.3458946078431372 0.0130718954248366 0.0435049019607843
1 0.3026960784313725 0.4047181372549020 0.0208333333333333 0.0468750000000000
1 0.6875000000000000 0.3238357843137255 0.0098039215686275 0.0520833333333333
1 0.4607843137254902 0.3474264705882353 0.0126633986928105 0.0404411764705882
1 0.6552287581699346 0.3213848039215687 0.0089869281045752 0.0496323529411765
1 0.6196895424836601 0.4525122549019608 0.0232843137254902 0.0508578431372549
1 0.5886437908496732 0.4540441176470588 0.0322712418300654 0.0542279411764706
1 0.5575980392156863 0.4574142156862745 0.0171568627450980 0.0612745098039216
1 0.5236928104575164 0.4580269607843137 0.0339052287581699 0.0643382352941176
1 0.4971405228758170 0.4485294117647059 0.0106209150326797 0.0431985294117647
1 0.4812091503267974 0.4491421568627451 0.0089869281045752 0.0392156862745098
1 0.4689542483660131 0.4509803921568628 0.0114379084967320 0.0382965686274510
1 0.4538398692810457 0.4515931372549020 0.0089869281045752 0.0389093137254902
1 0.4428104575163399 0.4522058823529412 0.0106209150326797 0.0382965686274510
1 0.4048202614379085 0.4568014705882353 0.0187908496732026 0.0444240196078431
1 0.3856209150326798 0.4564950980392157 0.0106209150326797 0.0450367647058824
1 0.1960784313725490 0.4733455882352941 0.0142973856209150 0.0392156862745098
1 0.2165032679738562 0.4672181372549020 0.0175653594771242 0.0490196078431373
1 0.2385620915032680 0.4678308823529412 0.0171568627450980 0.0484068627450980
1 0.2573529411764706 0.4666053921568628 0.0147058823529412 0.0474877450980392
1 0.2749183006535948 0.4702818627450980 0.0093954248366013 0.0407475490196078
1 0.2896241830065360 0.4687500000000000 0.0147058823529412 0.0410539215686275
1 0.3067810457516340 0.4675245098039216 0.0122549019607843 0.0407475490196078
1 0.3235294117647059 0.4626225490196079 0.0147058823529412 0.0450367647058824
1 0.3394607843137255 0.4607843137254902 0.0134803921568627 0.0425857843137255
1 0.3594771241830065 0.4589460784313725 0.0126633986928105 0.0450367647058824
1 0.3729575163398693 0.4580269607843137 0.0089869281045752 0.0444240196078431
1 0.6727941176470589 0.3210784313725490 0.0138888888888889 0.0465686274509804
1 0.6466503267973857 0.4531250000000000 0.0228758169934641 0.0523897058823529
1 0.6748366013071896 0.4488357843137255 0.0216503267973856 0.0484068627450980
1 0.4248366013071895 0.4540441176470588 0.0147058823529412 0.0364583333333333
1 0.7340686274509803 0.4479166666666667 0.0212418300653595 0.0514705882352941
1 0.6413398692810458 0.3186274509803921 0.0155228758169935 0.0490196078431373
1 0.6172385620915033 0.3174019607843137 0.0110294117647059 0.0465686274509804
1 0.6029411764705882 0.3146446078431372 0.0102124183006536 0.0493259803921569
1 0.7062908496732027 0.4466911764705883 0.0236928104575163 0.0468750000000000
1 0.5816993464052288 0.3094362745098039 0.0106209150326797 0.0591299019607843
1 0.5682189542483660 0.3109681372549020 0.0147058823529412 0.0594362745098039
1 0.7308006535947712 0.3857230392156863 0.0187908496732026 0.0517769607843137
1 0.7042483660130719 0.3835784313725490 0.0196078431372549 0.0523897058823529
1 0.6732026143790850 0.3854166666666667 0.0216503267973856 0.0511642156862745
1 0.6437908496732027 0.3835784313725490 0.0241013071895425 0.0520833333333333
1 0.6094771241830066 0.3851102941176471 0.0359477124183007 0.0554534313725490
1 0.5710784313725490 0.3823529411764706 0.0208333333333333 0.0569852941176471
1 0.5906862745098039 0.3097426470588235 0.0093954248366013 0.0569852941176471
1 0.5322712418300654 0.5278799019607843 0.0477941176470588 0.0416666666666667
1 0.8419117647058824 0.4856004901960784 0.0245098039215686 0.0257352941176471
1 0.5808823529411765 0.5199142156862745 0.0437091503267974 0.0450367647058824
1 0.6294934640522876 0.5134803921568627 0.0461601307189543 0.0435049019607843
1 0.6748366013071896 0.5085784313725490 0.0388071895424837 0.0471813725490196
1 0.7544934640522876 0.4987745098039216 0.0424836601307190 0.0367647058823529
1 0.7941176470588235 0.4935661764705883 0.0306372549019608 0.0291053921568627
1 0.7136437908496732 0.5009191176470589 0.0314542483660131 0.0361519607843137
1 0.8194444444444444 0.4880514705882353 0.0134803921568627 0.0306372549019608
1 0.7888071895424836 0.5395220588235294 0.0261437908496732 0.0349264705882353
