1 0.5643518518518519 0.3567708333333333 0.0370370370370370 0.0549479166666667
1 0.7888888888888889 0.3515625000000000 0.0268518518518519 0.0432291666666667
1 0.7592592592592593 0.3531250000000000 0.0342592592592593 0.0416666666666667
1 0.7231481481481481 0.3588541666666666 0.0300925925925926 0.0346354166666667
1 0.6912037037037037 0.3572916666666667 0.0337962962962963 0.0375000000000000
1 0.6587962962962963 0.3598958333333334 0.0300925925925926 0.0367187500000000
1 0.6277777777777778 0.3559895833333334 0.0300925925925926 0.0500000000000000
1 0.5972222222222222 0.3552083333333333 0.0300925925925926 0.0523437500000000
1 0.8143518518518519 0.3518229166666667 0.0208333333333333 0.0393229166666667
1 0.3782407407407408 0.3669270833333333 0.0509259259259259 0.0445312500000000
1 0.4935185185185185 0.3666666666666666 0.0356481481481482 0.0414062500000000
1 0.4087962962962963 0.5768229166666666 0.0569444444444444 0.0643229166666667
1 0.4203703703703704 0.3671875000000000 0.0291666666666667 0.0408854166666667
1 0.3268518518518518 0.3656250000000000 0.0439814814814815 0.0528645833333333
1 0.2851851851851852 0.3718750000000000 0.0388888888888889 0.0411458333333333
1 0.2453703703703704 0.3734375000000000 0.0375000000000000 0.0437500000000000
1 0.2009259259259259 0.3729166666666667 0.0439814814814815 0.0434895833333333
1 0.8388888888888889 0.3510416666666666 0.0259259259259259 0.0408854166666667
1 0.1509259259259259 0.3765625000000000 0.0504629629629630 0.0437500000000000
1 0.5277777777777778 0.3565104166666667 0.0328703703703704 0.0546875000000000
1 0.8620370370370370 0.3502604166666667 0.0171296296296296 0.0393229166666667
1 0.6180555555555556 0.4559895833333333 0.0379629629629630 0.0632812500000000
1 0.9023148148148148 0.3479166666666667 0.0226851851851852 0.0377604166666667
1 0.0796296296296296 0.3669270833333333 0.0861111111111111 0.0630208333333333
1 0.2393518518518518 0.6039062500000000 0.0587962962962963 0.0583333333333333
1 0.1824074074074074 0.6088541666666667 0.0560185185185185 0.0572916666666667
1 0.1106481481481481 0.6234375000000000 0.0870370370370370 0.0468750000000000
1 0.8675925925925926 0.4453125000000000 0.0726851851851852 0.0382812500000000
1 0.8087962962962963 0.4421875000000000 0.0449074074074074 0.0565104166666667
1 0.7680555555555556 0.4460937500000000 0.0356481481481482 0.0617187500000000
1 0.7328703703703704 0.4468750000000000 0.0324074074074074 0.0588541666666667
1 0.6958333333333333 0.4502604166666667 0.0430555555555556 0.0596354166666667
1 0.6555555555555556 0.4531250000000000 0.0342592592592593 0.0588541666666667
1 0.5750000000000000 0.4575520833333334 0.0421296296296296 0.0648437500000000
1 0.5268518518518519 0.4645833333333333 0.0458333333333333 0.0658854166666667
1 0.4754629629629630 0.4690104166666667 0.0550925925925926 0.0562500000000000
1 0.3916666666666667 0.4731770833333334 0.0555555555555556 0.0677083333333333
1 0.3328703703703704 0.4760416666666666 0.0615740740740741 0.0611979166666667
1 0.1995370370370370 0.4489583333333333 0.0907407407407407 0.0223958333333333
1 0.2611111111111111 0.4932291666666667 0.0787037037037037 0.0518229166666667
1 0.1782407407407407 0.4973958333333333 0.0828703703703704 0.0562500000000000
1 0.0898148148148148 0.5026041666666666 0.0847222222222222 0.0544270833333333
1 0.8796296296296297 0.3500000000000000 0.0180555555555556 0.0401041666666667
1 0.9722222222222222 0.4833333333333333 0.0518518518518519 0.0309895833333333
1 0.3722222222222222 0.1531250000000000 0.0615740740740741 0.0604166666666667
1 0.9847222222222223 0.4010416666666667 0.0268518518518519 0.0328125000000000
1 0.4694444444444444 0.1593750000000000 0.0550925925925926 0.0572916666666667
1 0.3027777777777778 0.1481770833333333 0.0458333333333333 0.0700520833333333
1 0.2476851851851852 0.1348958333333333 0.0638888888888889 0.0838541666666667
1 0.1504629629629630 0.1338541666666667 0.0939814814814815 0.0973958333333333
1 0.9615740740740740 0.0268229166666667 0.0805555555555556 0.0505208333333333
1 0.9509259259259260 0.0976562500000000 0.0773148148148148 0.0218750000000000
1 0.9648148148148148 0.1257812500000000 0.0708333333333333 0.0343750000000000
1 0.9828703703703704 0.2242187500000000 0.0342592592592593 0.0869791666666667
1 0.9388888888888889 0.2250000000000000 0.0532407407407407 0.0880208333333333
1 0.5513888888888889 0.1669270833333333 0.0504629629629630 0.0567708333333333
1 0.8773148148148148 0.2283854166666667 0.0615740740740741 0.0476562500000000
1 0.7523148148148148 0.2276041666666667 0.0657407407407407 0.0523437500000000
1 0.6828703703703703 0.2255208333333333 0.0722222222222222 0.0500000000000000
1 0.6074074074074074 0.2244791666666667 0.0782407407407407 0.0523437500000000
1 0.5282407407407408 0.2223958333333333 0.0828703703703704 0.0526041666666667
1 0.4472222222222222 0.2195312500000000 0.0768518518518519 0.0575520833333333
1 0.3643518518518519 0.2177083333333333 0.0856481481481482 0.0557291666666667
1 0.2703703703703704 0.2156250000000000 0.1041666666666667 0.0593750000000000
1 0.1666666666666667 0.2140625000000000 0.0981481481481482 0.0596354166666667
1 0.0583333333333333 0.2117187500000000 0.1111111111111111 0.0614583333333333
1 0.8171296296296297 0.2294270833333333 0.0611111111111111 0.0484375000000000
1 0.9175925925925926 0.4903645833333333 0.0550925925925926 0.0328125000000000
1 0.6634259259259260 0.1690104166666667 0.0615740740740741 0.0580729166666667
1 0.2495370370370370 0.0510416666666667 0.0736111111111111 0.0833333333333333
1 0.9398148148148148 0.4026041666666667 0.0662037037037037 0.0302083333333333
1 0.9564814814814815 0.3333333333333333 0.0828703703703704 0.0239583333333333
1 0.8828703703703704 0.2723958333333333 0.0592592592592593 0.0377604166666667
1 0.8231481481481482 0.2726562500000000 0.0601851851851852 0.0367187500000000
1 0.7569444444444444 0.2742187500000000 0.0694444444444444 0.0403645833333333
1 0.6824074074074075 0.2723958333333333 0.0773148148148148 0.0408854166666667
1 0.6087962962962963 0.2742187500000000 0.0750000000000000 0.0434895833333333
1 0.5273148148148148 0.2742187500000000 0.0805555555555556 0.0476562500000000
1 0.4611111111111111 0.3158854166666666 0.0097222222222222 0.0075520833333333
1 0.7495370370370370 0.1763020833333333 0.0550925925925926 0.0502604166666667
1 0.4486111111111111 0.2723958333333333 0.0796296296296296 0.0473958333333333
1 0.1689814814814815 0.2755208333333333 0.1032407407407407 0.0536458333333333
1 0.0685185185185185 0.2755208333333333 0.0986111111111111 0.0536458333333333
1 0.0333333333333333 0.1247395833333333 0.0671296296296296 0.1109375000000000
1 0.0375000000000000 0.0320312500000000 0.0638888888888889 0.0549479166666667
1 0.7300925925925926 0.0812500000000000 0.0546296296296296 0.0838541666666667
1 0.6189814814814815 0.0591145833333333 0.0736111111111111 0.0835937500000000
1 0.5296296296296297 0.0559895833333333 0.0629629629629630 0.0807291666666667
1 0.4541666666666667 0.0513020833333333 0.0907407407407407 0.0901041666666667
1 0.3324074074074074 0.0505208333333333 0.0717592592592593 0.0919270833333333
1 0.2731481481481481 0.2731770833333333 0.0986111111111111 0.0523437500000000
1 0.3638888888888889 0.2729166666666666 0.0842592592592593 0.0497395833333333
1 0.4560185185185185 0.3666666666666666 0.0388888888888889 0.0406250000000000
1 0.5143518518518518 0.5671875000000000 0.0490740740740741 0.0606770833333333
1 0.6870370370370370 0.6393229166666666 0.0773148148148148 0.0169270833333333
1 0.6319444444444444 0.6463541666666667 0.0328703703703704 0.0143229166666667
1 0.6000000000000000 0.6505208333333333 0.0300925925925926 0.0161458333333333
1 0.5671296296296297 0.6544270833333333 0.0314814814814815 0.0145833333333333
1 0.5347222222222222 0.6609375000000000 0.0333333333333333 0.0145833333333333
1 0.6328703703703704 0.6278645833333333 0.0273148148148148 0.0161458333333333
1 0.6013888888888889 0.6312500000000000 0.0328703703703704 0.0184895833333333
1 0.5662037037037037 0.6356770833333333 0.0296296296296296 0.0177083333333333
1 0.5305555555555556 0.6419270833333334 0.0361111111111111 0.0177083333333333
1 0.4745370370370370 0.6596354166666667 0.0759259259259259 0.0315104166666667
1 0.3935185185185185 0.6723958333333333 0.0805555555555556 0.0330729166666667
1 0.3101851851851852 0.6833333333333333 0.0824074074074074 0.0346354166666667
1 0.2240740740740741 0.6984375000000000 0.0847222222222222 0.0367187500000000
1 0.1324074074074074 0.7143229166666667 0.0976851851851852 0.0398437500000000
1 0.0467592592592593 0.7109375000000000 0.0601851851851852 0.0739583333333333
1 0.9694444444444444 0.5526041666666667 0.0574074074074074 0.0252604166666667
1 0.9157407407407407 0.5570312500000000 0.0509259259259259 0.0276041666666667
1 0.8518518518518519 0.5341145833333333 0.0518518518518519 0.0419270833333333
1 0.7958333333333333 0.5380208333333333 0.0356481481481482 0.0466145833333333
1 0.7643518518518518 0.6140625000000000 0.0787037037037037 0.0127604166666667
1 0.7773148148148148 0.6286458333333333 0.0800925925925926 0.0145833333333333
1 0.8435185185185186 0.6054687500000000 0.0629629629629630 0.0140625000000000
1 0.8458333333333333 0.6195312500000000 0.0564814814814815 0.0143229166666667
1 0.7069444444444445 0.7304687500000000 0.0523148148148148 0.0312500000000000
1 0.6625000000000000 0.7356770833333334 0.0319444444444444 0.0388020833333333
1 0.6314814814814815 0.7406250000000000 0.0314814814814815 0.0388020833333333
1 0.5986111111111111 0.7473958333333334 0.0328703703703704 0.0429687500000000
1 0.5421296296296296 0.7531250000000000 0.0759259259259259 0.0385416666666667
1 0.4629629629629630 0.7546875000000000 0.0805555555555556 0.0669270833333333
1 0.4050925925925926 0.7841145833333333 0.0319444444444444 0.0440104166666667
1 0.3694444444444445 0.7880208333333333 0.0393518518518519 0.0390625000000000
1 0.3222222222222222 0.7992187500000000 0.0564814814814815 0.0429687500000000
1 0.2962962962962963 0.5968750000000000 0.0550925925925926 0.0679687500000000
1 0.2620370370370370 0.8093750000000000 0.0592592592592593 0.0440104166666667
1 0.1657407407407407 0.8101562500000000 0.0407407407407407 0.0856770833333333
1 0.1180555555555556 0.8200520833333333 0.0564814814814815 0.0812500000000000
1 0.0671296296296296 0.8445312500000000 0.0449074074074074 0.0541666666666667
1 0.0259259259259259 0.8520833333333333 0.0356481481481482 0.0507812500000000
1 0.9523148148148148 0.6841145833333333 0.0486111111111111 0.0270833333333333
1 0.8967592592592593 0.6919270833333333 0.0634259259259259 0.0268229166666667
1 0.8939814814814815 0.6322916666666667 0.0300925925925926 0.0489583333333333
1 0.9833333333333333 0.6270833333333333 0.0351851851851852 0.0354166666666667
1 0.9370370370370370 0.6218750000000000 0.0546296296296296 0.0468750000000000
1 0.2092592592592593 0.8033854166666666 0.0439814814814815 0.0794270833333333
1 0.4643518518518518 0.5729166666666666 0.0500000000000000 0.0726562500000000
1 0.3509259259259259 0.5893229166666667 0.0527777777777778 0.0591145833333333
1 0.5736111111111111 0.5622395833333333 0.0560185185185185 0.0505208333333333
1 0.6268518518518519 0.5570312500000000 0.0481481481481481 0.0536458333333333
1 0.6939814814814815 0.5447916666666667 0.0726851851851852 0.0500000000000000
1 0.7550925925925925 0.5484375000000000 0.0435185185185185 0.0429687500000000
