1 0.7928082191780822 0.5987980769230770 0.0736301369863014 0.0105769230769231
1 0.5809075342465754 0.3752403846153846 0.0646404109589041 0.0384615384615385
1 0.5201198630136986 0.4132211538461538 0.0667808219178082 0.0375000000000000
1 0.5830479452054794 0.4127403846153846 0.0603595890410959 0.0367788461538462
1 0.6836472602739726 0.3680288461538462 0.1288527397260274 0.0312500000000000
1 0.6836472602739726 0.4086538461538461 0.1284246575342466 0.0451923076923077
1 0.8240582191780822 0.3656250000000000 0.1361301369863014 0.0314903846153846
1 0.8270547945205480 0.4088942307692308 0.1297089041095890 0.0432692307692308
1 0.9516267123287672 0.3795673076923077 0.0928938356164384 0.0350961538461538
1 0.9550513698630136 0.4163461538461539 0.0907534246575342 0.0317307692307692
1 0.5184075342465754 0.3745192307692308 0.0509417808219178 0.0346153846153846
1 0.0505136986301370 0.5555288461538461 0.0971746575342466 0.0295673076923077
1 0.1455479452054795 0.5519230769230770 0.0736301369863014 0.0293269230769231
1 0.1408390410958904 0.5887019230769230 0.0684931506849315 0.0384615384615385
1 0.2153253424657534 0.5531250000000000 0.0633561643835616 0.0293269230769231
1 0.2161815068493151 0.5908653846153846 0.0650684931506849 0.0430288461538462
1 0.2851027397260274 0.5538461538461539 0.0616438356164384 0.0286057692307692
1 0.2880993150684932 0.5906250000000000 0.0633561643835616 0.0425480769230769
1 0.5085616438356164 0.5528846153846154 0.0864726027397260 0.0218750000000000
1 0.3750000000000000 0.5543269230769231 0.1100171232876712 0.0295673076923077
1 0.3741438356164384 0.5915865384615384 0.0993150684931507 0.0396634615384615
1 0.0483732876712329 0.5896634615384615 0.0924657534246575 0.0382211538461538
1 0.4357876712328767 0.4139423076923077 0.0988869863013699 0.0367788461538462
1 0.4375000000000000 0.3774038461538461 0.0933219178082192 0.0358173076923077
1 0.3351883561643836 0.4139423076923077 0.0817636986301370 0.0341346153846154
1 0.0817636986301370 0.2786057692307692 0.0697773972602740 0.0346153846153846
1 0.1652397260273973 0.2778846153846154 0.0787671232876712 0.0334134615384615
1 0.1130136986301370 0.3180288461538461 0.0590753424657534 0.0367788461538462
1 0.1862157534246575 0.3168269230769231 0.0783390410958904 0.0367788461538462
1 0.2808219178082192 0.2805288461538462 0.1262842465753425 0.0312500000000000
1 0.2940924657534247 0.3173076923076923 0.1352739726027397 0.0350961538461538
1 0.4225171232876712 0.2798076923076923 0.1494006849315068 0.0370192307692308
1 0.4263698630136986 0.3177884615384615 0.1228595890410959 0.0362980769230769
1 0.5847602739726028 0.2766826923076923 0.1660958904109589 0.0403846153846154
1 0.5839041095890410 0.3163461538461538 0.1690924657534247 0.0331730769230769
1 0.7358732876712328 0.2752403846153846 0.1057363013698630 0.0350961538461538
1 0.7345890410958904 0.3163461538461538 0.0988869863013699 0.0379807692307692
1 0.8467465753424658 0.2778846153846154 0.0920376712328767 0.0307692307692308
1 0.8411815068493150 0.3153846153846154 0.0971746575342466 0.0324519230769231
1 0.9563356164383562 0.2771634615384616 0.0894691780821918 0.0343750000000000
1 0.9520547945205480 0.3141826923076923 0.0976027397260274 0.0336538461538462
1 0.1352739726027397 0.3771634615384615 0.0749143835616438 0.0302884615384615
1 0.1429794520547945 0.4115384615384615 0.0774828767123288 0.0317307692307692
1 0.2358732876712329 0.3750000000000000 0.0958904109589041 0.0379807692307692
1 0.2422945205479452 0.4125000000000000 0.0916095890410959 0.0314903846153846
1 0.3347602739726027 0.3759615384615385 0.0894691780821918 0.0350961538461538
1 0.4888698630136986 0.5920673076923076 0.1151541095890411 0.0454326923076923
1 0.0582191780821918 0.4471153846153846 0.1035958904109589 0.0814903846153846
1 0.6040239726027398 0.5923076923076923 0.1104452054794521 0.0480769230769231
1 0.8809931506849316 0.5896634615384615 0.0757705479452055 0.0115384615384615
1 0.7328767123287672 0.6519230769230769 0.0821917808219178 0.0329326923076923
1 0.7277397260273972 0.6899038461538461 0.0890410958904110 0.0346153846153846
1 0.8240582191780822 0.6545673076923076 0.0890410958904110 0.0331730769230769
1 0.8193493150684932 0.6918269230769231 0.0886130136986301 0.0360576923076923
1 0.9105308219178082 0.6918269230769231 0.0749143835616438 0.0387019230769231
1 0.9743150684931506 0.6581730769230769 0.0522260273972603 0.0379807692307692
1 0.9798801369863014 0.6971153846153846 0.0419520547945205 0.0372596153846154
1 0.0526541095890411 0.7466346153846154 0.1014554794520548 0.0447115384615385
1 0.0539383561643836 0.7875000000000000 0.1040239726027397 0.0358173076923077
1 0.6369863013698630 0.6906250000000000 0.0869006849315068 0.0362980769230769
1 0.1588184931506849 0.7649038461538461 0.0963184931506849 0.0764423076923077
1 0.3702910958904110 0.7709134615384615 0.1220034246575342 0.0716346153846154
1 0.4922945205479452 0.7425480769230769 0.1001712328767123 0.0389423076923077
1 0.4910102739726027 0.7862980769230770 0.0937500000000000 0.0454326923076923
1 0.6048801369863014 0.7437500000000000 0.0997431506849315 0.0415865384615385
1 0.5963184931506850 0.7906250000000000 0.0993150684931507 0.0466346153846154
1 0.7157534246575342 0.7466346153846154 0.1035958904109589 0.0449519230769231
1 0.7097602739726028 0.7923076923076923 0.1048801369863014 0.0454326923076923
1 0.8317636986301370 0.7490384615384615 0.0920376712328767 0.0449519230769231
1 0.8219178082191780 0.7954326923076923 0.0976027397260274 0.0420673076923077
1 0.2602739726027397 0.7699519230769231 0.0933219178082192 0.0721153846153846
1 0.6416952054794520 0.6526442307692307 0.0830479452054795 0.0343750000000000
1 0.5406678082191780 0.6875000000000000 0.0907534246575342 0.0372596153846154
1 0.5428082191780822 0.6504807692307693 0.0869006849315068 0.0346153846153846
1 0.8758561643835616 0.6004807692307692 0.0736301369863014 0.0093750000000000
1 0.7919520547945206 0.5872596153846154 0.0766267123287671 0.0093750000000000
1 0.7919520547945206 0.5735576923076923 0.0804794520547945 0.0177884615384615
1 0.7059075342465754 0.5706730769230769 0.0796232876712329 0.0168269230769231
1 0.7054794520547946 0.5872596153846154 0.0723458904109589 0.0117788461538462
1 0.7033390410958904 0.5990384615384615 0.0830479452054795 0.0112980769230769
1 0.7067636986301370 0.6120192307692308 0.0813356164383562 0.0105769230769231
1 0.7889554794520548 0.6122596153846154 0.0830479452054795 0.0134615384615385
1 0.8690068493150684 0.6127403846153846 0.0774828767123288 0.0122596153846154
1 0.9580479452054794 0.5680288461538462 0.0796232876712329 0.0331730769230769
1 0.9636130136986302 0.6038461538461538 0.0736301369863014 0.0302884615384615
1 0.0488013698630137 0.6408653846153847 0.0847602739726027 0.0298076923076923
1 0.0488013698630137 0.6747596153846154 0.0851883561643836 0.0355769230769231
1 0.1481164383561644 0.6456730769230770 0.0958904109589041 0.0322115384615385
1 0.2495719178082192 0.6473557692307692 0.0933219178082192 0.0355769230769231
1 0.1511130136986301 0.6829326923076923 0.0937500000000000 0.0375000000000000
1 0.2482876712328767 0.6834134615384615 0.0869006849315068 0.0338942307692308
1 0.3458904109589041 0.6463942307692307 0.0984589041095890 0.0362980769230769
1 0.3467465753424658 0.6875000000000000 0.0920376712328767 0.0372596153846154
1 0.4469178082191781 0.6502403846153846 0.0907534246575342 0.0343750000000000
1 0.4430650684931507 0.6862980769230769 0.0916095890410959 0.0346153846153846
1 0.8758561643835616 0.5742788461538462 0.0821917808219178 0.0168269230769231
1 0.9242294520547946 0.7649038461538461 0.0847602739726027 0.0406250000000000
1 0.0440924657534247 0.3324519230769231 0.0667808219178082 0.0752403846153846
1 0.9302226027397260 0.1759615384615385 0.0629280821917808 0.0334134615384615
1 0.8450342465753424 0.5115384615384615 0.0719178082191781 0.0305288461538462
1 0.9469178082191780 0.4923076923076923 0.1091609589041096 0.0711538461538462
1 0.1618150684931507 0.0716346153846154 0.2983732876712329 0.1362980769230769
1 0.4152397260273973 0.0836538461538461 0.1729452054794521 0.1026442307692308
1 0.5753424657534246 0.0677884615384615 0.1429794520547945 0.1331730769230769
1 0.7504280821917808 0.0704326923076923 0.1986301369863014 0.1242788461538462
1 0.8441780821917808 0.4781250000000000 0.0787671232876712 0.0331730769230769
1 0.9280821917808220 0.0680288461538461 0.1438356164383562 0.1192307692307692
1 0.0517979452054795 0.2182692307692308 0.0650684931506849 0.0360576923076923
1 0.1708047945205479 0.1961538461538462 0.0475171232876712 0.0161057692307692
1 0.1185787671232877 0.1925480769230769 0.0410958904109589 0.0254807692307692
1 0.1104452054794521 0.2213942307692308 0.0458047945205479 0.0305288461538462
1 0.1673801369863014 0.2201923076923077 0.0530821917808219 0.0278846153846154
1 0.2470034246575342 0.1930288461538462 0.0971746575342466 0.0264423076923077
1 0.0475171232876712 0.1790865384615385 0.0654965753424658 0.0370192307692308
1 0.7624143835616438 0.5108173076923077 0.0817636986301370 0.0290865384615385
1 0.7615582191780822 0.4774038461538462 0.0843321917808219 0.0343750000000000
1 0.6832191780821918 0.5091346153846154 0.0689212328767123 0.0329326923076923
1 0.9041095890410958 0.6487980769230769 0.0573630136986301 0.0194711538461538
1 0.1408390410958904 0.5036057692307693 0.0642123287671233 0.0314903846153846
1 0.2174657534246575 0.4774038461538462 0.0676369863013699 0.0151442307692308
1 0.2136130136986301 0.5057692307692307 0.0770547945205479 0.0334134615384615
1 0.2902397260273973 0.4745192307692307 0.0761986301369863 0.0213942307692308
1 0.2889554794520548 0.5045673076923077 0.0697773972602740 0.0358173076923077
1 0.3698630136986301 0.4776442307692308 0.0650684931506849 0.0180288461538462
1 0.3642979452054795 0.5043269230769231 0.0672089041095890 0.0305288461538462
1 0.4469178082191781 0.4774038461538462 0.0693493150684932 0.0175480769230769
1 0.4434931506849315 0.5048076923076923 0.0710616438356164 0.0312500000000000
1 0.5256849315068494 0.4733173076923077 0.0650684931506849 0.0379807692307692
1 0.5188356164383562 0.5108173076923077 0.0684931506849315 0.0264423076923077
1 0.6057363013698630 0.4759615384615384 0.0667808219178082 0.0360576923076923
1 0.6053082191780822 0.5115384615384615 0.0787671232876712 0.0278846153846154
1 0.6789383561643836 0.4733173076923077 0.0689212328767123 0.0331730769230769
1 0.2448630136986301 0.2206730769230769 0.0928938356164384 0.0290865384615385
1 0.9426369863013698 0.2146634615384615 0.0706335616438356 0.0360576923076923
1 0.9225171232876712 0.8055288461538461 0.0770547945205479 0.0331730769230769
1 0.6284246575342466 0.1730769230769231 0.0693493150684932 0.0394230769230769
1 0.8497431506849316 0.2110576923076923 0.0689212328767123 0.0338942307692308
1 0.7773972602739726 0.2098557692307692 0.0774828767123288 0.0456730769230769
1 0.8553082191780822 0.1706730769230769 0.0625000000000000 0.0394230769230769
1 0.7782534246575342 0.1687500000000000 0.0659246575342466 0.0334134615384615
1 0.6990582191780822 0.2129807692307692 0.0659246575342466 0.0401442307692308
1 0.6297089041095890 0.2144230769230769 0.0637842465753425 0.0355769230769231
1 0.7076198630136986 0.1685096153846154 0.0659246575342466 0.0394230769230769
1 0.5393835616438356 0.2038461538461538 0.0967465753424658 0.0603365384615385
1 0.4340753424657534 0.2004807692307692 0.0997431506849315 0.0632211538461538
1 0.3351883561643836 0.2209134615384615 0.0817636986301370 0.0293269230769231
1 0.3403253424657534 0.1913461538461538 0.0791952054794521 0.0230769230769231
