1 0.3884803921568628 0.4160539215686275 0.1004901960784314 0.0159313725490196
1 0.3901143790849673 0.4341299019607843 0.1074346405228758 0.0202205882352941
1 0.3905228758169935 0.4564950980392157 0.1078431372549020 0.0217524509803922
1 0.2765522875816994 0.4353553921568628 0.1131535947712418 0.0306372549019608
1 0.2790032679738562 0.4672181372549020 0.1107026143790850 0.0300245098039216
1 0.1605392156862745 0.4359681372549020 0.1168300653594771 0.0318627450980392
1 0.0498366013071895 0.4178921568627451 0.1000816993464052 0.0174632352941176
1 0.3276143790849673 0.1087622549019608 0.1262254901960784 0.0484068627450980
1 0.3267973856209150 0.1525735294117647 0.1278594771241830 0.0367647058823529
1 0.0498366013071895 0.4371936274509804 0.1000816993464052 0.0180759803921569
1 0.0510620915032680 0.4561887254901961 0.1025326797385621 0.0186887254901961
1 0.0522875816993464 0.4754901960784313 0.1013071895424837 0.0199142156862745
1 0.0625000000000000 0.3253676470588235 0.1254084967320261 0.0235906862745098
1 0.1629901960784314 0.4678308823529412 0.1184640522875817 0.0315563725490196
1 0.7389705882352942 0.0416666666666667 0.1221405228758170 0.0245098039215686
1 0.1862745098039216 0.3281250000000000 0.1037581699346405 0.0174632352941176
1 0.2005718954248366 0.1424632352941176 0.1221405228758170 0.0220588235294118
1 0.0718954248366013 0.1593137254901961 0.1262254901960784 0.0235906862745098
1 0.8345588235294118 0.3560049019607843 0.1082516339869281 0.0266544117647059
1 0.5142973856209150 0.3272058823529412 0.1160130718954248 0.0425857843137255
1 0.6274509803921569 0.3590686274509804 0.0992647058823529 0.0180759803921569
1 0.6254084967320261 0.3400735294117647 0.1000816993464052 0.0174632352941176
1 0.6245915032679739 0.3195465686274510 0.1008986928104575 0.0214460784313725
1 0.7275326797385621 0.3799019607843137 0.1004901960784314 0.0174632352941176
1 0.7287581699346405 0.3596813725490196 0.1017156862745098 0.0171568627450980
1 0.7279411764705882 0.3409926470588235 0.1029411764705882 0.0193014705882353
1 0.7299836601307189 0.3195465686274510 0.1000816993464052 0.0189950980392157
1 0.3950163398692810 0.3596813725490196 0.1168300653594771 0.0272671568627451
1 0.3954248366013072 0.3370098039215687 0.1180555555555556 0.0189950980392157
1 0.2847222222222222 0.3621323529411765 0.1008986928104575 0.0156250000000000
1 0.2859477124183006 0.3458946078431372 0.1029411764705882 0.0153186274509804
1 0.1781045751633987 0.3621323529411765 0.1053921568627451 0.0153186274509804
1 0.1797385620915033 0.3446691176470588 0.1066176470588235 0.0153186274509804
1 0.5040849673202614 0.4583333333333333 0.1139705882352941 0.0251225490196078
1 0.0612745098039216 0.3492647058823529 0.1229575163398693 0.0245098039215686
1 0.2009803921568628 0.1200980392156863 0.1229575163398693 0.0226715686274510
1 0.2022058823529412 0.1642156862745098 0.1217320261437908 0.0174632352941176
1 0.5008169934640523 0.4243259803921569 0.1135620915032680 0.0382965686274510
1 0.9064542483660131 0.4491421568627451 0.0915032679738562 0.0202205882352941
1 0.7107843137254902 0.4574142156862745 0.0972222222222222 0.0159313725490196
1 0.4750816993464052 0.0370710784313725 0.1311274509803922 0.0202205882352941
1 0.4771241830065360 0.0143995098039216 0.1307189542483660 0.0232843137254902
1 0.6041666666666666 0.0625000000000000 0.1278594771241830 0.0202205882352941
1 0.6053921568627451 0.0392156862745098 0.1303104575163399 0.0275735294117647
1 0.6082516339869281 0.0143995098039216 0.1286764705882353 0.0208333333333333
1 0.7169117647058824 0.1773897058823529 0.1062091503267974 0.0186887254901961
1 0.5812908496732027 0.1525735294117647 0.1245915032679739 0.0211397058823529
1 0.9505718954248366 0.1712622549019608 0.0976307189542484 0.0315563725490196
1 0.8198529411764706 0.1378676470588235 0.1041666666666667 0.0235906862745098
1 0.8227124183006536 0.1605392156862745 0.1033496732026144 0.0196078431372549
1 0.8218954248366013 0.1804534313725490 0.1045751633986928 0.0183823529411765
1 0.8651960784313726 0.0263480392156863 0.1196895424836601 0.0291053921568627
1 0.9620098039215687 0.0306372549019608 0.0739379084967320 0.0263480392156863
1 0.9603758169934641 0.0575980392156863 0.0776143790849673 0.0242034313725490
1 0.8607026143790850 0.0517769607843137 0.1217320261437908 0.0180759803921569
1 0.0710784313725490 0.1369485294117647 0.1278594771241830 0.0189950980392157
1 0.8590686274509803 0.0701593137254902 0.1188725490196078 0.0165441176470588
1 0.9599673202614379 0.0793504901960784 0.0800653594771242 0.0189950980392157
1 0.7414215686274510 0.0186887254901961 0.1278594771241830 0.0217524509803922
1 0.4738562091503268 0.0594362745098039 0.1282679738562091 0.0223651960784314
1 0.7058823529411765 0.4739583333333333 0.0984477124183007 0.0165441176470588
1 0.3427287581699346 0.0281862745098039 0.1343954248366013 0.0294117647058824
1 0.2030228758169935 0.0183823529411765 0.1417483660130719 0.0291053921568627
1 0.7136437908496732 0.4402573529411765 0.0927287581699346 0.0162377450980392
1 0.7156862745098039 0.4227941176470588 0.0968137254901961 0.0159313725490196
1 0.8022875816993464 0.4733455882352941 0.0939542483660131 0.0156250000000000
1 0.8071895424836601 0.4583333333333333 0.0964052287581699 0.0147058823529412
1 0.8108660130718954 0.4414828431372549 0.0935457516339869 0.0162377450980392
1 0.8088235294117647 0.4240196078431372 0.0935457516339869 0.0159313725490196
1 0.9044117647058824 0.4715073529411765 0.1086601307189543 0.0199142156862745
1 0.7357026143790850 0.0640318627450980 0.1258169934640523 0.0208333333333333
1 0.9301470588235294 0.5594362745098039 0.0976307189542484 0.0193014705882353
1 0.9325980392156863 0.5392156862745098 0.1008986928104575 0.0211397058823529
1 0.9276960784313726 0.5165441176470589 0.0874183006535948 0.0208333333333333
1 0.8394607843137255 0.5606617647058824 0.0825163398692810 0.0165441176470588
1 0.8378267973856209 0.5419730392156863 0.0870098039215686 0.0177696078431373
1 0.4566993464052287 0.1151960784313725 0.1229575163398693 0.0502450980392157
1 0.4550653594771242 0.1565563725490196 0.1229575163398693 0.0303308823529412
1 0.5821078431372549 0.1185661764705882 0.1229575163398693 0.0441176470588235
1 0.0649509803921569 0.0376838235294118 0.1299019607843137 0.0217524509803922
1 0.0657679738562092 0.0134803921568627 0.1315359477124183 0.0214460784313725
1 0.2042483660130719 0.0438112745098039 0.1364379084967320 0.0205269607843137
1 0.3410947712418301 0.0514705882352941 0.1352124183006536 0.0174632352941176
1 0.0702614379084967 0.1142769607843137 0.1303104575163399 0.0248161764705882
1 0.5167483660130719 0.3642769607843137 0.1172385620915033 0.0284926470588235
1 0.0592320261437908 0.2484681372549020 0.1184640522875817 0.0220588235294118
1 0.7271241830065359 0.6286764705882353 0.1017156862745098 0.0147058823529412
1 0.7291666666666666 0.6449142156862745 0.1025326797385621 0.0174632352941176
1 0.7291666666666666 0.6639093137254902 0.1058006535947712 0.0177696078431373
1 0.6225490196078431 0.6066176470588235 0.1147875816993464 0.0162377450980392
1 0.6221405228758170 0.6283700980392157 0.1094771241830065 0.0168504901960784
1 0.7132352941176471 0.1344975490196078 0.1053921568627451 0.0220588235294118
1 0.6221405228758170 0.6458333333333334 0.1098856209150327 0.0140931372549020
1 0.6217320261437909 0.6654411764705882 0.1090686274509804 0.0183823529411765
1 0.5134803921568627 0.6182598039215687 0.0249183006535948 0.0205269607843137
1 0.5138888888888888 0.6393995098039216 0.1049836601307190 0.0196078431372549
1 0.5122549019607843 0.6571691176470589 0.1013071895424837 0.0150122549019608
1 0.4477124183006536 0.6360294117647058 0.0224673202614379 0.0670955882352941
1 0.4252450980392157 0.6577818627450981 0.0212418300653595 0.0459558823529412
1 0.4007352941176471 0.6421568627450981 0.0249183006535948 0.0814950980392157
1 0.8521241830065359 0.2821691176470588 0.1151960784313725 0.0199142156862745
1 0.8541666666666666 0.2637867647058824 0.1156045751633987 0.0147058823529412
1 0.8566176470588235 0.2450980392156863 0.1168300653594771 0.0205269607843137
1 0.8345588235294118 0.6617647058823529 0.1049836601307190 0.0159313725490196
1 0.8329248366013072 0.6443014705882353 0.1058006535947712 0.0162377450980392
1 0.0604575163398693 0.2711397058823529 0.1131535947712418 0.0217524509803922
1 0.8333333333333334 0.6109068627450981 0.1062091503267974 0.0165441176470588
1 0.8080065359477124 0.7567401960784313 0.0816993464052288 0.0143995098039216
1 0.8991013071895425 0.7166053921568627 0.0996732026143791 0.0186887254901961
1 0.8991013071895425 0.7362132352941176 0.1000816993464052 0.0174632352941176
1 0.8966503267973857 0.7533700980392157 0.0959967320261438 0.0165441176470588
1 0.9750816993464052 0.7162990196078431 0.0502450980392157 0.0180759803921569
1 0.9763071895424836 0.7343750000000000 0.0482026143790850 0.0168504901960784
1 0.9730392156862745 0.7512254901960784 0.0526960784313725 0.0147058823529412
1 0.9375000000000000 0.5986519607843137 0.0853758169934641 0.0162377450980392
1 0.8570261437908496 0.2230392156862745 0.1180555555555556 0.0193014705882353
1 0.9379084967320261 0.6148897058823529 0.0935457516339869 0.0165441176470588
1 0.0449346405228758 0.7398897058823529 0.0898692810457516 0.0168504901960784
1 0.0453431372549020 0.7594975490196079 0.0910947712418301 0.0159313725490196
1 0.0477941176470588 0.7781862745098039 0.0959967320261438 0.0183823529411765
1 0.1466503267973856 0.7184436274509803 0.1160130718954248 0.0162377450980392
1 0.1486928104575163 0.7365196078431373 0.1151960784313725 0.0153186274509804
1 0.9346405228758170 0.6326593137254902 0.0910947712418301 0.0171568627450980
1 0.9342320261437909 0.6482843137254902 0.0898692810457516 0.0107230392156863
1 0.9334150326797386 0.6614583333333334 0.0882352941176471 0.0128676470588235
1 0.0437091503267974 0.7202818627450981 0.0874183006535948 0.0153186274509804
1 0.9534313725490197 0.2833946078431372 0.0923202614379085 0.0223651960784314
1 0.9571078431372549 0.2628676470588235 0.0853758169934641 0.0186887254901961
1 0.9571078431372549 0.2432598039215686 0.0849673202614379 0.0199142156862745
1 0.0281862745098039 0.6660539215686274 0.0563725490196078 0.0168504901960784
1 0.0290032679738562 0.6838235294117647 0.0580065359477124 0.0150122549019608
1 0.0886437908496732 0.5278799019607843 0.1233660130718954 0.0220588235294118
1 0.0882352941176471 0.5505514705882353 0.1270424836601307 0.0189950980392157
1 0.0919117647058824 0.5704656862745098 0.1237745098039216 0.0193014705882353
1 0.2099673202614379 0.5318627450980392 0.1119281045751634 0.0303308823529412
1 0.2107843137254902 0.5631127450980392 0.1107026143790850 0.0284926470588235
1 0.3227124183006536 0.5306372549019608 0.1086601307189543 0.0275735294117647
1 0.0273692810457516 0.6482843137254902 0.0547385620915033 0.0159313725490196
1 0.3218954248366013 0.5526960784313726 0.1070261437908497 0.0183823529411765
1 0.4342320261437909 0.5520833333333334 0.1111111111111111 0.0275735294117647
1 0.5465686274509803 0.5189950980392157 0.1086601307189543 0.0367647058823529
1 0.5445261437908496 0.5505514705882353 0.1111111111111111 0.0245098039215686
1 0.6568627450980392 0.5205269607843137 0.1111111111111111 0.0211397058823529
1 0.6572712418300654 0.5410539215686274 0.1090686274509804 0.0189950980392157
1 0.6560457516339869 0.5628063725490197 0.1066176470588235 0.0199142156862745
1 0.7536764705882353 0.5618872549019608 0.0866013071895425 0.0180759803921569
1 0.8378267973856209 0.5242034313725490 0.0870098039215686 0.0177696078431373
1 0.4334150326797386 0.5189950980392157 0.1119281045751634 0.0367647058823529
1 0.8088235294117647 0.7417279411764706 0.0792483660130719 0.0122549019607843
1 0.0277777777777778 0.6311274509803921 0.0555555555555556 0.0165441176470588
1 0.1168300653594771 0.6822916666666666 0.1151960784313725 0.0143995098039216
1 0.9358660130718954 0.3811274509803921 0.0992647058823529 0.0177696078431373
1 0.9379084967320261 0.3633578431372549 0.0992647058823529 0.0168504901960784
1 0.9399509803921569 0.3468137254901961 0.1017156862745098 0.0150122549019608
1 0.3774509803921569 0.6580882352941176 0.0216503267973856 0.0410539215686275
1 0.3549836601307190 0.6390931372549019 0.0261437908496732 0.0753676470588235
1 0.3296568627450980 0.6556372549019608 0.0220588235294118 0.0364583333333333
1 0.3026960784313725 0.6375612745098039 0.0294117647058824 0.0701593137254902
1 0.2781862745098039 0.6556372549019608 0.0196078431372549 0.0337009803921569
1 0.0273692810457516 0.6124387254901961 0.0547385620915033 0.0165441176470588
1 0.2544934640522876 0.6387867647058824 0.0273692810457516 0.0692401960784314
1 0.2075163398692811 0.6390931372549019 0.0285947712418301 0.0677083333333333
1 0.1842320261437909 0.6620710784313726 0.0183823529411765 0.0465686274509804
1 0.1143790849673203 0.6142769607843137 0.1180555555555556 0.0180759803921569
1 0.1139705882352941 0.6320465686274510 0.1172385620915033 0.0159313725490196
1 0.1143790849673203 0.6488970588235294 0.1180555555555556 0.0147058823529412
1 0.1160130718954248 0.6657475490196079 0.1180555555555556 0.0162377450980392
1 0.8321078431372549 0.3789828431372549 0.1098856209150327 0.0168504901960784
1 0.9415849673202614 0.3293504901960784 0.1004901960784314 0.0174632352941176
1 0.2308006535947713 0.6562500000000000 0.0175653594771242 0.0337009803921569
1 0.8108660130718954 0.7230392156862745 0.0755718954248366 0.0162377450980392
1 0.8337418300653595 0.6271446078431373 0.1102941176470588 0.0168504901960784
1 0.7287581699346405 0.7588848039215687 0.0759803921568627 0.0174632352941176
1 0.7446895424836601 0.2601102941176471 0.1041666666666667 0.0208333333333333
1 0.7426470588235294 0.2809436274509804 0.1000816993464052 0.0174632352941176
1 0.6356209150326797 0.2190563725490196 0.1184640522875817 0.0199142156862745
1 0.6348039215686274 0.2380514705882353 0.1168300653594771 0.0174632352941176
1 0.6343954248366013 0.2585784313725490 0.1180555555555556 0.0223651960784314
1 0.5151143790849673 0.2169117647058824 0.1176470588235294 0.0180759803921569
1 0.6348039215686274 0.2800245098039216 0.1168300653594771 0.0171568627450980
1 0.5159313725490197 0.2368259803921569 0.1156045751633987 0.0217524509803922
1 0.7455065359477124 0.2377450980392157 0.1025326797385621 0.0220588235294118
1 0.5138888888888888 0.2607230392156863 0.1188725490196078 0.0248161764705882
1 0.2822712418300654 0.2346813725490196 0.1143790849673203 0.0211397058823529
1 0.2839052287581699 0.2573529411764706 0.1139705882352941 0.0232843137254902
1 0.1719771241830065 0.2248774509803922 0.1037581699346405 0.0205269607843137
1 0.1707516339869281 0.2429534313725490 0.1017156862745098 0.0128676470588235
1 0.1723856209150327 0.2570465686274510 0.1074346405228758 0.0150122549019608
1 0.1691176470588235 0.2738970588235294 0.1045751633986928 0.0165441176470588
1 0.0588235294117647 0.2064950980392157 0.1176470588235294 0.0208333333333333
1 0.0588235294117647 0.2270220588235294 0.1176470588235294 0.0189950980392157
1 0.2830882352941176 0.2104779411764706 0.1160130718954248 0.0242034313725490
1 0.8084150326797386 0.7068014705882353 0.0780228758169935 0.0150122549019608
1 0.7177287581699346 0.1565563725490196 0.1041666666666667 0.0202205882352941
1 0.2291666666666667 0.7496936274509803 0.0212418300653595 0.0395220588235294
1 0.2532679738562091 0.7368259803921569 0.0269607843137255 0.0667892156862745
1 0.1544117647058824 0.7760416666666666 0.1156045751633987 0.0189950980392157
1 0.1507352941176471 0.7558210784313726 0.1192810457516340 0.0165441176470588
1 0.3488562091503268 0.7331495098039216 0.0249183006535948 0.0625000000000000
1 0.3251633986928105 0.7481617647058824 0.0204248366013072 0.0333946078431373
1 0.4154411764705883 0.7346813725490197 0.1078431372549020 0.0116421568627451
1 0.3970588235294117 0.7515318627450981 0.0641339869281046 0.0168504901960784
1 0.5257352941176471 0.7432598039215687 0.1107026143790850 0.0153186274509804
1 0.6343954248366013 0.7196691176470589 0.1127450980392157 0.0168504901960784
1 0.6364379084967320 0.7383578431372549 0.1062091503267974 0.0168504901960784
1 0.6384803921568627 0.7604166666666666 0.1029411764705882 0.0205269607843137
1 0.7316176470588235 0.7276348039215687 0.0800653594771242 0.0186887254901961
1 0.7295751633986928 0.7444852941176471 0.0776143790849673 0.0125612745098039
1 0.3010620915032680 0.7343750000000000 0.0265522875816993 0.0621936274509804
1 0.2777777777777778 0.7475490196078431 0.0191993464052288 0.0401348039215686
