1 0.3508986928104575 0.1985294117647059 0.0277777777777778 0.0759803921568627
1 0.3848039215686275 0.1936274509803922 0.0404411764705882 0.0768995098039216
1 0.4305555555555556 0.1868872549019608 0.0473856209150327 0.0909926470588235
1 0.3223039215686275 0.1960784313725490 0.0253267973856209 0.0686274509803922
1 0.4767156862745098 0.1908700980392157 0.0469771241830065 0.0759803921568627
1 0.5257352941176471 0.1939338235294118 0.0388071895424837 0.0860906862745098
1 0.5604575163398693 0.2046568627450980 0.0273692810457516 0.0511642156862745
1 0.5874183006535948 0.2046568627450980 0.0265522875816993 0.0505514705882353
1 0.6233660130718954 0.1878063725490196 0.0428921568627451 0.0851715686274510
1 0.6756535947712419 0.1924019607843137 0.0539215686274510 0.0799632352941176
1 0.7312091503267973 0.2052696078431372 0.0424836601307190 0.0517769607843137
1 0.7994281045751634 0.2028186274509804 0.0649509803921569 0.0560661764705882
1 0.8843954248366013 0.1841299019607843 0.0996732026143791 0.1017156862745098
1 0.1303104575163399 0.3235294117647059 0.0400326797385621 0.0876225490196078
1 0.8741830065359477 0.3161764705882353 0.1205065359477124 0.1081495098039216
1 0.7120098039215687 0.3321078431372549 0.0375816993464052 0.0762867647058824
1 0.7540849673202614 0.3342524509803921 0.0461601307189543 0.0719975490196078
1 0.6029411764705882 0.3327205882352941 0.0404411764705882 0.0772058823529412
1 0.6392973856209150 0.3339460784313725 0.0322712418300654 0.0759803921568627
1 0.6719771241830066 0.3336397058823529 0.0347222222222222 0.0759803921568627
1 0.7079248366013072 0.8431372549019608 0.0637254901960784 0.0171568627450980
1 0.0539215686274510 0.3244485294117647 0.0441176470588235 0.0894607843137255
1 0.0931372549019608 0.3238357843137255 0.0339052287581699 0.0870098039215686
1 0.1674836601307189 0.3247549019607843 0.0347222222222222 0.0851715686274510
1 0.2450980392156863 0.3262867647058824 0.0412581699346405 0.0851715686274510
1 0.3018790849673202 0.3455882352941176 0.0526960784313725 0.0523897058823529
1 0.2945261437908497 0.1979166666666667 0.0334967320261438 0.0649509803921569
1 0.9632352941176471 0.2230392156862745 0.0526960784313725 0.0361519607843137
1 0.2540849673202614 0.1939338235294118 0.0379901960784314 0.0726102941176471
1 0.3300653594771242 0.5952818627450981 0.0330882352941176 0.0680147058823529
1 0.1715686274509804 0.1908700980392157 0.0375816993464052 0.0726102941176471
1 0.7116013071895425 0.6982230392156863 0.0461601307189543 0.0579044117647059
1 0.7667483660130719 0.7092524509803921 0.0502450980392157 0.0548406862745098
1 0.8223039215686274 0.7086397058823529 0.0510620915032680 0.0468750000000000
1 0.8770424836601307 0.7000612745098039 0.0502450980392157 0.0520833333333333
1 0.9313725490196079 0.6979166666666666 0.0482026143790850 0.0606617647058824
1 0.3035130718954248 0.8437500000000000 0.0686274509803922 0.0787377450980392
1 0.4313725490196079 0.5811887254901961 0.0363562091503268 0.0903799019607843
1 0.3970588235294117 0.5854779411764706 0.0314542483660131 0.0833333333333333
1 0.3643790849673202 0.5799632352941176 0.0339052287581699 0.0931372549019608
1 0.5645424836601307 0.5943627450980392 0.0273692810457516 0.0533088235294118
1 0.2912581699346405 0.5851715686274510 0.0400326797385621 0.0857843137254902
1 0.2573529411764706 0.5818014705882353 0.0310457516339869 0.0986519607843137
1 0.2209967320261438 0.5747549019607843 0.0355392156862745 0.1032475490196078
1 0.4636437908496732 0.5775122549019608 0.0290032679738562 0.0863970588235294
1 0.5024509803921569 0.5738357843137255 0.0424836601307190 0.0922181372549020
1 0.5355392156862745 0.5744485294117647 0.0277777777777778 0.0934436274509804
1 0.3165849673202614 0.7852328431372549 0.0653594771241830 0.0223651960784314
1 0.6540032679738562 0.6948529411764706 0.0575980392156863 0.0738357843137255
1 0.4129901960784313 0.8284313725490197 0.0669934640522876 0.0159313725490196
1 0.3909313725490196 0.8443627450980392 0.0612745098039216 0.0101102941176471
1 0.3856209150326798 0.8578431372549019 0.0678104575163399 0.0177696078431373
1 0.4861111111111111 0.8556985294117647 0.0739379084967320 0.0134803921568627
1 0.5584150326797386 0.8106617647058824 0.0653594771241830 0.1050857843137255
1 0.7124183006535948 0.8311887254901961 0.0600490196078431 0.0153186274509804
1 0.0085784313725490 0.1819852941176471 0.0175653594771242 0.0876225490196078
1 0.0379901960784314 0.1829044117647059 0.0379901960784314 0.0854779411764706
1 0.0714869281045752 0.1847426470588235 0.0249183006535948 0.0894607843137255
1 0.0976307189542484 0.1822916666666667 0.0253267973856209 0.0928308823529412
1 0.1319444444444444 0.1908700980392157 0.0392156862745098 0.0735294117647059
1 0.2120098039215686 0.1930147058823529 0.0428921568627451 0.0781250000000000
1 0.3574346405228758 0.3455882352941176 0.0580065359477124 0.0523897058823529
1 0.2038398692810457 0.3247549019607843 0.0392156862745098 0.0873161764705882
1 0.4779411764705883 0.3299632352941176 0.0400326797385621 0.0814950980392157
1 0.4023692810457516 0.6669730392156863 0.0375816993464052 0.0398284313725490
1 0.7013888888888888 0.7889093137254902 0.0506535947712418 0.0615808823529412
1 0.4861111111111111 0.8057598039215687 0.0629084967320261 0.0762867647058824
1 0.4117647058823529 0.7889093137254902 0.0608660130718954 0.0456495098039216
1 0.9832516339869281 0.6963848039215687 0.0339052287581699 0.0637254901960784
1 0.5531045751633987 0.7022058823529411 0.0465686274509804 0.0695465686274510
1 0.5016339869281046 0.6562500000000000 0.0449346405228758 0.0248161764705882
1 0.5004084967320261 0.7022058823529411 0.0424836601307190 0.0695465686274510
1 0.4562908496732026 0.7006740196078431 0.0473856209150327 0.0916053921568627
1 0.4040032679738562 0.7221200980392157 0.0449346405228758 0.0453431372549020
1 0.4023692810457516 0.3293504901960784 0.0334967320261438 0.0765931372549020
1 0.3578431372549020 0.6850490196078431 0.0375816993464052 0.0762867647058824
1 0.3190359477124183 0.6945465686274510 0.0322712418300654 0.0952818627450980
1 0.2839052287581699 0.6954656862745098 0.0339052287581699 0.1063112745098039
1 0.2495915032679739 0.7025122549019608 0.0330882352941176 0.0952818627450980
1 0.2169117647058824 0.7000612745098039 0.0355392156862745 0.0879289215686275
1 0.1842320261437909 0.6963848039215687 0.0298202614379085 0.0955882352941176
1 0.1519607843137255 0.6945465686274510 0.0330882352941176 0.0922181372549020
1 0.1135620915032680 0.6969975490196079 0.0363562091503268 0.0900735294117647
1 0.0808823529411765 0.7015931372549019 0.0306372549019608 0.0940563725490196
1 0.0408496732026144 0.7000612745098039 0.0433006535947712 0.0934436274509804
1 0.9775326797385621 0.5781250000000000 0.0433006535947712 0.0738357843137255
1 0.9321895424836601 0.5814950980392157 0.0457516339869281 0.0661764705882353
1 0.8750000000000000 0.5814950980392157 0.0588235294117647 0.0609681372549020
1 0.8174019607843137 0.5784313725490197 0.0531045751633987 0.0661764705882353
1 0.7553104575163399 0.5940563725490197 0.0526960784313725 0.0496323529411765
1 0.7046568627450981 0.5793504901960784 0.0522875816993464 0.0784313725490196
1 0.6527777777777778 0.5787377450980392 0.0510620915032680 0.0796568627450980
1 0.5996732026143791 0.5713848039215687 0.0420751633986928 0.0814950980392157
1 0.9656862745098039 0.7925857843137255 0.0661764705882353 0.0781250000000000
1 0.8782679738562091 0.8085171568627451 0.1074346405228758 0.0845588235294118
1 0.6025326797385621 0.6991421568627451 0.0433006535947712 0.0768995098039216
1 0.7655228758169934 0.7910539215686274 0.0698529411764706 0.0704656862745098
1 0.7830882352941176 0.8425245098039216 0.0653594771241830 0.0284926470588235
1 0.6789215686274510 0.4571078431372549 0.0355392156862745 0.0781250000000000
1 0.5910947712418301 0.4586397058823529 0.0339052287581699 0.0839460784313725
1 0.5502450980392157 0.4644607843137255 0.0367647058823529 0.0787377450980392
1 0.5126633986928104 0.4558823529411765 0.0339052287581699 0.0980392156862745
1 0.4714052287581699 0.4525122549019608 0.0269607843137255 0.0756740196078431
1 0.4468954248366013 0.4617034313725490 0.0285947712418301 0.0814950980392157
1 0.4174836601307190 0.4638480392156863 0.0298202614379085 0.0787377450980392
1 0.3786764705882353 0.4613970588235294 0.0371732026143791 0.0821078431372549
1 0.3386437908496732 0.4629289215686275 0.0416666666666667 0.0833333333333333
1 0.2973856209150327 0.4644607843137255 0.0396241830065359 0.0787377450980392
1 0.7205882352941176 0.4598651960784313 0.0465686274509804 0.0719975490196078
1 0.6339869281045751 0.4632352941176471 0.0518790849673203 0.0686274509803922
1 0.1662581699346405 0.4607843137254902 0.0400326797385621 0.0762867647058824
1 0.2524509803921569 0.4644607843137255 0.0518790849673203 0.0768995098039216
1 0.8104575163398693 0.4571078431372549 0.0526960784313725 0.0744485294117647
1 0.1785130718954248 0.5750612745098039 0.0433006535947712 0.0885416666666667
1 0.1348039215686274 0.5784313725490197 0.0318627450980392 0.0922181372549020
1 0.1004901960784314 0.5765931372549019 0.0310457516339869 0.1004901960784314
1 0.0575980392156863 0.5968137254901961 0.0473856209150327 0.0710784313725490
1 0.7651143790849673 0.4598651960784313 0.0379901960784314 0.0704656862745098
1 0.5482026143790850 0.3333333333333333 0.0330882352941176 0.0814950980392157
1 0.0269607843137255 0.4632352941176471 0.0502450980392157 0.0839460784313725
1 0.0706699346405229 0.4613970588235294 0.0396241830065359 0.0851715686274510
1 0.1241830065359477 0.4644607843137255 0.0449346405228758 0.0738357843137255
1 0.5147058823529411 0.3296568627450980 0.0334967320261438 0.0750612745098039
1 0.9330065359477124 0.4564950980392157 0.0518790849673203 0.0958946078431373
1 0.8815359477124183 0.4635416666666667 0.0416666666666667 0.0649509803921569
1 0.8488562091503268 0.4613970588235294 0.0228758169934641 0.0674019607843137
1 0.9791666666666666 0.4761029411764706 0.0420751633986928 0.0431985294117647
