1 0.7963541666666667 0.1386718750000000 0.0229166666666667 0.0175781250000000
1 0.6770833333333334 0.4992187500000000 0.0333333333333333 0.0632812500000000
1 0.7041666666666667 0.1246093750000000 0.0276041666666667 0.0269531250000000
1 0.7947916666666667 0.1789062500000000 0.0203125000000000 0.0484375000000000
1 0.7682291666666666 0.1761718750000000 0.0276041666666667 0.0425781250000000
1 0.7380208333333333 0.1730468750000000 0.0239583333333333 0.0562500000000000
1 0.6963541666666667 0.1679687500000000 0.0406250000000000 0.0507812500000000
1 0.6234375000000000 0.1554687500000000 0.0572916666666667 0.0621093750000000
1 0.5531250000000000 0.1398437500000000 0.0484375000000000 0.0656250000000000
1 0.4869791666666667 0.1312500000000000 0.0718750000000000 0.0781250000000000
1 0.4156250000000000 0.1207031250000000 0.0572916666666667 0.0679687500000000
1 0.3505208333333333 0.1140625000000000 0.0619791666666667 0.0824218750000000
1 0.2765625000000000 0.1035156250000000 0.0739583333333333 0.0906250000000000
1 0.1880208333333333 0.0843750000000000 0.0859375000000000 0.0921875000000000
1 0.0906250000000000 0.0757812500000000 0.0916666666666667 0.0707031250000000
1 0.9083333333333333 0.2656250000000000 0.0171875000000000 0.0421875000000000
1 0.9463541666666667 0.2699218750000000 0.0447916666666667 0.0292968750000000
1 0.7708333333333334 0.1335937500000000 0.0234375000000000 0.0343750000000000
1 0.9458333333333333 0.3253906250000000 0.0468750000000000 0.0250000000000000
1 0.9447916666666667 0.3531250000000000 0.0484375000000000 0.0226562500000000
1 0.1093750000000000 0.3574218750000000 0.1000000000000000 0.0843750000000000
1 0.8812500000000000 0.2628906250000000 0.0234375000000000 0.0421875000000000
1 0.8473958333333333 0.2605468750000000 0.0265625000000000 0.0488281250000000
1 0.8213541666666667 0.2558593750000000 0.0161458333333333 0.0511718750000000
1 0.7911458333333333 0.2570312500000000 0.0343750000000000 0.0542968750000000
1 0.8244791666666667 0.1769531250000000 0.0255208333333333 0.0667968750000000
1 0.8500000000000000 0.1773437500000000 0.0182291666666667 0.0671875000000000
1 0.8713541666666667 0.1816406250000000 0.0218750000000000 0.0722656250000000
1 0.8937500000000000 0.1867187500000000 0.0161458333333333 0.0667968750000000
1 0.9114583333333334 0.1992187500000000 0.0171875000000000 0.0394531250000000
1 0.7375000000000000 0.1273437500000000 0.0364583333333333 0.0230468750000000
1 0.9338541666666667 0.1996093750000000 0.0171875000000000 0.0441406250000000
1 0.9567708333333333 0.2031250000000000 0.0213541666666667 0.0496093750000000
1 0.9869791666666666 0.2000000000000000 0.0270833333333333 0.0601562500000000
1 0.1963541666666667 0.3523437500000000 0.0666666666666667 0.0820312500000000
1 0.0786458333333333 0.2144531250000000 0.1036458333333333 0.0933593750000000
1 0.2666666666666667 0.2257812500000000 0.0859375000000000 0.0867187500000000
1 0.3348958333333333 0.2312500000000000 0.0333333333333333 0.0722656250000000
1 0.4010416666666667 0.2339843750000000 0.0734375000000000 0.0773437500000000
1 0.4796875000000000 0.2382812500000000 0.0645833333333333 0.0734375000000000
1 0.5520833333333334 0.2464843750000000 0.0526041666666667 0.0605468750000000
1 0.6145833333333334 0.2472656250000000 0.0661458333333333 0.0660156250000000
1 0.6692708333333334 0.2511718750000000 0.0406250000000000 0.0558593750000000
1 0.7130208333333333 0.2527343750000000 0.0390625000000000 0.0546875000000000
1 0.7562500000000000 0.2542968750000000 0.0296875000000000 0.0472656250000000
1 0.1739583333333333 0.2195312500000000 0.0796875000000000 0.0832031250000000
1 0.7072916666666667 0.4914062500000000 0.0270833333333333 0.0703125000000000
1 0.2750000000000000 0.3492187500000000 0.0739583333333333 0.0750000000000000
1 0.3520833333333334 0.2984375000000000 0.0677083333333333 0.0214843750000000
1 0.8500000000000000 0.3968750000000000 0.0182291666666667 0.0406250000000000
1 0.8734375000000000 0.3914062500000000 0.0244791666666667 0.0371093750000000
1 0.8994791666666667 0.3910156250000000 0.0208333333333333 0.0382812500000000
1 0.9192708333333334 0.3875000000000000 0.0156250000000000 0.0355468750000000
1 0.1864583333333333 0.4300781250000000 0.1640625000000000 0.0269531250000000
1 0.3651041666666667 0.4132812500000000 0.0781250000000000 0.0156250000000000
1 0.4484375000000000 0.4082031250000000 0.0625000000000000 0.0199218750000000
1 0.5083333333333333 0.4003906250000000 0.0484375000000000 0.0144531250000000
1 0.6067708333333334 0.3953125000000000 0.0505208333333333 0.0132812500000000
1 0.6526041666666667 0.3890625000000000 0.0296875000000000 0.0136718750000000
1 0.1145833333333333 0.6121093750000000 0.0984375000000000 0.1015625000000000
1 0.2093750000000000 0.5992187500000000 0.0640625000000000 0.1246093750000000
1 0.2895833333333334 0.5804687500000000 0.0869791666666667 0.0867187500000000
1 0.3807291666666667 0.5613281250000000 0.0614583333333333 0.1074218750000000
1 0.4453125000000000 0.5453125000000000 0.0687500000000000 0.0816406250000000
1 0.5098958333333333 0.5375000000000000 0.0479166666666667 0.0878906250000000
1 0.5541666666666667 0.5269531250000000 0.0380208333333333 0.0683593750000000
1 0.5963541666666666 0.5253906250000000 0.0447916666666667 0.0636718750000000
1 0.6385416666666667 0.5074218750000000 0.0406250000000000 0.0628906250000000
1 0.8208333333333333 0.3960937500000000 0.0307291666666667 0.0421875000000000
1 0.7911458333333333 0.4027343750000000 0.0281250000000000 0.0382812500000000
1 0.7552083333333334 0.4101562500000000 0.0276041666666667 0.0382812500000000
1 0.7250000000000000 0.4121093750000000 0.0307291666666667 0.0437500000000000
1 0.4223958333333334 0.3476562500000000 0.0588541666666667 0.0652343750000000
1 0.4916666666666666 0.3417968750000000 0.0567708333333333 0.0691406250000000
1 0.5562500000000000 0.3390625000000000 0.0697916666666667 0.0617187500000000
1 0.6260416666666667 0.3386718750000000 0.0567708333333333 0.0609375000000000
1 0.6854166666666667 0.3328125000000000 0.0593750000000000 0.0539062500000000
1 0.7427083333333333 0.3312500000000000 0.0442708333333333 0.0566406250000000
1 0.7916666666666666 0.3312500000000000 0.0354166666666667 0.0488281250000000
1 0.8312500000000000 0.3277343750000000 0.0328125000000000 0.0542968750000000
1 0.8645833333333334 0.3257812500000000 0.0250000000000000 0.0523437500000000
1 0.3546875000000000 0.3488281250000000 0.0734375000000000 0.0648437500000000
1 0.9072916666666667 0.3273437500000000 0.0302083333333333 0.0410156250000000
1 0.2302083333333333 0.4839843750000000 0.0666666666666667 0.0679687500000000
1 0.3026041666666667 0.4710937500000000 0.0619791666666667 0.0695312500000000
1 0.3828125000000000 0.4578125000000000 0.0755208333333333 0.0550781250000000
1 0.4479166666666667 0.4531250000000000 0.0526041666666667 0.0550781250000000
1 0.5078125000000000 0.4417968750000000 0.0505208333333333 0.0542968750000000
1 0.5598958333333334 0.4363281250000000 0.0494791666666667 0.0621093750000000
1 0.6125000000000000 0.4277343750000000 0.0359375000000000 0.0449218750000000
1 0.6500000000000000 0.4238281250000000 0.0380208333333333 0.0464843750000000
1 0.6921875000000000 0.4207031250000000 0.0359375000000000 0.0433593750000000
1 0.1250000000000000 0.4941406250000000 0.0973958333333333 0.0648437500000000
1 0.9473958333333333 0.2992187500000000 0.0505208333333333 0.0253906250000000
1 0.5515625000000000 0.6179687500000000 0.0541666666666667 0.0683593750000000
1 0.6416666666666667 0.7609375000000000 0.0302083333333333 0.0585937500000000
1 0.7223958333333333 0.6468750000000000 0.0317708333333333 0.0445312500000000
1 0.6833333333333333 0.6585937500000000 0.0270833333333333 0.0347656250000000
1 0.6489583333333333 0.6750000000000000 0.0312500000000000 0.0527343750000000
1 0.6130208333333333 0.6882812500000000 0.0244791666666667 0.0410156250000000
1 0.5770833333333333 0.7039062500000000 0.0447916666666667 0.0625000000000000
1 0.5307291666666667 0.7269531250000000 0.0322916666666667 0.0660156250000000
1 0.4833333333333333 0.7378906250000000 0.0369791666666667 0.0777343750000000
1 0.4229166666666667 0.7628906250000000 0.0531250000000000 0.0636718750000000
1 0.3619791666666667 0.7921875000000000 0.0625000000000000 0.0863281250000000
1 0.2645833333333333 0.8289062500000000 0.0812500000000000 0.0566406250000000
1 0.9661458333333334 0.4980468750000000 0.0697916666666667 0.0324218750000000
1 0.7630208333333334 0.6308593750000000 0.0364583333333333 0.0460937500000000
1 0.9203125000000000 0.5156250000000000 0.0208333333333333 0.0402343750000000
1 0.8473958333333333 0.5300781250000000 0.0296875000000000 0.0523437500000000
1 0.7989583333333333 0.5496093750000000 0.0317708333333333 0.0390625000000000
1 0.7703125000000000 0.5601562500000000 0.0281250000000000 0.0566406250000000
1 0.7078125000000000 0.5765625000000000 0.0286458333333333 0.0644531250000000
1 0.6760416666666667 0.5792968750000000 0.0348958333333333 0.0695312500000000
1 0.6401041666666667 0.5925781250000000 0.0270833333333333 0.0660156250000000
1 0.5994791666666667 0.6066406250000000 0.0416666666666667 0.0910156250000000
1 0.4755208333333333 0.6480468750000000 0.0593750000000000 0.0734375000000000
1 0.4072916666666667 0.6832031250000000 0.0671875000000000 0.0839843750000000
1 0.3333333333333333 0.7000000000000000 0.0781250000000000 0.0621093750000000
1 0.2354166666666667 0.7289062500000000 0.0942708333333333 0.1152343750000000
1 0.8947916666666667 0.5207031250000000 0.0218750000000000 0.0371093750000000
1 0.7947916666666667 0.6179687500000000 0.0229166666666667 0.0539062500000000
1 0.8187500000000000 0.6054687500000000 0.0260416666666667 0.0453125000000000
1 0.8473958333333333 0.5957031250000000 0.0296875000000000 0.0457031250000000
1 0.9776041666666667 0.6003906250000000 0.0458333333333333 0.0480468750000000
1 0.9390625000000000 0.6140625000000000 0.0244791666666667 0.0460937500000000
1 0.9119791666666667 0.6261718750000000 0.0239583333333333 0.0566406250000000
1 0.8869791666666667 0.6371093750000000 0.0161458333333333 0.0488281250000000
1 0.8546875000000000 0.6570312500000000 0.0380208333333333 0.0644531250000000
1 0.8213541666666667 0.6679687500000000 0.0223958333333333 0.0507812500000000
1 0.7963541666666667 0.6781250000000000 0.0328125000000000 0.0542968750000000
1 0.7661458333333333 0.6929687500000000 0.0260416666666667 0.0601562500000000
1 0.7380208333333333 0.7062500000000000 0.0270833333333333 0.0535156250000000
1 0.7098958333333333 0.7230468750000000 0.0234375000000000 0.0714843750000000
1 0.6786458333333333 0.7410156250000000 0.0276041666666667 0.0582031250000000
1 0.5958333333333333 0.7738281250000000 0.0500000000000000 0.0585937500000000
1 0.5515625000000000 0.7957031250000000 0.0354166666666667 0.0562500000000000
1 0.5203125000000000 0.8265625000000000 0.0302083333333333 0.0753906250000000
1 0.4750000000000000 0.8484375000000000 0.0479166666666667 0.0804687500000000
1 0.4187500000000000 0.8753906250000000 0.0541666666666667 0.0648437500000000
1 0.3458333333333333 0.9070312500000000 0.0786458333333333 0.0781250000000000
1 0.2609375000000000 0.9425781250000000 0.0911458333333333 0.0695312500000000
1 0.1739583333333333 0.9710937500000000 0.0765625000000000 0.0593750000000000
1 0.9833333333333333 0.5445312500000000 0.0328125000000000 0.0476562500000000
1 0.9567708333333333 0.5531250000000000 0.0182291666666667 0.0460937500000000
1 0.9385416666666667 0.5566406250000000 0.0166666666666667 0.0449218750000000
1 0.9182291666666667 0.5640625000000000 0.0171875000000000 0.0394531250000000
1 0.8979166666666667 0.5718750000000000 0.0213541666666667 0.0550781250000000
1 0.8750000000000000 0.5816406250000000 0.0197916666666667 0.0441406250000000
1 0.1437500000000000 0.7453125000000000 0.0833333333333333 0.0921875000000000
1 0.0510416666666667 0.8332031250000000 0.0927083333333333 0.1222656250000000
1 0.7401041666666667 0.5652343750000000 0.0250000000000000 0.0515625000000000
1 0.9609375000000000 0.4347656250000000 0.0197916666666667 0.0468750000000000
1 0.7432291666666667 0.4859375000000000 0.0317708333333333 0.0558593750000000
1 0.7828125000000000 0.4746093750000000 0.0281250000000000 0.0667968750000000
1 0.8088541666666667 0.4691406250000000 0.0192708333333333 0.0640625000000000
1 0.8322916666666667 0.4660156250000000 0.0208333333333333 0.0546875000000000
1 0.8572916666666667 0.4593750000000000 0.0260416666666667 0.0644531250000000
1 0.9833333333333333 0.4320312500000000 0.0229166666666667 0.0417968750000000
1 0.8796875000000000 0.4585937500000000 0.0166666666666667 0.0609375000000000
1 0.9020833333333333 0.4488281250000000 0.0234375000000000 0.0589843750000000
1 0.9223958333333333 0.4421875000000000 0.0156250000000000 0.0480468750000000
1 0.9427083333333334 0.4375000000000000 0.0177083333333333 0.0531250000000000
