1 0.2141025641025641 0.4475961538461539 0.1051282051282051 0.0180288461538462
1 0.3158119658119658 0.4502403846153846 0.0931623931623932 0.0199519230769231
1 0.4149572649572650 0.4461538461538462 0.0944444444444444 0.0281250000000000
1 0.5290598290598291 0.4447115384615384 0.0974358974358974 0.0262019230769231
1 0.6264957264957265 0.4475961538461539 0.0935897435897436 0.0276442307692308
1 0.7260683760683760 0.4461538461538462 0.1000000000000000 0.0281250000000000
1 0.9773504273504273 0.4427884615384615 0.0487179487179487 0.0752403846153846
1 0.8658119658119658 0.4435096153846154 0.0435897435897436 0.0694711538461538
1 0.0858974358974359 0.3980769230769231 0.0354700854700855 0.0288461538461538
1 0.0324786324786325 0.3980769230769231 0.0628205128205128 0.0288461538461538
1 0.7615384615384615 0.3641826923076923 0.0435897435897436 0.0521634615384615
1 0.0948717948717949 0.6403846153846153 0.0619658119658120 0.0314903846153846
1 0.7119658119658120 0.3603365384615385 0.0427350427350427 0.0588942307692308
1 0.9658119658119658 0.1509615384615385 0.0517094017094017 0.0117788461538462
1 0.0384615384615385 0.1254807692307692 0.0764957264957265 0.0274038461538462
1 0.0512820512820513 0.2218750000000000 0.0799145299145299 0.0312500000000000
1 0.1632478632478633 0.2480769230769231 0.0581196581196581 0.0742788461538462
1 0.2247863247863248 0.2514423076923077 0.0615384615384615 0.0737980769230769
1 0.2863247863247863 0.2516826923076923 0.0568376068376068 0.0718750000000000
1 0.0777777777777778 0.4870192307692308 0.0739316239316239 0.0283653846153846
1 0.3884615384615385 0.2540865384615384 0.0564102564102564 0.0718750000000000
1 0.0846153846153846 0.5567307692307693 0.0688034188034188 0.0276442307692308
1 0.7636752136752136 0.1449519230769231 0.0435897435897436 0.0502403846153846
1 0.2777777777777778 0.6668269230769230 0.0662393162393162 0.0259615384615385
1 0.3487179487179487 0.6668269230769230 0.0743589743589744 0.0331730769230769
1 0.4269230769230769 0.6663461538461538 0.0696581196581197 0.0307692307692308
1 0.5957264957264957 0.6632211538461539 0.0529914529914530 0.0435096153846154
1 0.5175213675213676 0.6687500000000000 0.0803418803418803 0.0307692307692308
1 0.7508547008547009 0.6673076923076923 0.0264957264957265 0.0348557692307692
1 0.7170940170940171 0.6675480769230769 0.0358974358974359 0.0377403846153846
1 0.6611111111111111 0.6668269230769230 0.0692307692307692 0.0435096153846154
1 0.1491452991452991 0.1341346153846154 0.0555555555555556 0.0718750000000000
1 0.2209401709401709 0.1269230769230769 0.0623931623931624 0.0862980769230769
1 0.2820512820512820 0.1336538461538462 0.0525641025641026 0.0733173076923077
1 0.3380341880341881 0.1353365384615385 0.0538461538461538 0.0718750000000000
1 0.3935897435897436 0.1355769230769231 0.0538461538461538 0.0723557692307692
1 0.4500000000000000 0.1247596153846154 0.0517094017094017 0.0987980769230769
1 0.5085470085470085 0.1382211538461539 0.0452991452991453 0.0656250000000000
1 0.5641025641025641 0.1394230769230769 0.0495726495726496 0.0704326923076923
1 0.6192307692307693 0.1379807692307692 0.0491452991452991 0.0699519230769231
1 0.6760683760683761 0.1379807692307692 0.0521367521367521 0.0747596153846154
1 0.7226495726495726 0.1468750000000000 0.0341880341880342 0.0540865384615385
1 0.9115384615384615 0.1281250000000000 0.0410256410256410 0.0526442307692308
1 0.7166666666666667 0.2478365384615385 0.0478632478632479 0.0882211538461539
1 0.4470085470085470 0.2516826923076923 0.0542735042735043 0.0766826923076923
1 0.5482905982905983 0.2526442307692308 0.0521367521367521 0.0786057692307692
1 0.9141025641025641 0.3483173076923077 0.1059829059829060 0.0492788461538462
1 0.9196581196581196 0.2447115384615385 0.0658119658119658 0.0338942307692308
1 0.8666666666666667 0.2187500000000000 0.0358974358974359 0.0800480769230769
1 0.7700854700854701 0.2497596153846154 0.0521367521367521 0.0848557692307692
1 0.3799145299145299 0.5937500000000000 0.0307692307692308 0.0413461538461538
1 0.3247863247863248 0.6002403846153846 0.0700854700854701 0.0326923076923077
1 0.2175213675213675 0.5810096153846154 0.1183760683760684 0.0225961538461538
1 0.2209401709401709 0.6057692307692307 0.1158119658119658 0.0211538461538462
1 0.9641025641025641 0.5401442307692308 0.0482905982905983 0.0781250000000000
1 0.9089743589743590 0.5483173076923077 0.0401709401709402 0.0608173076923077
1 0.8649572649572650 0.5500000000000000 0.0418803418803419 0.0617788461538462
1 0.8230769230769230 0.5463942307692308 0.0264957264957265 0.0617788461538462
1 0.7474358974358974 0.5245192307692308 0.0495726495726496 0.0490384615384615
1 0.6961538461538461 0.5223557692307692 0.0367521367521368 0.0495192307692308
1 0.6547008547008547 0.5228365384615384 0.0350427350427350 0.0504807692307692
1 0.5991452991452991 0.5117788461538462 0.0474358974358974 0.0692307692307692
1 0.4837606837606838 0.5377403846153846 0.1619658119658120 0.0225961538461538
1 0.3641025641025641 0.5358173076923077 0.0717948717948718 0.0259615384615385
1 0.2042735042735043 0.5264423076923077 0.0991452991452991 0.0360576923076923
1 0.9837606837606837 0.3269230769230769 0.0320512820512820 0.0930288461538462
1 0.4987179487179487 0.2596153846153846 0.0384615384615385 0.0637019230769231
1 0.8470085470085470 0.3391826923076923 0.0222222222222222 0.0646634615384615
1 0.0166666666666667 0.3067307692307693 0.0307692307692308 0.0437500000000000
1 0.9747863247863248 0.6310096153846154 0.0354700854700855 0.0391826923076923
1 0.6017094017094017 0.2629807692307692 0.0525641025641026 0.0608173076923077
1 0.9376068376068376 0.6302884615384615 0.0333333333333333 0.0375000000000000
1 0.9029914529914530 0.6290865384615385 0.0324786324786325 0.0375000000000000
1 0.8551282051282051 0.6399038461538461 0.0649572649572650 0.0158653846153846
1 0.7239316239316239 0.6024038461538461 0.0923076923076923 0.0322115384615385
1 0.6388888888888888 0.6021634615384616 0.0670940170940171 0.0317307692307692
1 0.5816239316239317 0.5918269230769231 0.0376068376068376 0.0495192307692308
1 0.4880341880341880 0.5923076923076923 0.0470085470085470 0.0528846153846154
1 0.4444444444444444 0.5927884615384615 0.0320512820512820 0.0490384615384615
1 0.4175213675213675 0.6105769230769231 0.0162393162393162 0.0173076923076923
1 0.6688034188034188 0.3605769230769231 0.0418803418803419 0.0521634615384615
1 0.6111111111111112 0.3762019230769231 0.0713675213675214 0.0235576923076923
1 0.5350427350427350 0.3697115384615385 0.0769230769230769 0.0322115384615385
1 0.4478632478632479 0.3706730769230769 0.0944444444444444 0.0293269230769231
1 0.3632478632478632 0.3610576923076923 0.0658119658119658 0.0459134615384615
1 0.2824786324786325 0.3680288461538462 0.0876068376068376 0.0336538461538462
1 0.1931623931623932 0.3682692307692308 0.0794871794871795 0.0365384615384615
1 0.1910256410256410 0.3435096153846154 0.0880341880341880 0.0132211538461538
1 0.0572649572649573 0.3086538461538462 0.0461538461538462 0.0442307692307692
1 0.0307692307692308 0.6394230769230769 0.0576923076923077 0.0300480769230769
1 0.2910256410256410 0.5197115384615385 0.0705128205128205 0.0490384615384615
1 0.8991452991452992 0.7019230769230769 0.0376068376068376 0.0538461538461538
1 0.7264957264957265 0.8295673076923077 0.0376068376068376 0.0406250000000000
1 0.8192307692307692 0.8276442307692308 0.0358974358974359 0.0533653846153846
1 0.8632478632478633 0.8271634615384615 0.0388888888888889 0.0524038461538462
1 0.9123931623931624 0.8288461538461539 0.0470085470085470 0.0533653846153846
1 0.9576923076923077 0.8271634615384615 0.0393162393162393 0.0500000000000000
1 0.8666666666666667 0.9192307692307692 0.0713675213675214 0.0206730769230769
1 0.7991452991452992 0.9180288461538462 0.0551282051282051 0.0225961538461538
1 0.7226495726495726 0.9213942307692308 0.0384615384615385 0.0060096153846154
1 0.7243589743589743 0.9004807692307693 0.0307692307692308 0.0117788461538462
1 0.6653846153846154 0.8348557692307692 0.0649572649572650 0.0319711538461538
1 0.6777777777777778 0.9088942307692308 0.0474358974358974 0.0362980769230769
1 0.5405982905982906 0.9192307692307692 0.0871794871794872 0.0175480769230769
1 0.4576923076923077 0.9149038461538461 0.0730769230769231 0.0192307692307692
1 0.3871794871794872 0.9110576923076923 0.0529914529914530 0.0293269230769231
1 0.3316239316239316 0.9173076923076923 0.0568376068376068 0.0096153846153846
1 0.2598290598290598 0.9158653846153846 0.0854700854700855 0.0098557692307692
1 0.1944444444444444 0.8959134615384615 0.0333333333333333 0.0473557692307692
1 0.1200854700854701 0.8949519230769231 0.0401709401709402 0.0514423076923077
1 0.0628205128205128 0.8939903846153846 0.0568376068376068 0.0512019230769231
1 0.8294871794871795 0.6997596153846154 0.0307692307692308 0.0543269230769231
1 0.6188034188034188 0.9050480769230769 0.0538461538461538 0.0435096153846154
1 0.0196581196581197 0.8072115384615385 0.0376068376068376 0.0716346153846154
1 0.7235042735042735 0.9127403846153846 0.0367521367521368 0.0091346153846154
1 0.2153846153846154 0.8127403846153847 0.0598290598290598 0.0629807692307692
1 0.9358974358974359 0.6944711538461539 0.0299145299145299 0.0557692307692308
1 0.0688034188034188 0.8004807692307693 0.0491452991452991 0.0899038461538462
1 0.2068376068376068 0.6579326923076924 0.0555555555555556 0.0125000000000000
1 0.0726495726495727 0.7223557692307693 0.0645299145299145 0.0225961538461538
1 0.0200854700854701 0.7228365384615385 0.0367521367521368 0.0173076923076923
1 0.2987179487179487 0.7459134615384615 0.0730769230769231 0.0314903846153846
1 0.3854700854700855 0.7449519230769230 0.0931623931623932 0.0319711538461538
1 0.4606837606837607 0.7324519230769231 0.0474358974358974 0.0598557692307692
1 0.5115384615384615 0.7324519230769231 0.0512820512820513 0.0598557692307692
1 0.5871794871794872 0.7266826923076923 0.0918803418803419 0.0264423076923077
1 0.5880341880341881 0.7514423076923077 0.0893162393162393 0.0233173076923077
1 0.9764957264957265 0.7026442307692308 0.0431623931623932 0.0528846153846154
1 0.9000000000000000 0.7649038461538461 0.0905982905982906 0.0310096153846154
1 0.9756410256410256 0.7706730769230770 0.0500000000000000 0.0211538461538462
1 0.7192307692307692 0.7466346153846154 0.0572649572649573 0.0401442307692308
1 0.2764957264957265 0.8173076923076923 0.0500000000000000 0.0689903846153846
1 0.3448717948717949 0.8281250000000000 0.0504273504273504 0.0449519230769231
1 0.4017094017094017 0.8278846153846153 0.0529914529914530 0.0444711538461538
1 0.4606837606837607 0.8161057692307693 0.0517094017094017 0.0639423076923077
1 0.5102564102564102 0.8153846153846154 0.0444444444444444 0.0625000000000000
1 0.8217948717948718 0.7644230769230769 0.0619658119658120 0.0300480769230769
1 0.5833333333333334 0.8399038461538462 0.0841880341880342 0.0324519230769231
