1 0.6087622549019608 0.8721405228758170 0.0989583333333333 0.0183823529411765
1 0.7861519607843137 0.6813725490196079 0.0900735294117647 0.0257352941176471
1 0.8863357843137255 0.6797385620915033 0.1075367647058824 0.0245098039215686
1 0.7837009803921569 0.7107843137254902 0.0873161764705882 0.0265522875816993
1 0.4393382352941176 0.1764705882352941 0.0171568627450980 0.0727124183006536
1 0.8851102941176471 0.7120098039215687 0.1102941176470588 0.0241013071895425
1 0.6066176470588235 0.8468137254901961 0.0946691176470588 0.0245098039215686
1 0.7129289215686274 0.8394607843137255 0.0952818627450980 0.0314542483660131
1 0.8026960784313726 0.8725490196078431 0.0787377450980392 0.0187908496732026
1 0.3826593137254902 0.2091503267973856 0.0925245098039216 0.0228758169934641
1 0.8069852941176471 0.8227124183006536 0.0836397058823529 0.0200163398692810
1 0.8051470588235294 0.8517156862745098 0.0799632352941176 0.0245098039215686
1 0.9074754901960784 0.8092320261437909 0.1050857843137255 0.0334967320261438
1 0.1323529411764706 0.7107843137254902 0.0762867647058824 0.0187908496732026
1 0.9025735294117647 0.8439542483660131 0.1001838235294118 0.0314542483660131
1 0.9019607843137255 0.8713235294117647 0.0955882352941176 0.0208333333333333
1 0.3777573529411765 0.1478758169934641 0.0995710784313725 0.0298202614379085
1 0.6933210784313726 0.7099673202614379 0.0845588235294118 0.0200163398692810
1 0.7120098039215687 0.8696895424836601 0.0952818627450980 0.0249183006535948
1 0.6960784313725490 0.6813725490196079 0.0885416666666667 0.0318627450980392
1 0.2159926470588235 0.3925653594771242 0.0796568627450980 0.0273692810457516
1 0.6056985294117647 0.6776960784313726 0.0857843137254902 0.0220588235294118
1 0.1685049019607843 0.0200163398692810 0.0367647058823529 0.0375816993464052
1 0.2089460784313726 0.0208333333333333 0.0404411764705882 0.0371732026143791
1 0.0839460784313725 0.0923202614379085 0.0389093137254902 0.0531045751633987
1 0.0931372549019608 0.0424836601307190 0.0370710784313725 0.0367647058823529
1 0.2637867647058824 0.0567810457516340 0.0419730392156863 0.0224673202614379
1 0.3134191176470588 0.0596405228758170 0.0514705882352941 0.0171568627450980
1 0.1985294117647059 0.0910947712418301 0.0821078431372549 0.0437091503267974
1 0.2812500000000000 0.0919117647058824 0.0805759803921569 0.0412581699346405
1 0.1985294117647059 0.1331699346405229 0.0821078431372549 0.0388071895424837
1 0.2806372549019608 0.1331699346405229 0.0808823529411765 0.0379901960784314
1 0.6041666666666666 0.7058823529411765 0.0860906862745098 0.0281862745098039
1 0.1997549019607843 0.1727941176470588 0.0811887254901961 0.0359477124183007
1 0.2028186274509804 0.2046568627450980 0.0787377450980392 0.0257352941176471
1 0.2876838235294117 0.2054738562091503 0.0790441176470588 0.0253267973856209
1 0.1118259803921569 0.2062908496732026 0.0873161764705882 0.0200163398692810
1 0.3722426470588235 0.0600490196078431 0.0364583333333333 0.0310457516339869
1 0.3713235294117647 0.0943627450980392 0.0447303921568627 0.0257352941176471
1 0.3988970588235294 0.6854575163398693 0.1001838235294118 0.0187908496732026
1 0.3958333333333333 0.7091503267973857 0.0940563725490196 0.0204248366013072
1 0.4957107843137255 0.6474673202614379 0.0836397058823529 0.0285947712418301
1 0.4972426470588235 0.6801470588235294 0.0824142156862745 0.0322712418300654
1 0.5027573529411765 0.7103758169934641 0.0775122549019608 0.0232843137254902
1 0.2840073529411765 0.1727941176470588 0.0824142156862745 0.0404411764705882
1 0.1106004901960784 0.1760620915032680 0.0903799019607843 0.0285947712418301
1 0.4047181372549020 0.5641339869281046 0.0992647058823529 0.0208333333333333
1 0.3008578431372549 0.6850490196078431 0.0888480392156863 0.0249183006535948
1 0.6020220588235294 0.3022875816993464 0.0965073529411765 0.0339052287581699
1 0.4966299019607843 0.3872549019607843 0.0796568627450980 0.0314542483660131
1 0.4950980392156863 0.3513071895424836 0.0805759803921569 0.0314542483660131
1 0.4950980392156863 0.1311274509803922 0.0928308823529412 0.0343137254901961
1 0.4929534313725490 0.1703431372549020 0.0882352941176471 0.0363562091503268
1 0.4932598039215687 0.2034313725490196 0.0906862745098039 0.0228758169934641
1 0.6063112745098039 0.1613562091503268 0.0937500000000000 0.0257352941176471
1 0.7037377450980392 0.1629901960784314 0.0946691176470588 0.0261437908496732
1 0.8005514705882353 0.1613562091503268 0.0922181372549020 0.0253267973856209
1 0.6029411764705882 0.1887254901960784 0.0909926470588235 0.0228758169934641
1 0.6969975490196079 0.1895424836601307 0.0940563725490196 0.0232843137254902
1 0.7953431372549019 0.1891339869281046 0.0906862745098039 0.0236928104575163
1 0.8970588235294118 0.1813725490196078 0.0906862745098039 0.0298202614379085
1 0.4917279411764706 0.3125000000000000 0.0811887254901961 0.0351307189542484
1 0.3970588235294117 0.3868464052287582 0.0805759803921569 0.0281862745098039
1 0.3958333333333333 0.3508986928104575 0.0787377450980392 0.0306372549019608
1 0.3930759803921569 0.3153594771241830 0.0811887254901961 0.0310457516339869
1 0.8924632352941176 0.2083333333333333 0.0943627450980392 0.0167483660130719
1 0.1207107843137255 0.3280228758169935 0.0814950980392157 0.0326797385620915
1 0.2071078431372549 0.3288398692810457 0.0870098039215686 0.0302287581699346
1 0.1240808823529412 0.3611111111111111 0.0811887254901961 0.0294117647058824
1 0.2080269607843137 0.3615196078431372 0.0833333333333333 0.0302287581699346
1 0.1311274509803922 0.3901143790849673 0.0860906862745098 0.0273692810457516
1 0.7104779411764706 0.3566176470588235 0.1023284313725490 0.0302287581699346
1 0.3014705882352941 0.7128267973856209 0.0854779411764706 0.0228758169934641
1 0.8167892156862745 0.3558006535947713 0.1032475490196078 0.0379901960784314
1 0.6084558823529411 0.3848039215686275 0.0998774509803922 0.0265522875816993
1 0.2132352941176471 0.6846405228758170 0.0793504901960784 0.0236928104575163
1 0.2169117647058824 0.6470588235294118 0.0851715686274510 0.0228758169934641
1 0.1326593137254902 0.6801470588235294 0.0787377450980392 0.0249183006535948
1 0.9617034313725490 0.5682189542483660 0.0759803921568627 0.0334967320261438
1 0.8823529411764706 0.5718954248366013 0.0762867647058824 0.0216503267973856
1 0.8045343137254902 0.5690359477124183 0.0732230392156863 0.0232843137254902
1 0.7132352941176471 0.5486111111111112 0.1014093137254902 0.0302287581699346
1 0.6063112745098039 0.5457516339869281 0.1050857843137255 0.0294117647058824
1 0.5024509803921569 0.5792483660130719 0.0787377450980392 0.0224673202614379
1 0.4978553921568628 0.5420751633986928 0.0747549019607843 0.0469771241830065
1 0.4071691176470588 0.5845588235294118 0.1007965686274510 0.0134803921568627
1 0.3072916666666667 0.3868464052287582 0.0949754901960784 0.0355392156862745
1 0.4047181372549020 0.5367647058823529 0.1011029411764706 0.0302287581699346
1 0.3063725490196079 0.5808823529411765 0.0931372549019608 0.0257352941176471
1 0.2129289215686274 0.5821078431372549 0.0824142156862745 0.0253267973856209
1 0.1213235294117647 0.5841503267973857 0.0863970588235294 0.0147058823529412
1 0.2080269607843137 0.5522875816993464 0.0851715686274510 0.0318627450980392
1 0.1179534313725490 0.5575980392156863 0.0900735294117647 0.0236928104575163
1 0.2077205882352941 0.5155228758169934 0.0845588235294118 0.0330882352941176
1 0.1164215686274510 0.5281862745098039 0.0946691176470588 0.0306372549019608
1 0.9209558823529411 0.3892973856209150 0.1032475490196078 0.0290032679738562
1 0.8158700980392157 0.3897058823529412 0.0995710784313725 0.0265522875816993
1 0.7113970588235294 0.3888888888888889 0.0992647058823529 0.0249183006535948
1 0.9231004901960784 0.3533496732026144 0.1001838235294118 0.0355392156862745
1 0.6032475490196079 0.3508986928104575 0.1041666666666667 0.0330882352941176
1 0.3805147058823529 0.1797385620915033 0.0974264705882353 0.0265522875816993
1 0.2138480392156863 0.7099673202614379 0.0756740196078431 0.0200163398692810
