1 0.6734375000000000 0.5632812500000000 0.0348958333333333 0.0167968750000000
1 0.7671875000000000 0.5539062500000000 0.0177083333333333 0.0164062500000000
1 0.7729166666666667 0.5832031250000000 0.0130208333333333 0.0324218750000000
1 0.7286458333333333 0.5839843750000000 0.0182291666666667 0.0367187500000000
1 0.7114583333333333 0.5886718750000000 0.0171875000000000 0.0425781250000000
1 0.6135416666666667 0.5695312500000000 0.0244791666666667 0.0203125000000000
1 0.8046875000000000 0.6351562500000000 0.0114583333333333 0.0382812500000000
1 0.6927083333333334 0.5914062500000000 0.0161458333333333 0.0390625000000000
1 0.6750000000000000 0.5957031250000000 0.0166666666666667 0.0433593750000000
1 0.6489583333333333 0.6000000000000000 0.0223958333333333 0.0406250000000000
1 0.7510416666666667 0.5835937500000000 0.0223958333333333 0.0375000000000000
1 0.6234375000000000 0.6027343750000000 0.0203125000000000 0.0378906250000000
1 0.8776041666666666 0.5093750000000000 0.0145833333333333 0.0269531250000000
1 0.5567708333333333 0.6109375000000000 0.0447916666666667 0.0445312500000000
1 0.7348958333333333 0.5152343750000000 0.0151041666666667 0.0429687500000000
1 0.7151041666666667 0.5175781250000000 0.0197916666666667 0.0445312500000000
1 0.6895833333333333 0.5187500000000000 0.0255208333333333 0.0406250000000000
1 0.6666666666666666 0.5226562500000000 0.0166666666666667 0.0457031250000000
1 0.6432291666666666 0.5250000000000000 0.0229166666666667 0.0410156250000000
1 0.6187500000000000 0.5261718750000000 0.0192708333333333 0.0417968750000000
1 0.5953125000000000 0.5281250000000000 0.0244791666666667 0.0386718750000000
1 0.5567708333333333 0.5250000000000000 0.0421875000000000 0.0601562500000000
1 0.5036458333333333 0.5359375000000000 0.0494791666666667 0.0417968750000000
1 0.4500000000000000 0.5375000000000000 0.0562500000000000 0.0414062500000000
1 0.3890625000000000 0.5453125000000000 0.0401041666666667 0.0359375000000000
1 0.3343750000000000 0.5625000000000000 0.0619791666666667 0.0308593750000000
1 0.2677083333333333 0.5667968750000000 0.0671875000000000 0.0265625000000000
1 0.1984375000000000 0.5769531250000000 0.0671875000000000 0.0324218750000000
1 0.1255208333333333 0.5777343750000000 0.0760416666666667 0.0308593750000000
1 0.3322916666666667 0.5269531250000000 0.0578125000000000 0.0347656250000000
1 0.8187500000000000 0.6320312500000000 0.0145833333333333 0.0390625000000000
1 0.7552083333333334 0.5152343750000000 0.0218750000000000 0.0425781250000000
1 0.5973958333333333 0.6105468750000000 0.0286458333333333 0.0453125000000000
1 0.7760416666666666 0.5128906250000000 0.0151041666666667 0.0292968750000000
1 0.8098958333333334 0.5117187500000000 0.0135416666666667 0.0300781250000000
1 0.5031250000000000 0.6179687500000000 0.0203125000000000 0.0546875000000000
1 0.4593750000000000 0.6210937500000000 0.0583333333333333 0.0492187500000000
1 0.3932291666666667 0.6343750000000000 0.0588541666666667 0.0347656250000000
1 0.3947916666666667 0.5968750000000000 0.0635416666666667 0.0199218750000000
1 0.3213541666666667 0.6121093750000000 0.0744791666666667 0.0359375000000000
1 0.3208333333333334 0.6601562500000000 0.0713541666666667 0.0464843750000000
1 0.2583333333333334 0.6484375000000000 0.0442708333333333 0.0738281250000000
1 0.1932291666666667 0.6550781250000000 0.0776041666666667 0.0261718750000000
1 0.1927083333333333 0.6847656250000000 0.0796875000000000 0.0269531250000000
1 0.1125000000000000 0.6746093750000000 0.0661458333333333 0.0585937500000000
1 0.8942708333333333 0.5062500000000000 0.0151041666666667 0.0304687500000000
1 0.8625000000000000 0.5117187500000000 0.0130208333333333 0.0296875000000000
1 0.8666666666666667 0.4839843750000000 0.0166666666666667 0.0175781250000000
1 0.8421875000000000 0.4828125000000000 0.0171875000000000 0.0183593750000000
1 0.7822916666666667 0.4867187500000000 0.0187500000000000 0.0164062500000000
1 0.8458333333333333 0.5109375000000000 0.0187500000000000 0.0316406250000000
1 0.8270833333333333 0.5109375000000000 0.0192708333333333 0.0300781250000000
1 0.7932291666666667 0.5125000000000000 0.0166666666666667 0.0296875000000000
1 0.8411458333333334 0.6265625000000000 0.0276041666666667 0.0359375000000000
1 0.8260416666666667 0.7097656250000000 0.0208333333333333 0.0554687500000000
1 0.8770833333333333 0.6195312500000000 0.0135416666666667 0.0343750000000000
1 0.6119791666666666 0.2742187500000000 0.0463541666666667 0.0316406250000000
1 0.6557291666666667 0.2785156250000000 0.0312500000000000 0.0273437500000000
1 0.6911458333333333 0.2851562500000000 0.0364583333333333 0.0289062500000000
1 0.7302083333333333 0.2906250000000000 0.0338541666666667 0.0238281250000000
1 0.7651041666666667 0.2929687500000000 0.0307291666666667 0.0296875000000000
1 0.1255208333333333 0.4339843750000000 0.0807291666666667 0.0390625000000000
1 0.0677083333333333 0.4843750000000000 0.0291666666666667 0.0695312500000000
1 0.8838541666666667 0.3941406250000000 0.0432291666666667 0.0214843750000000
1 0.8500000000000000 0.3917968750000000 0.0197916666666667 0.0218750000000000
1 0.7968750000000000 0.2976562500000000 0.0328125000000000 0.0296875000000000
1 0.8291666666666667 0.3019531250000000 0.0276041666666667 0.0226562500000000
1 0.8572916666666667 0.3054687500000000 0.0234375000000000 0.0269531250000000
1 0.8854166666666666 0.3097656250000000 0.0302083333333333 0.0191406250000000
1 0.9088541666666666 0.3097656250000000 0.0156250000000000 0.0238281250000000
1 0.1244791666666667 0.2937500000000000 0.0781250000000000 0.0402343750000000
1 0.2062500000000000 0.3007812500000000 0.0697916666666667 0.0343750000000000
1 0.2770833333333333 0.3039062500000000 0.0651041666666667 0.0425781250000000
1 0.3463541666666667 0.3089843750000000 0.0604166666666667 0.0300781250000000
1 0.4026041666666667 0.3125000000000000 0.0473958333333333 0.0355468750000000
1 0.2020833333333333 0.4335937500000000 0.0656250000000000 0.0347656250000000
1 0.2697916666666667 0.4320312500000000 0.0666666666666667 0.0324218750000000
1 0.3364583333333334 0.4320312500000000 0.0614583333333333 0.0316406250000000
1 0.3937500000000000 0.4304687500000000 0.0536458333333333 0.0292968750000000
1 0.5130208333333334 0.2632812500000000 0.0479166666666667 0.0410156250000000
1 0.5630208333333333 0.2710937500000000 0.0505208333333333 0.0234375000000000
1 0.7994791666666666 0.4421875000000000 0.0130208333333333 0.0441406250000000
1 0.7848958333333333 0.4425781250000000 0.0171875000000000 0.0445312500000000
1 0.7645833333333333 0.4425781250000000 0.0166666666666667 0.0417968750000000
1 0.7265625000000000 0.4457031250000000 0.0140625000000000 0.0414062500000000
1 0.7119791666666667 0.4453125000000000 0.0140625000000000 0.0417968750000000
1 0.6937500000000000 0.4433593750000000 0.0182291666666667 0.0460937500000000
1 0.6760416666666667 0.4453125000000000 0.0192708333333333 0.0484375000000000
1 0.4593750000000000 0.3175781250000000 0.0583333333333333 0.0253906250000000
1 0.6531250000000000 0.4457031250000000 0.0218750000000000 0.0480468750000000
1 0.6078125000000000 0.4488281250000000 0.0375000000000000 0.0445312500000000
1 0.5640625000000000 0.4511718750000000 0.0442708333333333 0.0449218750000000
1 0.5119791666666667 0.4496093750000000 0.0536458333333333 0.0460937500000000
1 0.1244791666666667 0.4722656250000000 0.0723958333333333 0.0335937500000000
1 0.2000000000000000 0.4714843750000000 0.0645833333333333 0.0292968750000000
1 0.2723958333333333 0.4667968750000000 0.0708333333333333 0.0347656250000000
1 0.3406250000000000 0.4656250000000000 0.0572916666666667 0.0289062500000000
1 0.3958333333333333 0.4636718750000000 0.0520833333333333 0.0316406250000000
1 0.4526041666666666 0.4574218750000000 0.0578125000000000 0.0398437500000000
1 0.6333333333333333 0.4464843750000000 0.0145833333333333 0.0488281250000000
1 0.5177083333333333 0.3234375000000000 0.0489583333333333 0.0351562500000000
1 0.5630208333333333 0.3277343750000000 0.0380208333333333 0.0261718750000000
1 0.6067708333333334 0.3289062500000000 0.0473958333333333 0.0316406250000000
1 0.7140625000000000 0.2281250000000000 0.0177083333333333 0.0453125000000000
1 0.6906250000000000 0.2207031250000000 0.0239583333333333 0.0531250000000000
1 0.6671875000000000 0.2183593750000000 0.0218750000000000 0.0460937500000000
1 0.6421875000000000 0.2125000000000000 0.0208333333333333 0.0546875000000000
1 0.6166666666666667 0.2117187500000000 0.0265625000000000 0.0507812500000000
1 0.5875000000000000 0.2042968750000000 0.0291666666666667 0.0570312500000000
1 0.5578125000000000 0.2015625000000000 0.0234375000000000 0.0492187500000000
1 0.5338541666666666 0.1949218750000000 0.0197916666666667 0.0562500000000000
1 0.4901041666666667 0.1972656250000000 0.0541666666666667 0.0367187500000000
1 0.7359375000000000 0.2324218750000000 0.0166666666666667 0.0527343750000000
1 0.4296875000000000 0.1886718750000000 0.0562500000000000 0.0410156250000000
1 0.4286458333333333 0.1421875000000000 0.0588541666666667 0.0460937500000000
1 0.3625000000000000 0.1785156250000000 0.0734375000000000 0.0332031250000000
1 0.3635416666666667 0.1289062500000000 0.0713541666666667 0.0468750000000000
1 0.2921875000000000 0.1597656250000000 0.0677083333333333 0.0417968750000000
1 0.2901041666666667 0.1089843750000000 0.0708333333333333 0.0410156250000000
1 0.2125000000000000 0.1488281250000000 0.0843750000000000 0.0406250000000000
1 0.2093750000000000 0.0972656250000000 0.0807291666666667 0.0476562500000000
1 0.1213541666666667 0.1359375000000000 0.0911458333333333 0.0425781250000000
1 0.1218750000000000 0.0804687500000000 0.0885416666666667 0.0480468750000000
1 0.4911458333333333 0.1527343750000000 0.0567708333333333 0.0363281250000000
1 0.4625000000000000 0.2554687500000000 0.0484375000000000 0.0273437500000000
1 0.7557291666666667 0.2355468750000000 0.0192708333333333 0.0480468750000000
1 0.8182291666666667 0.2378906250000000 0.0223958333333333 0.0625000000000000
1 0.6526041666666667 0.3312500000000000 0.0416666666666667 0.0253906250000000
1 0.6895833333333333 0.3351562500000000 0.0296875000000000 0.0312500000000000
1 0.7234375000000000 0.3382812500000000 0.0364583333333333 0.0234375000000000
1 0.8630208333333333 0.6234375000000000 0.0135416666666667 0.0375000000000000
1 0.7598958333333333 0.3425781250000000 0.0276041666666667 0.0308593750000000
1 0.7963541666666667 0.3437500000000000 0.0354166666666667 0.0246093750000000
1 0.8276041666666667 0.3476562500000000 0.0244791666666667 0.0199218750000000
1 0.8520833333333333 0.3484375000000000 0.0244791666666667 0.0246093750000000
1 0.8802083333333334 0.3503906250000000 0.0317708333333333 0.0207031250000000
1 0.7890625000000000 0.2324218750000000 0.0296875000000000 0.0675781250000000
1 0.9057291666666667 0.3527343750000000 0.0140625000000000 0.0269531250000000
1 0.1166666666666667 0.3703125000000000 0.0786458333333333 0.0410156250000000
1 0.1979166666666667 0.3726562500000000 0.0703125000000000 0.0375000000000000
1 0.2671875000000000 0.3734375000000000 0.0656250000000000 0.0406250000000000
1 0.3359375000000000 0.3785156250000000 0.0609375000000000 0.0320312500000000
1 0.3989583333333334 0.3785156250000000 0.0635416666666667 0.0351562500000000
1 0.4583333333333333 0.3808593750000000 0.0520833333333333 0.0300781250000000
1 0.5119791666666667 0.3824218750000000 0.0489583333333333 0.0335937500000000
1 0.8645833333333334 0.2445312500000000 0.0166666666666667 0.0648437500000000
1 0.8411458333333334 0.2402343750000000 0.0234375000000000 0.0679687500000000
1 0.0364583333333333 0.3687500000000000 0.0729166666666667 0.0679687500000000
1 0.4046875000000000 0.2457031250000000 0.0598958333333333 0.0421875000000000
1 0.8135416666666667 0.4433593750000000 0.0171875000000000 0.0429687500000000
1 0.2729166666666666 0.2320312500000000 0.0692708333333333 0.0453125000000000
1 0.0322916666666667 0.7218750000000000 0.0651041666666667 0.0589843750000000
1 0.0322916666666667 0.7957031250000000 0.0645833333333333 0.0691406250000000
1 0.1250000000000000 0.7800781250000000 0.0906250000000000 0.0406250000000000
1 0.2140625000000000 0.7722656250000000 0.0812500000000000 0.0511718750000000
1 0.3093750000000000 0.7140625000000000 0.1135416666666667 0.0210937500000000
1 0.3114583333333333 0.7449218750000000 0.1067708333333333 0.0312500000000000
1 0.4130208333333333 0.6953125000000000 0.0843750000000000 0.0203125000000000
1 0.4109375000000000 0.7210937500000000 0.0911458333333333 0.0296875000000000
1 0.4718750000000000 0.7027343750000000 0.0265625000000000 0.0476562500000000
1 0.8885416666666667 0.5707031250000000 0.0156250000000000 0.0343750000000000
1 0.5604166666666667 0.3828125000000000 0.0411458333333333 0.0289062500000000
1 0.6416666666666667 0.3855468750000000 0.0395833333333333 0.0285156250000000
1 0.6822916666666666 0.3878906250000000 0.0359375000000000 0.0226562500000000
1 0.7182291666666667 0.3863281250000000 0.0338541666666667 0.0269531250000000
1 0.7567708333333333 0.3890625000000000 0.0375000000000000 0.0234375000000000
1 0.7921875000000000 0.3882812500000000 0.0312500000000000 0.0246093750000000
1 0.8255208333333334 0.3917968750000000 0.0286458333333333 0.0199218750000000
1 0.3401041666666667 0.2402343750000000 0.0604166666666667 0.0300781250000000
1 0.5458333333333333 0.6863281250000000 0.0609375000000000 0.0363281250000000
1 0.6046875000000000 0.6785156250000000 0.0510416666666667 0.0527343750000000
1 0.6005208333333333 0.3855468750000000 0.0390625000000000 0.0238281250000000
1 0.6479166666666667 0.6703125000000000 0.0286458333333333 0.0320312500000000
1 0.8729166666666667 0.5722656250000000 0.0125000000000000 0.0359375000000000
1 0.8416666666666667 0.5785156250000000 0.0114583333333333 0.0328125000000000
1 0.0906250000000000 0.8820312500000000 0.1322916666666667 0.0277343750000000
1 0.0218750000000000 0.9453125000000000 0.0437500000000000 0.0839843750000000
1 0.1572916666666667 0.9222656250000000 0.1072916666666667 0.0488281250000000
1 0.2666666666666667 0.8789062500000000 0.0932291666666667 0.0664062500000000
1 0.3640625000000000 0.7945312500000000 0.0916666666666667 0.0203125000000000
1 0.3630208333333333 0.8285156250000000 0.0932291666666667 0.0425781250000000
1 0.3640625000000000 0.8703125000000000 0.0880208333333333 0.0250000000000000
1 0.2682291666666667 0.5289062500000000 0.0598958333333333 0.0308593750000000
1 0.2015625000000000 0.5367187500000000 0.0687500000000000 0.0292968750000000
1 0.8578125000000000 0.5738281250000000 0.0114583333333333 0.0343750000000000
1 0.1239583333333333 0.5421875000000000 0.0770833333333333 0.0320312500000000
1 0.8843750000000000 0.4433593750000000 0.0161458333333333 0.0332031250000000
1 0.8671875000000000 0.4441406250000000 0.0135416666666667 0.0320312500000000
1 0.8489583333333334 0.4449218750000000 0.0223958333333333 0.0335937500000000
1 0.8296875000000000 0.4429687500000000 0.0130208333333333 0.0332031250000000
1 0.7901041666666667 0.5832031250000000 0.0151041666666667 0.0351562500000000
1 0.8067708333333333 0.5789062500000000 0.0156250000000000 0.0300781250000000
1 0.7994791666666666 0.5503906250000000 0.0239583333333333 0.0187500000000000
1 0.8348958333333333 0.5476562500000000 0.0234375000000000 0.0222656250000000
1 0.8270833333333333 0.5777343750000000 0.0145833333333333 0.0332031250000000
1 0.9005208333333333 0.4425781250000000 0.0114583333333333 0.0320312500000000
1 0.6739583333333333 0.6628906250000000 0.0187500000000000 0.0441406250000000
1 0.5010416666666667 0.7011718750000000 0.0239583333333333 0.0445312500000000
1 0.7182291666666667 0.6554687500000000 0.0135416666666667 0.0402343750000000
1 0.2015625000000000 0.2253906250000000 0.0687500000000000 0.0292968750000000
1 0.1218750000000000 0.2140625000000000 0.0776041666666667 0.0460937500000000
1 0.9031250000000000 0.2539062500000000 0.0208333333333333 0.0609375000000000
1 0.8828125000000000 0.2453125000000000 0.0166666666666667 0.0691406250000000
1 0.8708333333333333 0.6996093750000000 0.0213541666666667 0.0511718750000000
1 0.8473958333333333 0.7039062500000000 0.0187500000000000 0.0535156250000000
1 0.7973958333333333 0.6890625000000000 0.0130208333333333 0.0359375000000000
1 0.6958333333333333 0.6589843750000000 0.0223958333333333 0.0398437500000000
1 0.7755208333333333 0.7367187500000000 0.0177083333333333 0.0437500000000000
1 0.7578125000000000 0.7382812500000000 0.0114583333333333 0.0421875000000000
1 0.7781250000000000 0.6917968750000000 0.0151041666666667 0.0378906250000000
1 0.7593750000000000 0.6968750000000000 0.0145833333333333 0.0296875000000000
1 0.7380208333333333 0.7308593750000000 0.0208333333333333 0.0765625000000000
1 0.7062500000000000 0.7429687500000000 0.0385416666666667 0.0859375000000000
1 0.6703125000000000 0.7515625000000000 0.0312500000000000 0.0785156250000000
1 0.7947916666666667 0.7277343750000000 0.0119791666666667 0.0429687500000000
1 0.6364583333333333 0.7316406250000000 0.0208333333333333 0.0445312500000000
1 0.4541666666666667 0.7871093750000000 0.0807291666666667 0.0207031250000000
1 0.7880208333333333 0.6386718750000000 0.0187500000000000 0.0390625000000000
1 0.6328125000000000 0.7781250000000000 0.0270833333333333 0.0425781250000000
1 0.7645833333333333 0.6421875000000000 0.0250000000000000 0.0457031250000000
1 0.7406250000000000 0.6500000000000000 0.0177083333333333 0.0371093750000000
1 0.4536458333333334 0.8160156250000000 0.0796875000000000 0.0175781250000000
1 0.4526041666666666 0.8429687500000000 0.0770833333333333 0.0253906250000000
1 0.5182291666666666 0.8183593750000000 0.0296875000000000 0.0441406250000000
1 0.5187500000000000 0.7644531250000000 0.0302083333333333 0.0488281250000000
1 0.5531250000000000 0.8062500000000000 0.0223958333333333 0.0410156250000000
1 0.5812500000000000 0.7976562500000000 0.0166666666666667 0.0464843750000000
1 0.5781250000000000 0.7500000000000000 0.0171875000000000 0.0472656250000000
1 0.6036458333333333 0.7371093750000000 0.0291666666666667 0.0433593750000000
1 0.6057291666666667 0.7843750000000000 0.0239583333333333 0.0492187500000000
1 0.5505208333333333 0.7570312500000000 0.0255208333333333 0.0496093750000000
