1 0.5980392156862745 0.4261642156862745 0.0433006535947712 0.0857843137254902
1 0.5142973856209150 0.2300857843137255 0.0449346405228758 0.0370710784313725
1 0.1646241830065359 0.2316176470588235 0.0490196078431373 0.0303308823529412
1 0.2855392156862745 0.2199754901960784 0.0645424836601307 0.0496323529411765
1 0.3451797385620915 0.2199754901960784 0.0290032679738562 0.0474877450980392
1 0.3950163398692810 0.2150735294117647 0.0241013071895425 0.0572916666666667
1 0.4260620915032680 0.2052696078431372 0.0318627450980392 0.0787377450980392
1 0.4652777777777778 0.2135416666666667 0.0339052287581699 0.0235906862745098
1 0.4636437908496732 0.2374387254901961 0.0404411764705882 0.0189950980392157
1 0.5567810457516340 0.2282475490196078 0.0449346405228758 0.0370710784313725
1 0.5935457516339869 0.2113970588235294 0.0290032679738562 0.0710784313725490
1 0.0698529411764706 0.2074142156862745 0.0502450980392157 0.0686274509803922
1 0.0347222222222222 0.3128063725490196 0.0490196078431373 0.0870098039215686
1 0.3067810457516340 0.3167892156862745 0.0363562091503268 0.0787377450980392
1 0.1307189542483660 0.3149509803921569 0.0449346405228758 0.0876225490196078
1 0.8300653594771242 0.3403799019607843 0.0359477124183007 0.0386029411764706
1 0.7961601307189542 0.3207720588235294 0.0310457516339869 0.0689338235294118
1 0.7679738562091504 0.3143382352941176 0.0326797385620915 0.0836397058823529
1 0.6866830065359477 0.3409926470588235 0.0449346405228758 0.0284926470588235
1 0.6862745098039216 0.3069852941176471 0.0486111111111111 0.0404411764705882
1 0.6401143790849673 0.3339460784313725 0.0400326797385621 0.0471813725490196
1 0.6013071895424836 0.3348651960784313 0.0400326797385621 0.0474877450980392
1 0.5665849673202614 0.3348651960784313 0.0310457516339869 0.0474877450980392
1 0.5306372549019608 0.3174019607843137 0.0420751633986928 0.0824142156862745
1 0.4342320261437909 0.3311887254901961 0.0359477124183007 0.0502450980392157
1 0.3880718954248366 0.3348651960784313 0.0531045751633987 0.0536151960784314
1 0.3451797385620915 0.3327205882352941 0.0290032679738562 0.0520833333333333
1 0.6331699346405228 0.1721813725490196 0.0334967320261438 0.0520833333333333
1 0.2700163398692810 0.3198529411764706 0.0404411764705882 0.0778186274509804
1 0.1683006535947713 0.3177083333333333 0.0330882352941176 0.0768995098039216
1 0.0837418300653595 0.3134191176470588 0.0433006535947712 0.0857843137254902
1 0.6335784313725490 0.2242647058823529 0.0473856209150327 0.0453431372549020
1 0.6441993464052288 0.7199754901960784 0.0400326797385621 0.0667892156862745
1 0.7079248366013072 0.2110906862745098 0.0486111111111111 0.0655637254901961
1 0.1866830065359477 0.5416666666666666 0.0196078431372549 0.0407475490196078
1 0.1621732026143791 0.5254289215686274 0.0253267973856209 0.0689338235294118
1 0.1245915032679739 0.5180759803921569 0.0453431372549020 0.0879289215686275
1 0.0816993464052288 0.5468750000000000 0.0359477124183007 0.0303308823529412
1 0.0833333333333333 0.5101102941176471 0.0379901960784314 0.0389093137254902
1 0.0412581699346405 0.5189950980392157 0.0359477124183007 0.0821078431372549
1 0.1135620915032680 0.6240808823529411 0.0379901960784314 0.0603553921568627
1 0.1919934640522876 0.6173406862745098 0.0404411764705882 0.0738357843137255
1 0.2495915032679739 0.6265318627450981 0.0383986928104575 0.0683210784313725
1 0.2087418300653595 0.5367647058823529 0.0220588235294118 0.0533088235294118
1 0.2826797385620915 0.6234681372549019 0.0294117647058824 0.0634191176470588
1 0.4117647058823529 0.6207107843137255 0.0490196078431373 0.0738357843137255
1 0.4763071895424836 0.6161151960784313 0.0379901960784314 0.0876225490196078
1 0.5747549019607843 0.6256127450980392 0.0290032679738562 0.0701593137254902
1 0.6102941176470589 0.6243872549019608 0.0445261437908497 0.0707720588235294
1 0.6523692810457516 0.6243872549019608 0.0441176470588235 0.0707720588235294
1 0.2177287581699346 0.0928308823529412 0.0604575163398693 0.0134803921568627
1 0.1503267973856209 0.0992647058823529 0.0608660130718954 0.0134803921568627
1 0.1503267973856209 0.1124387254901961 0.0604575163398693 0.0134803921568627
1 0.0498366013071895 0.1035539215686275 0.0473856209150327 0.0422794117647059
1 0.3696895424836601 0.6194852941176471 0.0404411764705882 0.0716911764705882
1 0.6674836601307189 0.2162990196078431 0.0204248366013072 0.0566789215686275
1 0.2450980392156863 0.5211397058823529 0.0379901960784314 0.0821078431372549
1 0.3329248366013072 0.5416666666666666 0.0355392156862745 0.0407475490196078
1 0.8619281045751634 0.2022058823529412 0.0469771241830065 0.0808823529411765
1 0.9101307189542484 0.1991421568627451 0.0339052287581699 0.0894607843137255
1 0.9464869281045751 0.1966911764705882 0.0343137254901961 0.0876225490196078
1 0.9779411764705882 0.1976102941176471 0.0285947712418301 0.0897671568627451
1 0.9816176470588235 0.0753676470588235 0.0273692810457516 0.0701593137254902
1 0.9375000000000000 0.0738357843137255 0.0339052287581699 0.0775122549019608
1 0.8917483660130719 0.0713848039215686 0.0567810457516340 0.0824142156862745
1 0.8370098039215687 0.0747549019607843 0.0445261437908497 0.0860906862745098
1 0.7655228758169934 0.7193627450980392 0.0441176470588235 0.0857843137254902
1 0.2875816993464052 0.5205269607843137 0.0428921568627451 0.0857843137254902
1 0.3300653594771242 0.7123161764705882 0.0355392156862745 0.0811887254901961
1 0.4812091503267974 0.7049632352941176 0.0400326797385621 0.0723039215686275
1 0.5310457516339869 0.7343750000000000 0.0265522875816993 0.0502450980392157
1 0.5604575163398693 0.7169117647058824 0.0318627450980392 0.0652573529411765
1 0.5984477124183006 0.7205882352941176 0.0400326797385621 0.0667892156862745
1 0.8880718954248366 0.3443627450980392 0.0518790849673203 0.0217524509803922
1 0.6789215686274510 0.7193627450980392 0.0330882352941176 0.0649509803921569
1 0.7201797385620915 0.7187500000000000 0.0445261437908497 0.0857843137254902
1 0.3819444444444444 0.5018382352941176 0.0482026143790850 0.0318627450980392
1 0.4268790849673202 0.5052083333333334 0.0334967320261438 0.0386029411764706
1 0.3656045751633987 0.7123161764705882 0.0339052287581699 0.0811887254901961
1 0.9313725490196079 0.3125000000000000 0.0404411764705882 0.0857843137254902
1 0.3843954248366013 0.2815563725490196 0.0428921568627451 0.0502450980392157
1 0.0388071895424837 0.4185049019607843 0.0404411764705882 0.0839460784313725
1 0.8966503267973857 0.4163602941176471 0.0294117647058824 0.0618872549019608
1 0.8104575163398693 0.4191176470588235 0.0428921568627451 0.0894607843137255
1 0.7659313725490197 0.4237132352941176 0.0424836601307190 0.0903799019607843
1 0.6883169934640523 0.4206495098039216 0.0449346405228758 0.0860906862745098
1 0.2177287581699346 0.1115196078431373 0.0608660130718954 0.0134803921568627
1 0.3692810457516340 0.0922181372549020 0.0445261437908497 0.0438112745098039
1 0.4040032679738562 0.0848651960784314 0.0298202614379085 0.0658700980392157
1 0.4358660130718954 0.0851715686274510 0.0294117647058824 0.0566789215686275
1 0.4783496732026144 0.0952818627450980 0.0514705882352941 0.0389093137254902
1 0.5228758169934641 0.0989583333333333 0.0375816993464052 0.0333946078431373
1 0.5253267973856209 0.0625000000000000 0.0469771241830065 0.0355392156862745
1 0.6678921568627451 0.0922181372549020 0.0449346405228758 0.0407475490196078
1 0.7467320261437909 0.0909926470588235 0.0808823529411765 0.0392156862745098
1 0.9734477124183006 0.7248774509803921 0.0424836601307190 0.0778186274509804
1 0.9276960784313726 0.7227328431372549 0.0420751633986928 0.0775122549019608
1 0.9305555555555556 0.4111519607843137 0.0306372549019608 0.0618872549019608
1 0.9660947712418301 0.4102328431372549 0.0383986928104575 0.0637254901960784
1 0.9787581699346405 0.5217524509803921 0.0359477124183007 0.0851715686274510
1 0.9330065359477124 0.5186887254901961 0.0294117647058824 0.0909926470588235
1 0.5608660130718954 0.4338235294117647 0.0310457516339869 0.0618872549019608
1 0.7769607843137255 0.5211397058823529 0.0371732026143791 0.0821078431372549
1 0.5249183006535948 0.4359681372549020 0.0330882352941176 0.0557598039215686
1 0.4918300653594771 0.4338235294117647 0.0334967320261438 0.0618872549019608
1 0.4587418300653595 0.4227941176470588 0.0265522875816993 0.0793504901960784
1 0.4330065359477124 0.4316789215686275 0.0294117647058824 0.0643382352941176
1 0.8218954248366013 0.5199142156862745 0.0433006535947712 0.0842524509803922
1 0.6960784313725490 0.6259191176470589 0.0371732026143791 0.0741421568627451
1 0.9779411764705882 0.3118872549019608 0.0465686274509804 0.0906862745098039
1 0.3639705882352941 0.4476102941176471 0.0404411764705882 0.0300245098039216
1 0.8660130718954249 0.5413602941176471 0.0355392156862745 0.0502450980392157
1 0.3688725490196079 0.4181985294117647 0.0445261437908497 0.0303308823529412
1 0.3259803921568628 0.4188112745098039 0.0379901960784314 0.0269607843137255
1 0.2397875816993464 0.4203431372549020 0.0490196078431373 0.0759803921568627
1 0.1924019607843137 0.4200367647058824 0.0424836601307190 0.0805759803921569
1 0.8999183006535948 0.5272671568627451 0.0224673202614379 0.0738357843137255
1 0.3243464052287582 0.4476102941176471 0.0359477124183007 0.0257352941176471
1 0.7336601307189542 0.6268382352941176 0.0404411764705882 0.0723039215686275
1 0.3198529411764706 0.0916053921568627 0.0445261437908497 0.0438112745098039
1 0.8084150326797386 0.6308210784313726 0.0379901960784314 0.0667892156862745
1 0.3754084967320261 0.5425857843137255 0.0518790849673203 0.0349264705882353
1 0.7728758169934641 0.6234681372549019 0.0314542483660131 0.0634191176470588
1 0.1327614379084967 0.7141544117647058 0.0404411764705882 0.0775122549019608
1 0.1719771241830065 0.7123161764705882 0.0375816993464052 0.0768995098039216
1 0.2201797385620915 0.7162990196078431 0.0355392156862745 0.0775122549019608
1 0.2561274509803921 0.7089460784313726 0.0363562091503268 0.0772058823529412
1 0.4272875816993464 0.5441176470588235 0.0465686274509804 0.0401348039215686
1 0.6380718954248366 0.4212622549019608 0.0469771241830065 0.0870098039215686
1 0.8104575163398693 0.7199754901960784 0.0445261437908497 0.0857843137254902
1 0.1482843137254902 0.4218750000000000 0.0473856209150327 0.0854779411764706
1 0.4975490196078431 0.5327818627450981 0.0388071895424837 0.0588235294117647
1 0.5326797385620915 0.5232843137254902 0.0294117647058824 0.0603553921568627
1 0.5739379084967320 0.5238970588235294 0.0449346405228758 0.0805759803921569
1 0.2953431372549020 0.7113970588235294 0.0355392156862745 0.0790441176470588
1 0.7316176470588235 0.5199142156862745 0.0449346405228758 0.0870098039215686
1 0.8459967320261438 0.6299019607843137 0.0322712418300654 0.0646446078431373
1 0.8774509803921569 0.6268382352941176 0.0322712418300654 0.0643382352941176
1 0.6899509803921569 0.5214460784313726 0.0359477124183007 0.0772058823529412
1 0.4591503267973856 0.5352328431372549 0.0232843137254902 0.0496323529411765
1 0.0943627450980392 0.7123161764705882 0.0363562091503268 0.0811887254901961
1 0.9673202614379085 0.6237745098039216 0.0473856209150327 0.0894607843137255
1 0.9183006535947712 0.6182598039215687 0.0473856209150327 0.0891544117647059
1 0.1045751633986928 0.4191176470588235 0.0445261437908497 0.0824142156862745
