1 0.3183760683760684 0.1805288461538462 0.0572649572649573 0.0728365384615385
1 0.3277777777777778 0.1350961538461538 0.0606837606837607 0.0177884615384615
1 0.0820512820512821 0.3862980769230769 0.0482905982905983 0.0485576923076923
1 0.6427350427350428 0.5449519230769231 0.0705128205128205 0.0492788461538462
1 0.5457264957264957 0.5500000000000000 0.0384615384615385 0.0411057692307692
1 0.5085470085470085 0.5490384615384616 0.0367521367521368 0.0430288461538462
1 0.4525641025641026 0.5427884615384615 0.0525641025641026 0.0641826923076923
1 0.3910256410256410 0.5425480769230769 0.0444444444444444 0.0540865384615385
1 0.4410256410256410 0.6185096153846154 0.0764957264957265 0.0211538461538462
1 0.5367521367521367 0.6170673076923077 0.0846153846153846 0.0250000000000000
1 0.6260683760683761 0.6187500000000000 0.0799145299145299 0.0264423076923077
1 0.7085470085470086 0.5942307692307692 0.0871794871794872 0.0206730769230769
1 0.7102564102564103 0.6161057692307692 0.0846153846153846 0.0235576923076923
1 0.3452991452991453 0.5447115384615384 0.0470085470085470 0.0512019230769231
1 0.3029914529914530 0.5454326923076923 0.0435897435897436 0.0502403846153846
1 0.2576923076923077 0.5519230769230770 0.0380341880341880 0.0391826923076923
1 0.2192307692307692 0.5531250000000000 0.0376068376068376 0.0439903846153846
1 0.1722222222222222 0.5403846153846154 0.0547008547008547 0.0641826923076923
1 0.1132478632478632 0.5432692307692307 0.0645299145299145 0.0627403846153846
1 0.8739316239316239 0.4706730769230769 0.0854700854700855 0.0350961538461538
1 0.7081196581196582 0.4709134615384615 0.0863247863247863 0.0307692307692308
1 0.5982905982905983 0.4634615384615385 0.0542735042735043 0.0444711538461538
1 0.5076923076923077 0.4656250000000000 0.1034188034188034 0.0492788461538462
1 0.3982905982905983 0.4677884615384615 0.0935897435897436 0.0459134615384615
1 0.7132478632478633 0.5495192307692308 0.0709401709401709 0.0420673076923077
1 0.7730769230769231 0.5456730769230769 0.0542735042735043 0.0483173076923077
1 0.8205128205128205 0.5555288461538461 0.0384615384615385 0.0276442307692308
1 0.8106837606837607 0.5216346153846154 0.0226495726495726 0.0192307692307692
1 0.3803418803418803 0.6985576923076923 0.0786324786324786 0.0274038461538462
1 0.4538461538461538 0.6971153846153846 0.0679487179487179 0.0250000000000000
1 0.5089743589743589 0.6850961538461539 0.0290598290598291 0.0519230769230769
1 0.5435897435897435 0.6862980769230769 0.0427350427350427 0.0418269230769231
1 0.5837606837606838 0.6896634615384616 0.0376068376068376 0.0355769230769231
1 0.6239316239316239 0.6903846153846154 0.0414529914529915 0.0379807692307692
1 0.6688034188034188 0.6908653846153846 0.0461538461538462 0.0379807692307692
1 0.9384615384615385 0.4004807692307693 0.0333333333333333 0.0288461538461538
1 0.7683760683760684 0.6875000000000000 0.0444444444444444 0.0495192307692308
1 0.8123931623931624 0.6867788461538461 0.0431623931623932 0.0475961538461538
1 0.3064102564102564 0.4685096153846154 0.0841880341880342 0.0483173076923077
1 0.8500000000000000 0.6831730769230769 0.0333333333333333 0.0533653846153846
1 0.2085470085470086 0.6194711538461538 0.0931623931623932 0.0177884615384615
1 0.2042735042735043 0.5987980769230770 0.0863247863247863 0.0206730769230769
1 0.2739316239316240 0.6206730769230769 0.0320512820512820 0.0230769230769231
1 0.3055555555555556 0.6170673076923077 0.0316239316239316 0.0230769230769231
1 0.3619658119658120 0.6177884615384616 0.0803418803418803 0.0211538461538462
1 0.2029914529914530 0.1750000000000000 0.0564102564102564 0.0766826923076923
1 0.1585470085470085 0.1829326923076923 0.0316239316239316 0.0615384615384615
1 0.1149572649572650 0.1908653846153846 0.0427350427350427 0.0427884615384615
1 0.0735042735042735 0.1901442307692308 0.0363247863247863 0.0447115384615385
1 0.8623931623931624 0.5574519230769230 0.0452991452991453 0.0262019230769231
1 0.1277777777777778 0.6192307692307693 0.0683760683760684 0.0177884615384615
1 0.3055555555555556 0.6995192307692307 0.0743589743589744 0.0250000000000000
1 0.2230769230769231 0.4713942307692308 0.0837606837606838 0.0435096153846154
1 0.0880341880341880 0.4733173076923077 0.0611111111111111 0.0451923076923077
1 0.7717948717948718 0.2870192307692307 0.0512820512820513 0.0490384615384615
1 0.8170940170940171 0.2812500000000000 0.0397435897435897 0.0610576923076923
1 0.8517094017094017 0.2867788461538461 0.0324786324786325 0.0485576923076923
1 0.8876068376068376 0.2853365384615384 0.0358974358974359 0.0528846153846154
1 0.9158119658119658 0.2879807692307692 0.0239316239316239 0.0485576923076923
1 0.9358974358974359 0.3040865384615384 0.0128205128205128 0.0278846153846154
1 0.9615384615384616 0.3007211538461538 0.0128205128205128 0.0259615384615385
1 0.9760683760683760 0.2980769230769231 0.0166666666666667 0.0322115384615385
1 0.9914529914529915 0.2992788461538461 0.0136752136752137 0.0350961538461538
1 0.9594017094017094 0.3423076923076923 0.0388888888888889 0.0153846153846154
1 0.9119658119658119 0.3427884615384615 0.0478632478632479 0.0141826923076923
1 0.9799145299145299 0.3692307692307693 0.0329059829059829 0.0192307692307692
1 0.6773504273504274 0.3836538461538462 0.0307692307692308 0.0528846153846154
1 0.7102564102564103 0.3824519230769231 0.0333333333333333 0.0504807692307692
1 0.7418803418803419 0.3841346153846154 0.0299145299145299 0.0490384615384615
1 0.7884615384615384 0.3793269230769231 0.0252136752136752 0.0637019230769231
1 0.8226495726495726 0.3805288461538461 0.0384615384615385 0.0632211538461538
1 0.8576923076923076 0.3810096153846154 0.0324786324786325 0.0651442307692308
1 0.8978632478632479 0.3836538461538462 0.0461538461538462 0.0600961538461538
1 0.9717948717948718 0.4362980769230769 0.0380341880341880 0.0286057692307692
1 0.9337606837606838 0.4375000000000000 0.0384615384615385 0.0262019230769231
1 0.7149572649572650 0.2855769230769231 0.0487179487179487 0.0533653846153846
1 0.6529914529914530 0.2891826923076923 0.0653846153846154 0.0475961538461538
1 0.5944444444444444 0.2882211538461538 0.0504273504273504 0.0490384615384615
1 0.5337606837606838 0.2891826923076923 0.0700854700854701 0.0500000000000000
1 0.1341880341880342 0.3855769230769231 0.0555555555555556 0.0466346153846154
1 0.1829059829059829 0.3903846153846154 0.0435897435897436 0.0399038461538462
1 0.2341880341880342 0.3915865384615385 0.0564102564102564 0.0418269230769231
1 0.2884615384615384 0.3887019230769231 0.0534188034188034 0.0461538461538462
1 0.3435897435897436 0.3882211538461539 0.0547008547008547 0.0437500000000000
1 0.3961538461538461 0.3879807692307692 0.0521367521367521 0.0423076923076923
1 0.4487179487179487 0.3879807692307692 0.0525641025641026 0.0418269230769231
1 0.5012820512820513 0.3879807692307692 0.0461538461538462 0.0423076923076923
1 0.5551282051282052 0.3841346153846154 0.0666666666666667 0.0519230769230769
1 0.6106837606837607 0.3846153846153846 0.0311965811965812 0.0500000000000000
1 0.1504273504273504 0.4728365384615384 0.0623931623931624 0.0468750000000000
1 0.6448717948717949 0.3848557692307693 0.0358974358974359 0.0504807692307692
1 0.8512820512820513 0.6093750000000000 0.0487179487179487 0.0355769230769231
1 0.0615384615384615 0.2899038461538462 0.0547008547008547 0.0475961538461538
1 0.1059829059829060 0.2990384615384615 0.0333333333333333 0.0302884615384615
1 0.1529914529914530 0.2867788461538461 0.0504273504273504 0.0485576923076923
1 0.2017094017094017 0.2887019230769231 0.0452991452991453 0.0461538461538462
1 0.2542735042735043 0.2889423076923077 0.0611111111111111 0.0480769230769231
1 0.3081196581196581 0.2887019230769231 0.0452991452991453 0.0485576923076923
1 0.3653846153846154 0.2884615384615384 0.0700854700854701 0.0471153846153846
1 0.4243589743589744 0.2889423076923077 0.0474358974358974 0.0456730769230769
1 0.4726495726495726 0.2899038461538462 0.0504273504273504 0.0475961538461538
1 0.7871794871794872 0.6141826923076923 0.0653846153846154 0.0317307692307692
1 0.2371794871794872 0.6968750000000000 0.0478632478632479 0.0355769230769231
1 0.7217948717948718 0.6956730769230769 0.0495726495726496 0.0341346153846154
1 0.1427350427350427 0.6987980769230769 0.0384615384615385 0.0293269230769231
1 0.8777777777777778 0.8427884615384615 0.0478632478632479 0.0139423076923077
1 0.8807692307692307 0.8259615384615384 0.0393162393162393 0.0187500000000000
1 0.7991452991452992 0.8197115384615384 0.1064102564102564 0.0603365384615385
1 0.8000000000000000 0.8576923076923076 0.1038461538461539 0.0156250000000000
1 0.6871794871794872 0.8307692307692308 0.1213675213675214 0.0694711538461538
1 0.6017094017094017 0.8437500000000000 0.0482905982905983 0.0555288461538462
1 0.5239316239316240 0.8310096153846154 0.0974358974358974 0.0675480769230769
1 0.4196581196581197 0.8439903846153847 0.0376068376068376 0.0646634615384615
1 0.3615384615384615 0.8507211538461539 0.0452991452991453 0.0439903846153846
1 0.3192307692307692 0.8384615384615385 0.0418803418803419 0.0680288461538461
1 0.2756410256410257 0.8401442307692307 0.0269230769230769 0.0603365384615385
1 0.2414529914529915 0.8408653846153846 0.0307692307692308 0.0608173076923077
1 0.2183760683760684 0.8507211538461539 0.0188034188034188 0.0439903846153846
1 0.1944444444444444 0.8411057692307692 0.0307692307692308 0.0637019230769231
1 0.1213675213675214 0.8449519230769231 0.0299145299145299 0.0555288461538462
1 0.0901709401709402 0.8459134615384616 0.0311965811965812 0.0540865384615385
1 0.3722222222222222 0.1858173076923077 0.0410256410256410 0.0552884615384615
1 0.4252136752136752 0.1963942307692308 0.0662393162393162 0.0355769230769231
1 0.4893162393162393 0.1968750000000000 0.0623931623931624 0.0355769230769231
1 0.5547008547008547 0.1807692307692308 0.0692307692307692 0.0283653846153846
1 0.5551282051282052 0.2060096153846154 0.0623931623931624 0.0187500000000000
1 0.6183760683760684 0.1800480769230769 0.0517094017094017 0.0675480769230769
1 0.6760683760683761 0.1846153846153846 0.0692307692307692 0.0600961538461538
1 0.7470085470085470 0.1906250000000000 0.0658119658119658 0.0456730769230769
1 0.1876068376068376 0.6985576923076923 0.0512820512820513 0.0302884615384615
1 0.8658119658119658 0.1706730769230769 0.0735042735042735 0.0824519230769231
1 0.9264957264957265 0.1853365384615385 0.0452991452991453 0.0538461538461538
1 0.9491452991452991 0.3036057692307692 0.0136752136752137 0.0307692307692308
1 0.2589743589743590 0.1730769230769231 0.0619658119658120 0.0872596153846154
1 0.8743589743589744 0.8586538461538461 0.0435897435897436 0.0173076923076923
1 0.1286324786324786 0.7418269230769231 0.0743589743589744 0.0305288461538462
1 0.8047008547008547 0.1887019230769231 0.0491452991452991 0.0495192307692308
1 0.2393162393162393 0.7312500000000000 0.0696581196581197 0.0187500000000000
1 0.1072649572649573 0.6983173076923077 0.0316239316239316 0.0298076923076923
1 0.8491452991452991 0.7384615384615385 0.0700854700854701 0.0334134615384615
1 0.1841880341880342 0.7439903846153846 0.0358974358974359 0.0271634615384615
1 0.7820512820512820 0.7343750000000000 0.0551282051282051 0.0420673076923077
1 0.7145299145299145 0.7391826923076923 0.0478632478632479 0.0348557692307692
1 0.6636752136752136 0.7391826923076923 0.0487179487179487 0.0343750000000000
1 0.6149572649572650 0.7382211538461538 0.0491452991452991 0.0353365384615385
1 0.5696581196581196 0.7379807692307693 0.0393162393162393 0.0343750000000000
1 0.5205128205128206 0.7408653846153846 0.0606837606837607 0.0286057692307692
1 0.4487179487179487 0.7430288461538461 0.0619658119658120 0.0209134615384615
1 0.3811965811965812 0.7442307692307693 0.0760683760683761 0.0218750000000000
1 0.3098290598290598 0.7442307692307693 0.0658119658119658 0.0209134615384615
1 0.9760683760683760 0.3975961538461538 0.0423076923076923 0.0326923076923077
1 0.2401709401709402 0.7492788461538461 0.0688034188034188 0.0165865384615385
