1 0.2393790849673203 0.2172181372549020 0.0388071895424837 0.1381740196078431
1 0.3545751633986928 0.5254289215686274 0.0220588235294118 0.0389093137254902
1 0.3292483660130719 0.5260416666666666 0.0220588235294118 0.0373774509803922
1 0.3782679738562091 0.5468750000000000 0.0253267973856209 0.0177696078431373
1 0.4942810457516340 0.5376838235294118 0.0220588235294118 0.0186887254901961
1 0.5727124183006536 0.5294117647058824 0.0392156862745098 0.0376838235294118
1 0.5453431372549019 0.5814950980392157 0.0204248366013072 0.0438112745098039
1 0.5727124183006536 0.5811887254901961 0.0228758169934641 0.0422794117647059
1 0.5106209150326797 0.5753676470588235 0.0285947712418301 0.0465686274509804
1 0.4848856209150327 0.5775122549019608 0.0196078431372549 0.0459558823529412
1 0.6017156862745098 0.5839460784313726 0.0290032679738562 0.0389093137254902
1 0.6335784313725490 0.5821078431372549 0.0204248366013072 0.0376838235294118
1 0.6617647058823529 0.5836397058823529 0.0216503267973856 0.0275735294117647
1 0.6875000000000000 0.5827205882352942 0.0208333333333333 0.0389093137254902
1 0.7124183006535948 0.5860906862745098 0.0249183006535948 0.0373774509803922
1 0.7442810457516340 0.5867034313725490 0.0228758169934641 0.0382965686274510
1 0.7712418300653595 0.5796568627450981 0.0212418300653595 0.0450367647058824
1 0.4325980392156863 0.5291053921568627 0.0228758169934641 0.0386029411764706
1 0.4632352941176471 0.5300245098039216 0.0220588235294118 0.0416666666666667
1 0.4587418300653595 0.5784313725490197 0.0265522875816993 0.0401348039215686
1 0.4309640522875817 0.5811887254901961 0.0200163398692810 0.0422794117647059
1 0.0849673202614379 0.4586397058823529 0.0457516339869281 0.0484068627450980
1 0.0236928104575163 0.4613970588235294 0.0469771241830065 0.0588235294117647
1 0.0412581699346405 0.3566176470588235 0.0383986928104575 0.0646446078431373
1 0.0816993464052288 0.3569240196078431 0.0196078431372549 0.0643382352941176
1 0.1090686274509804 0.3587622549019608 0.0285947712418301 0.0655637254901961
1 0.1425653594771242 0.3572303921568628 0.0241013071895425 0.0609681372549020
1 0.1711601307189543 0.3477328431372549 0.0224673202614379 0.0441176470588235
1 0.1973039215686274 0.3474264705882353 0.0228758169934641 0.0422794117647059
1 0.7998366013071896 0.5863970588235294 0.0294117647058824 0.0315563725490196
1 0.0298202614379085 0.5698529411764706 0.0273692810457516 0.0474877450980392
1 0.0976307189542484 0.5655637254901961 0.0285947712418301 0.0744485294117647
1 0.1331699346405229 0.5612745098039216 0.0245098039215686 0.0747549019607843
1 0.1670751633986928 0.5655637254901961 0.0273692810457516 0.0756740196078431
1 0.2973856209150327 0.5747549019607843 0.0236928104575163 0.0499387254901961
1 0.3243464052287582 0.5726102941176471 0.0187908496732026 0.0422794117647059
1 0.3504901960784313 0.5741421568627451 0.0187908496732026 0.0392156862745098
1 0.3754084967320261 0.5821078431372549 0.0196078431372549 0.0425857843137255
1 0.4027777777777778 0.5784313725490197 0.0220588235294118 0.0425857843137255
1 0.0649509803921569 0.5664828431372549 0.0306372549019608 0.0719975490196078
1 0.8455882352941176 0.5793504901960784 0.0265522875816993 0.0358455882352941
1 0.8995098039215687 0.5625000000000000 0.0339052287581699 0.0621936274509804
1 0.9485294117647058 0.5309436274509803 0.0302287581699346 0.0563725490196078
1 0.1352124183006536 0.6740196078431373 0.0355392156862745 0.0315563725490196
1 0.3165849673202614 0.6764705882352942 0.0718954248366013 0.0468750000000000
1 0.3933823529411765 0.6614583333333334 0.0526960784313725 0.0723039215686275
1 0.4701797385620915 0.6614583333333334 0.0625000000000000 0.0646446078431373
1 0.5326797385620915 0.6731004901960784 0.0445261437908497 0.0637254901960784
1 0.6621732026143791 0.6632965686274510 0.1593137254901961 0.0539215686274510
1 0.8169934640522876 0.6780024509803921 0.1225490196078431 0.0563725490196078
1 0.3447712418300654 0.4632352941176471 0.0535130718954248 0.0474877450980392
1 0.4064542483660131 0.4641544117647059 0.0494281045751634 0.0431985294117647
1 0.4669117647058824 0.4626225490196079 0.0526960784313725 0.0441176470588235
1 0.5249183006535948 0.4592524509803921 0.0453431372549020 0.0435049019607843
1 0.6000816993464052 0.4491421568627451 0.0841503267973856 0.0808823529411765
1 0.6715686274509803 0.4571078431372549 0.0347222222222222 0.0499387254901961
1 0.7393790849673203 0.4451593137254902 0.0592320261437908 0.0738357843137255
1 0.8194444444444444 0.4473039215686275 0.0494281045751634 0.0670955882352941
1 0.8913398692810458 0.4424019607843137 0.0498366013071895 0.0695465686274510
1 0.0249183006535948 0.7907475490196079 0.0477941176470588 0.1250000000000000
1 0.1732026143790850 0.6865808823529411 0.0318627450980392 0.0294117647058824
1 0.1356209150326797 0.4469975490196079 0.0392156862745098 0.0667892156862745
1 0.2328431372549020 0.5983455882352942 0.0755718954248366 0.1148897058823529
1 0.0808823529411765 0.7806372549019608 0.0502450980392157 0.1145833333333333
1 0.9861111111111112 0.5481004901960784 0.0273692810457516 0.0741421568627451
1 0.9342320261437909 0.6366421568627451 0.0379901960784314 0.0508578431372549
1 0.9779411764705882 0.6776960784313726 0.0441176470588235 0.0468750000000000
1 0.2859477124183006 0.2104779411764706 0.0334967320261438 0.1348039215686274
1 0.9652777777777778 0.8170955882352942 0.0314542483660131 0.0842524509803922
1 0.8357843137254902 0.8072916666666666 0.0723039215686275 0.1087622549019608
1 0.7450980392156863 0.7947303921568627 0.0735294117647059 0.1317401960784314
1 0.6760620915032680 0.7984068627450981 0.0465686274509804 0.1240808823529412
1 0.6074346405228758 0.8017769607843137 0.0694444444444444 0.1151960784313725
1 0.5326797385620915 0.7953431372549019 0.0694444444444444 0.1207107843137255
1 0.4603758169934640 0.8005514705882353 0.0584150326797386 0.1176470588235294
1 0.3905228758169935 0.7935049019607843 0.0731209150326797 0.1314338235294118
1 0.3137254901960784 0.7968750000000000 0.0612745098039216 0.1078431372549020
1 0.2455065359477124 0.7221200980392157 0.0539215686274510 0.1106004901960784
1 0.2414215686274510 0.8164828431372549 0.0424836601307190 0.0762867647058824
1 0.1870915032679739 0.8115808823529411 0.0396241830065359 0.0955882352941176
1 0.1376633986928105 0.7876838235294118 0.0555555555555556 0.1151960784313725
1 0.0637254901960784 0.6700367647058824 0.0718954248366013 0.0649509803921569
1 0.2013888888888889 0.4292279411764706 0.0763888888888889 0.1139705882352941
1 0.9219771241830066 0.8085171568627451 0.0490196078431373 0.0965073529411765
1 0.3108660130718954 0.3455882352941176 0.0412581699346405 0.0796568627450980
1 0.2647058823529412 0.3526348039215687 0.0306372549019608 0.0631127450980392
1 0.1793300653594771 0.2055759803921569 0.0482026143790850 0.1446078431372549
1 0.1192810457516340 0.2061887254901961 0.0522875816993464 0.1556372549019608
1 0.0539215686274510 0.2401960784313726 0.0392156862745098 0.0873161764705882
1 0.0138888888888889 0.2411151960784314 0.0277777777777778 0.0882352941176471
1 0.3390522875816994 0.2257965686274510 0.0482026143790850 0.1066176470588235
1 0.4089052287581699 0.2110906862745098 0.0637254901960784 0.1507352941176471
1 0.4795751633986928 0.2071078431372549 0.0616830065359477 0.1415441176470588
1 0.5571895424836601 0.2074142156862745 0.0641339869281046 0.1479779411764706
1 0.6331699346405228 0.2028186274509804 0.0718954248366013 0.1498161764705882
1 0.7013888888888888 0.2086397058823529 0.0612745098039216 0.1458333333333333
1 0.7618464052287581 0.2288602941176471 0.0514705882352941 0.1078431372549020
1 0.8145424836601307 0.2270220588235294 0.0428921568627451 0.1038602941176471
1 0.8639705882352942 0.2245710784313726 0.0539215686274510 0.0992647058823529
1 0.9113562091503268 0.7273284313725490 0.0412581699346405 0.0606617647058824
1 0.9685457516339869 0.4037990196078431 0.0445261437908497 0.0732230392156863
1 0.5502450980392157 0.3419117647058824 0.0923202614379085 0.0796568627450980
1 0.6339869281045751 0.3526348039215687 0.0543300653594771 0.0582107843137255
1 0.6932189542483660 0.3547794117647059 0.0514705882352941 0.0511642156862745
1 0.3823529411764706 0.3434436274509804 0.0861928104575163 0.0814950980392157
1 0.4673202614379085 0.3731617647058824 0.0469771241830065 0.0340073529411765
1 0.7512254901960784 0.3170955882352941 0.0502450980392157 0.0413602941176471
1 0.9191176470588235 0.2248774509803922 0.0465686274509804 0.1056985294117647
1 0.8104575163398693 0.3673406862745098 0.0539215686274510 0.0435049019607843
1 0.9178921568627451 0.3691789215686275 0.0379901960784314 0.0468750000000000
1 0.8974673202614379 0.3183210784313725 0.0359477124183007 0.0416666666666667
1 0.8668300653594772 0.3673406862745098 0.0563725490196078 0.0410539215686275
1 0.8104575163398693 0.3223039215686275 0.0535130718954248 0.0465686274509804
1 0.8570261437908496 0.3216911764705883 0.0334967320261438 0.0373774509803922
1 0.7508169934640523 0.3667279411764706 0.0526960784313725 0.0493259803921569
