1 0.0192708333333333 0.7156250000000000 0.0208333333333333 0.0691406250000000
1 0.2973958333333334 0.3917968750000000 0.0312500000000000 0.1070312500000000
1 0.3354166666666666 0.3914062500000000 0.0348958333333333 0.1136718750000000
1 0.4760416666666666 0.3964843750000000 0.0562500000000000 0.1144531250000000
1 0.5333333333333333 0.3984375000000000 0.0479166666666667 0.1214843750000000
1 0.5911458333333334 0.3992187500000000 0.0328125000000000 0.1203125000000000
1 0.6364583333333333 0.4019531250000000 0.0447916666666667 0.1304687500000000
1 0.2552083333333333 0.7765625000000000 0.0380208333333333 0.0222656250000000
1 0.6932291666666667 0.4000000000000000 0.0536458333333333 0.1316406250000000
1 0.2270833333333333 0.8093750000000000 0.0281250000000000 0.0226562500000000
1 0.1921875000000000 0.7750000000000000 0.0281250000000000 0.0597656250000000
1 0.1708333333333333 0.7246093750000000 0.0437500000000000 0.0230468750000000
1 0.8244791666666667 0.4066406250000000 0.0562500000000000 0.1343750000000000
1 0.8833333333333333 0.4078125000000000 0.0515625000000000 0.1359375000000000
1 0.9557291666666666 0.4074218750000000 0.0765625000000000 0.1476562500000000
1 0.7526041666666666 0.4589843750000000 0.0473958333333333 0.0183593750000000
1 0.0776041666666667 0.5277343750000000 0.0328125000000000 0.0257812500000000
1 0.2645833333333333 0.8230468750000000 0.0307291666666667 0.0234375000000000
1 0.3453125000000000 0.8320312500000000 0.0312500000000000 0.0468750000000000
1 0.5140625000000000 0.7531250000000000 0.0395833333333333 0.0343750000000000
1 0.5510416666666667 0.8132812500000000 0.0463541666666667 0.0144531250000000
1 0.5343750000000000 0.8515625000000000 0.0500000000000000 0.0230468750000000
1 0.5333333333333333 0.8804687500000000 0.0484375000000000 0.0175781250000000
1 0.5296875000000000 0.9085937500000000 0.0552083333333333 0.0210937500000000
1 0.4703125000000000 0.8871093750000000 0.0479166666666667 0.0238281250000000
1 0.3020833333333333 0.8187500000000000 0.0291666666666667 0.0472656250000000
1 0.4250000000000000 0.8773437500000000 0.0364583333333333 0.0242187500000000
1 0.4296875000000000 0.8507812500000000 0.0401041666666667 0.0203125000000000
1 0.3859375000000000 0.8636718750000000 0.0312500000000000 0.0187500000000000
1 0.3854166666666667 0.8371093750000000 0.0307291666666667 0.0171875000000000
1 0.3921875000000000 0.8125000000000000 0.0489583333333333 0.0203125000000000
1 0.3135416666666667 0.7574218750000000 0.0494791666666667 0.0207031250000000
1 0.3244791666666667 0.7828125000000000 0.0625000000000000 0.0160156250000000
1 0.1197916666666667 0.7589843750000000 0.0244791666666667 0.0250000000000000
1 0.5708333333333333 0.7636718750000000 0.0505208333333333 0.0457031250000000
1 0.0843750000000000 0.4871093750000000 0.0260416666666667 0.0496093750000000
1 0.1333333333333333 0.4609375000000000 0.0401041666666667 0.0292968750000000
1 0.1703125000000000 0.6570312500000000 0.0348958333333333 0.0664062500000000
1 0.2161458333333333 0.6683593750000000 0.0442708333333333 0.0636718750000000
1 0.2645833333333333 0.6750000000000000 0.0484375000000000 0.0628906250000000
1 0.3250000000000000 0.6773437500000000 0.0406250000000000 0.0695312500000000
1 0.3546875000000000 0.6812500000000000 0.0151041666666667 0.0750000000000000
1 0.3895833333333333 0.7027343750000000 0.0322916666666667 0.0843750000000000
1 0.1322916666666667 0.6761718750000000 0.0255208333333333 0.0195312500000000
1 0.4312500000000000 0.7371093750000000 0.0364583333333333 0.0332031250000000
1 0.4901041666666667 0.6679687500000000 0.0322916666666667 0.0269531250000000
1 0.4765625000000000 0.7078125000000000 0.0401041666666667 0.0394531250000000
1 0.4739583333333333 0.7472656250000000 0.0343750000000000 0.0277343750000000
1 0.0572916666666667 0.7308593750000000 0.0427083333333333 0.0632812500000000
1 0.1520833333333333 0.7679687500000000 0.0307291666666667 0.0589843750000000
1 0.0906250000000000 0.7660156250000000 0.0213541666666667 0.0218750000000000
1 0.4510416666666667 0.6609375000000000 0.0322916666666667 0.0347656250000000
1 0.1255208333333333 0.5156250000000000 0.0442708333333333 0.0648437500000000
1 0.1005208333333333 0.6660156250000000 0.0296875000000000 0.0152343750000000
1 0.0979166666666667 0.6429687500000000 0.0244791666666667 0.0203125000000000
1 0.1833333333333333 0.5113281250000000 0.0312500000000000 0.0691406250000000
1 0.2177083333333333 0.5460937500000000 0.0276041666666667 0.0257812500000000
1 0.2463541666666667 0.5496093750000000 0.0145833333333333 0.0210937500000000
1 0.2718750000000000 0.5441406250000000 0.0333333333333333 0.0558593750000000
1 0.3177083333333333 0.5382812500000000 0.0432291666666667 0.0742187500000000
1 0.3666666666666666 0.5445312500000000 0.0453125000000000 0.0792968750000000
1 0.1333333333333333 0.6484375000000000 0.0302083333333333 0.0226562500000000
1 0.4182291666666667 0.5468750000000000 0.0494791666666667 0.0875000000000000
1 0.5348958333333333 0.5617187500000000 0.0546875000000000 0.0976562500000000
1 0.5994791666666667 0.5757812500000000 0.0635416666666667 0.0886718750000000
1 0.6885416666666667 0.5773437500000000 0.0666666666666667 0.0902343750000000
1 0.0395833333333333 0.6125000000000000 0.0291666666666667 0.0703125000000000
1 0.0770833333333333 0.6292968750000000 0.0119791666666667 0.0609375000000000
1 0.1026041666666667 0.6187500000000000 0.0338541666666667 0.0222656250000000
1 0.4776041666666667 0.5570312500000000 0.0484375000000000 0.0875000000000000
1 0.5390625000000000 0.7070312500000000 0.0369791666666667 0.0320312500000000
1 0.4526041666666666 0.8128906250000000 0.0359375000000000 0.0191406250000000
1 0.6427083333333333 0.7050781250000000 0.0395833333333333 0.0406250000000000
1 0.5177083333333333 0.2324218750000000 0.0468750000000000 0.1167968750000000
1 0.5843750000000000 0.2269531250000000 0.0463541666666667 0.1214843750000000
1 0.4776041666666667 0.0691406250000000 0.0421875000000000 0.1371093750000000
1 0.5234375000000000 0.0671875000000000 0.0406250000000000 0.1304687500000000
1 0.5671875000000000 0.0644531250000000 0.0411458333333333 0.1203125000000000
1 0.6171875000000000 0.0632812500000000 0.0505208333333333 0.1160156250000000
1 0.6635416666666667 0.0589843750000000 0.0291666666666667 0.1136718750000000
1 0.7046875000000000 0.0574218750000000 0.0468750000000000 0.1082031250000000
1 0.7583333333333333 0.0515625000000000 0.0520833333333333 0.0980468750000000
1 0.8109375000000000 0.0492187500000000 0.0489583333333333 0.0898437500000000
1 0.8604166666666667 0.0449218750000000 0.0494791666666667 0.0847656250000000
1 0.6317708333333333 0.2207031250000000 0.0468750000000000 0.1425781250000000
1 0.6807291666666667 0.2210937500000000 0.0494791666666667 0.1371093750000000
1 0.7307291666666667 0.2113281250000000 0.0473958333333333 0.1460937500000000
1 0.7880208333333333 0.2105468750000000 0.0567708333333333 0.1433593750000000
1 0.8604166666666667 0.2007812500000000 0.0671875000000000 0.1585937500000000
1 0.9687500000000000 0.2042968750000000 0.0614583333333333 0.1644531250000000
1 0.4708333333333333 0.2417968750000000 0.0317708333333333 0.1066406250000000
1 0.0156250000000000 0.3785156250000000 0.0281250000000000 0.0917968750000000
1 0.4244791666666667 0.2480468750000000 0.0468750000000000 0.1011718750000000
1 0.4265625000000000 0.0734375000000000 0.0562500000000000 0.1441406250000000
1 0.0161458333333333 0.1375000000000000 0.0328125000000000 0.0968750000000000
1 0.0625000000000000 0.1339843750000000 0.0317708333333333 0.0906250000000000
1 0.0968750000000000 0.1238281250000000 0.0276041666666667 0.1070312500000000
1 0.1312500000000000 0.1179687500000000 0.0375000000000000 0.1074218750000000
1 0.0223958333333333 0.2609375000000000 0.0276041666666667 0.0906250000000000
1 0.0609375000000000 0.2554687500000000 0.0317708333333333 0.0976562500000000
1 0.0911458333333333 0.2535156250000000 0.0192708333333333 0.0945312500000000
1 0.1192708333333333 0.2507812500000000 0.0281250000000000 0.1085937500000000
1 0.1447916666666667 0.2535156250000000 0.0208333333333333 0.0945312500000000
1 0.1734375000000000 0.2496093750000000 0.0291666666666667 0.1019531250000000
1 0.2041666666666667 0.2492187500000000 0.0260416666666667 0.1074218750000000
1 0.2369791666666667 0.2507812500000000 0.0270833333333333 0.1000000000000000
1 0.2911458333333333 0.2453125000000000 0.0510416666666667 0.1128906250000000
1 0.2536458333333333 0.1175781250000000 0.0312500000000000 0.0976562500000000
1 0.2973958333333334 0.1007812500000000 0.0265625000000000 0.1203125000000000
1 0.3270833333333333 0.0937500000000000 0.0239583333333333 0.1207031250000000
1 0.3671875000000000 0.0859375000000000 0.0427083333333333 0.1253906250000000
1 0.3536458333333333 0.2425781250000000 0.0421875000000000 0.1136718750000000
1 0.5901041666666667 0.7140625000000000 0.0427083333333333 0.0308593750000000
1 0.1234375000000000 0.7789062500000000 0.0218750000000000 0.0152343750000000
1 0.9177083333333333 0.6015625000000000 0.0682291666666667 0.1054687500000000
1 0.7864583333333334 0.9562500000000000 0.0973958333333333 0.0523437500000000
1 0.8984375000000000 0.9566406250000000 0.1140625000000000 0.0835937500000000
1 0.7864583333333334 0.5718750000000000 0.0531250000000000 0.1011718750000000
1 0.8510416666666667 0.5855468750000000 0.0630208333333333 0.0980468750000000
1 0.6067708333333334 0.8734375000000000 0.0526041666666667 0.0757812500000000
1 0.2656250000000000 0.3871093750000000 0.0208333333333333 0.1003906250000000
1 0.2317708333333333 0.3855468750000000 0.0348958333333333 0.1062500000000000
1 0.1953125000000000 0.3824218750000000 0.0291666666666667 0.0949218750000000
1 0.1598958333333333 0.3820312500000000 0.0281250000000000 0.0957031250000000
1 0.1260416666666667 0.3808593750000000 0.0333333333333333 0.0957031250000000
1 0.0911458333333333 0.3816406250000000 0.0307291666666667 0.0945312500000000
1 0.0552083333333333 0.3796875000000000 0.0348958333333333 0.0894531250000000
1 0.9427083333333334 0.8402343750000000 0.0614583333333333 0.0523437500000000
1 0.7770833333333333 0.8925781250000000 0.0963541666666667 0.0308593750000000
1 0.8796875000000000 0.8308593750000000 0.0619791666666667 0.0464843750000000
1 0.9234375000000000 0.7589843750000000 0.0614583333333333 0.0421875000000000
1 0.8437500000000000 0.7585937500000000 0.0739583333333333 0.0535156250000000
1 0.7729166666666667 0.7972656250000000 0.0380208333333333 0.0445312500000000
1 0.8036458333333333 0.6988281250000000 0.0406250000000000 0.0394531250000000
1 0.7250000000000000 0.7839843750000000 0.0442708333333333 0.0406250000000000
1 0.6864583333333333 0.7589843750000000 0.0223958333333333 0.0421875000000000
1 0.6354166666666666 0.7578125000000000 0.0338541666666667 0.0398437500000000
1 0.7010416666666667 0.7140625000000000 0.0479166666666667 0.0382812500000000
1 0.8187500000000000 0.8160156250000000 0.0385416666666667 0.0433593750000000
1 0.6786458333333333 0.9218750000000000 0.0791666666666667 0.0796875000000000
