1 0.0257352941176471 0.6832107843137255 0.0518790849673203 0.0916053921568627
1 0.0861928104575163 0.6841299019607843 0.0674019607843137 0.0949754901960784
1 0.1544117647058824 0.6844362745098039 0.0690359477124183 0.0958946078431373
1 0.8700980392156863 0.5621936274509803 0.0580065359477124 0.0909926470588235
1 0.8051470588235294 0.5637254901960784 0.0698529411764706 0.0891544117647059
1 0.7308006535947712 0.5628063725490197 0.0710784313725490 0.0848651960784314
1 0.5951797385620915 0.6734068627450981 0.0526960784313725 0.0919117647058824
1 0.0718954248366013 0.0376838235294118 0.0453431372549020 0.0631127450980392
1 0.9346405228758170 0.5625000000000000 0.0633169934640523 0.0842524509803922
1 0.7794117647058824 0.6694240196078431 0.0690359477124183 0.0897671568627451
1 0.8022875816993464 0.7824754901960784 0.0674019607843137 0.0937500000000000
1 0.4383169934640523 0.7950367647058824 0.0678104575163399 0.0863970588235294
1 0.5106209150326797 0.7895220588235294 0.0657679738562092 0.0949754901960784
1 0.0735294117647059 0.8051470588235294 0.0723039215686275 0.0916053921568627
1 0.1470588235294118 0.8036151960784313 0.0702614379084967 0.0922181372549020
1 0.2214052287581699 0.7996323529411765 0.0723039215686275 0.0958946078431373
1 0.7332516339869281 0.7833946078431373 0.0665849673202614 0.0919117647058824
1 0.8680555555555556 0.7815563725490197 0.0604575163398693 0.0931372549019608
1 0.9276960784313726 0.7818627450980392 0.0526960784313725 0.0903799019607843
1 0.2193627450980392 0.2824754901960784 0.0461601307189543 0.0787377450980392
1 0.7173202614379085 0.6706495098039216 0.0498366013071895 0.0925245098039216
1 0.2254901960784314 0.6844362745098039 0.0669934640522876 0.0983455882352941
1 0.5298202614379085 0.6755514705882353 0.0653594771241830 0.0919117647058824
1 0.6576797385620915 0.5634191176470589 0.0690359477124183 0.0839460784313725
1 0.9093137254901961 0.6700367647058824 0.0694444444444444 0.0909926470588235
1 0.6560457516339869 0.6718750000000000 0.0620915032679739 0.0873161764705882
1 0.1772875816993464 0.2833946078431372 0.0383986928104575 0.0781250000000000
1 0.6560457516339869 0.3756127450980392 0.0363562091503268 0.0707720588235294
1 0.9007352941176471 0.1537990196078431 0.0657679738562092 0.1136642156862745
1 0.7295751633986928 0.1669730392156863 0.0461601307189543 0.0946691176470588
1 0.6776960784313726 0.1626838235294118 0.0543300653594771 0.1038602941176471
1 0.6282679738562091 0.1721813725490196 0.0420751633986928 0.0854779411764706
1 0.5861928104575164 0.1740196078431372 0.0408496732026144 0.0882352941176471
1 0.5416666666666666 0.1734068627450980 0.0441176470588235 0.0879289215686275
1 0.4987745098039216 0.1734068627450980 0.0383986928104575 0.0891544117647059
1 0.4489379084967320 0.1688112745098039 0.0539215686274510 0.1004901960784314
1 0.3688725490196079 0.1737132352941176 0.0445261437908497 0.0909926470588235
1 0.2883986928104575 0.1924019607843137 0.0339052287581699 0.0536151960784314
1 0.2540849673202614 0.1933210784313726 0.0318627450980392 0.0511642156862745
1 0.9660947712418301 0.1577818627450980 0.0645424836601307 0.1066176470588235
1 0.2222222222222222 0.1902573529411765 0.0253267973856209 0.0594362745098039
1 0.1388888888888889 0.4794730392156863 0.0510620915032680 0.0646446078431373
1 0.1891339869281046 0.4791666666666667 0.0461601307189543 0.0637254901960784
1 0.2381535947712418 0.4779411764705883 0.0482026143790850 0.0655637254901961
1 0.4632352941176471 0.4724264705882353 0.0441176470588235 0.0628063725490196
1 0.5089869281045751 0.4715073529411765 0.0428921568627451 0.0643382352941176
1 0.5502450980392157 0.4662990196078431 0.0396241830065359 0.0695465686274510
1 0.1638071895424837 0.1896446078431372 0.0437091503267974 0.0600490196078431
1 0.1266339869281046 0.1875000000000000 0.0200163398692810 0.0661764705882353
1 0.1049836601307190 0.1875000000000000 0.0216503267973856 0.0658700980392157
1 0.0367647058823529 0.1819852941176471 0.0388071895424837 0.0784313725490196
1 0.3014705882352941 0.0349264705882353 0.0339052287581699 0.0618872549019608
1 0.1989379084967320 0.1890318627450980 0.0204248366013072 0.0606617647058824
1 0.0187908496732026 0.2812500000000000 0.0343137254901961 0.0876225490196078
1 0.0604575163398693 0.2821691176470588 0.0473856209150327 0.0854779411764706
1 0.1360294117647059 0.2806372549019608 0.0383986928104575 0.0842524509803922
1 0.3917483660130719 0.2784926470588235 0.0388071895424837 0.0854779411764706
1 0.3533496732026144 0.2876838235294117 0.0318627450980392 0.0695465686274510
1 0.2998366013071895 0.2833946078431372 0.0531045751633987 0.0802696078431373
1 0.4350490196078431 0.2784926470588235 0.0453431372549020 0.0848651960784314
1 0.5147058823529411 0.2763480392156863 0.0543300653594771 0.0854779411764706
1 0.5669934640522876 0.2763480392156863 0.0469771241830065 0.0842524509803922
1 0.6131535947712419 0.2754289215686275 0.0437091503267974 0.0857843137254902
1 0.6613562091503268 0.2763480392156863 0.0465686274509804 0.0824142156862745
1 0.7414215686274510 0.2757352941176471 0.0612745098039216 0.0814950980392157
1 0.9223856209150327 0.2708333333333333 0.0531045751633987 0.0836397058823529
1 0.9750816993464052 0.2702205882352941 0.0441176470588235 0.0805759803921569
1 0.1368464052287582 0.3817401960784313 0.0498366013071895 0.0753676470588235
1 0.1838235294117647 0.3832720588235294 0.0449346405228758 0.0729166666666667
1 0.3390522875816994 0.3768382352941176 0.0486111111111111 0.0799632352941176
1 0.3872549019607843 0.3780637254901961 0.0461601307189543 0.0805759803921569
1 0.4387254901960784 0.3802083333333333 0.0490196078431373 0.0750612745098039
1 0.5330882352941176 0.3756127450980392 0.0490196078431373 0.0747549019607843
1 0.6156045751633987 0.3756127450980392 0.0383986928104575 0.0707720588235294
1 0.6989379084967320 0.3765318627450980 0.0457516339869281 0.0726102941176471
1 0.8451797385620915 0.3734681372549020 0.0433006535947712 0.0732230392156863
1 0.8876633986928104 0.3713235294117647 0.0396241830065359 0.0726102941176471
1 0.9289215686274510 0.3719362745098039 0.0388071895424837 0.0723039215686275
1 0.9697712418300654 0.3691789215686275 0.0339052287581699 0.0719975490196078
1 0.0367647058823529 0.4819240196078431 0.0482026143790850 0.0646446078431373
1 0.0861928104575163 0.4813112745098039 0.0510620915032680 0.0606617647058824
1 0.2618464052287582 0.0386029411764706 0.0375816993464052 0.0634191176470588
1 0.2165032679738562 0.0382965686274510 0.0457516339869281 0.0625000000000000
1 0.0755718954248366 0.1798406862745098 0.0363562091503268 0.0811887254901961
1 0.0228758169934641 0.0373774509803922 0.0437091503267974 0.0594362745098039
1 0.6299019607843137 0.4647671568627451 0.0383986928104575 0.0713848039215686
1 0.5919117647058824 0.4641544117647059 0.0392156862745098 0.0713848039215686
1 0.7483660130718954 0.4635416666666667 0.0383986928104575 0.0729166666666667
1 0.1192810457516340 0.0386029411764706 0.0498366013071895 0.0606617647058824
1 0.1674836601307189 0.0392156862745098 0.0441176470588235 0.0603553921568627
1 0.9501633986928104 0.4620098039215687 0.0396241830065359 0.0729166666666667
1 0.9117647058823529 0.4626225490196079 0.0363562091503268 0.0723039215686275
1 0.8676470588235294 0.4635416666666667 0.0441176470588235 0.0713848039215686
1 0.0449346405228758 0.5741421568627451 0.0616830065359477 0.0958946078431373
1 0.1074346405228758 0.5750612745098039 0.0612745098039216 0.0940563725490196
1 0.1740196078431372 0.5735294117647058 0.0727124183006536 0.0897671568627451
1 0.6691176470588235 0.4629289215686275 0.0339052287581699 0.0689338235294118
1 0.8267973856209150 0.4638480392156863 0.0359477124183007 0.0719975490196078
1 0.4121732026143791 0.5698529411764706 0.0694444444444444 0.0873161764705882
1 0.7888071895424836 0.4653799019607843 0.0400326797385621 0.0701593137254902
1 0.7071078431372549 0.4647671568627451 0.0428921568627451 0.0735294117647059
