1 0.5343137254901961 0.6642156862745098 0.0505514705882353 0.0457516339869281
1 0.7824754901960784 0.1968954248366013 0.0955882352941176 0.0739379084967320
1 0.8734681372549019 0.1960784313725490 0.0741421568627451 0.0821078431372549
1 0.9280024509803921 0.2169117647058824 0.0324754901960784 0.0412581699346405
1 0.8642769607843137 0.0763888888888889 0.0575980392156863 0.0804738562091503
1 0.9261642156862745 0.0784313725490196 0.0579044117647059 0.0821078431372549
1 0.9105392156862745 0.0191993464052288 0.0772058823529412 0.0334967320261438
1 0.8109681372549019 0.0151143790849673 0.0618872549019608 0.0277777777777778
1 0.8042279411764706 0.0735294117647059 0.0560661764705882 0.0821078431372549
1 0.6859681372549019 0.0755718954248366 0.0557598039215686 0.0788398692810457
1 0.7435661764705882 0.0718954248366013 0.0585171568627451 0.0808823529411765
1 0.6795343137254902 0.0175653594771242 0.0628063725490196 0.0330882352941176
1 0.6295955882352942 0.0731209150326797 0.0557598039215686 0.0788398692810457
1 0.5713848039215687 0.0735294117647059 0.0575980392156863 0.0767973856209150
1 0.6155024509803921 0.0257352941176471 0.0511642156862745 0.0151143790849673
1 0.5137867647058824 0.0739379084967320 0.0563725490196078 0.0780228758169935
1 0.5147058823529411 0.0163398692810458 0.0585171568627451 0.0302287581699346
1 0.4558823529411765 0.0800653594771242 0.0551470588235294 0.0653594771241830
1 0.4537377450980392 0.0330882352941176 0.0508578431372549 0.0232843137254902
1 0.3988970588235294 0.0196078431372549 0.0542279411764706 0.0224673202614379
1 0.3857230392156863 0.0710784313725490 0.0588235294117647 0.0796568627450980
1 0.3465073529411765 0.4387254901960784 0.0422794117647059 0.0433006535947712
1 0.6963848039215687 0.2222222222222222 0.0324754901960784 0.0277777777777778
1 0.6424632352941176 0.1964869281045752 0.0726102941176471 0.0800653594771242
1 0.5634191176470589 0.1977124183006536 0.0762867647058824 0.0800653594771242
1 0.4874387254901961 0.2038398692810457 0.0747549019607843 0.0686274509803922
1 0.1562500000000000 0.4309640522875817 0.0759803921568627 0.0772058823529412
1 0.2276348039215686 0.4342320261437909 0.0588235294117647 0.0690359477124183
1 0.2981004901960784 0.4399509803921569 0.0508578431372549 0.0437091503267974
1 0.1550245098039216 0.3133169934640523 0.0793504901960784 0.0833333333333333
1 0.2248774509803922 0.2769607843137255 0.0551470588235294 0.0477941176470588
1 0.2251838235294118 0.3284313725490196 0.0545343137254902 0.0486111111111111
1 0.2849264705882353 0.3129084967320261 0.0588235294117647 0.0800653594771242
1 0.3462009803921569 0.3125000000000000 0.0597426470588235 0.0821078431372549
1 0.4145220588235294 0.3157679738562091 0.0765931372549020 0.0808823529411765
1 0.4803921568627451 0.3190359477124183 0.0554534313725490 0.0735294117647059
1 0.3992034313725490 0.4338235294117647 0.0563725490196078 0.0706699346405229
1 0.5477941176470589 0.3186274509803921 0.0753676470588235 0.0776143790849673
1 0.6488970588235294 0.3349673202614379 0.0309436274509804 0.0416666666666667
1 0.6960784313725490 0.3292483660130719 0.0575980392156863 0.0473856209150327
1 0.8131127450980392 0.3174019607843137 0.0609681372549020 0.0751633986928105
1 0.8627450980392157 0.3312908496732026 0.0327818627450980 0.0445261437908497
1 0.9074754901960784 0.3337418300653595 0.0517769607843137 0.0445261437908497
1 0.0615808823529412 0.1850490196078431 0.0925245098039216 0.0870098039215686
1 0.2000612745098039 0.2046568627450980 0.0585171568627451 0.0510620915032680
1 0.2352941176470588 0.1621732026143791 0.0539215686274510 0.0363562091503268
1 0.3333333333333333 0.1940359477124183 0.0579044117647059 0.0755718954248366
1 0.3936887254901961 0.1956699346405229 0.0545343137254902 0.0763888888888889
1 0.6093750000000000 0.3235294117647059 0.0462622549019608 0.0604575163398693
1 0.0775122549019608 0.4317810457516340 0.0802696078431373 0.0812908496732026
1 0.3504901960784313 0.3933823529411765 0.0284926470588235 0.0379901960784314
1 0.4819240196078431 0.3966503267973856 0.0493259803921569 0.0371732026143791
1 0.6219362745098039 0.7589869281045751 0.0526960784313725 0.0637254901960784
1 0.5704656862745098 0.7569444444444444 0.0484068627450980 0.0649509803921569
1 0.4776348039215687 0.7193627450980392 0.0404411764705882 0.0155228758169935
1 0.4329044117647059 0.7193627450980392 0.0441176470588235 0.0155228758169935
1 0.4889705882352941 0.7696078431372549 0.0490196078431373 0.0408496732026144
1 0.4335171568627451 0.7691993464052288 0.0493259803921569 0.0424836601307190
1 0.3602941176470588 0.7581699346405228 0.0352328431372549 0.0645424836601307
1 0.0128676470588235 0.7471405228758170 0.0248161764705882 0.0866013071895425
1 0.2585784313725490 0.7757352941176471 0.0554534313725490 0.0408496732026144
1 0.1712622549019608 0.7696078431372549 0.0738357843137255 0.0678104575163399
1 0.0968137254901961 0.7659313725490197 0.0698529411764706 0.0702614379084967
1 0.0419730392156863 0.7544934640522876 0.0297181372549020 0.0710784313725490
1 0.0140931372549020 0.8696895424836601 0.0278799019607843 0.0923202614379085
1 0.0615808823529412 0.8443627450980392 0.0294117647058824 0.0551470588235294
1 0.4188112745098039 0.8672385620915033 0.0523897058823529 0.0645424836601307
1 0.2398897058823529 0.8901143790849673 0.0563725490196078 0.0396241830065359
1 0.3483455882352941 0.8725490196078431 0.0499387254901961 0.0629084967320261
1 0.2944240196078431 0.8733660130718954 0.0526960784313725 0.0649509803921569
1 0.2359068627450980 0.8472222222222222 0.0520833333333333 0.0408496732026144
1 0.1767769607843137 0.8725490196078431 0.0646446078431373 0.0727124183006536
1 0.1096813725490196 0.8517156862745098 0.0542279411764706 0.0498366013071895
1 0.6856617647058824 0.7614379084967320 0.0499387254901961 0.0739379084967320
1 0.7356004901960784 0.7438725490196079 0.0441176470588235 0.0645424836601307
1 0.8033088235294118 0.7512254901960784 0.0542279411764706 0.0669934640522876
1 0.8458946078431373 0.7361111111111112 0.0263480392156863 0.0641339869281046
1 0.5131740196078431 0.4407679738562091 0.0465686274509804 0.0404411764705882
1 0.5646446078431373 0.4309640522875817 0.0462622549019608 0.0645424836601307
1 0.6378676470588235 0.4330065359477124 0.0723039215686275 0.0735294117647059
1 0.7009803921568627 0.4448529411764706 0.0490196078431373 0.0457516339869281
1 0.7542892156862745 0.4440359477124183 0.0523897058823529 0.0469771241830065
1 0.0073529411764706 0.6180555555555556 0.0137867647058824 0.0825163398692810
1 0.3480392156862745 0.5347222222222222 0.0493259803921569 0.0371732026143791
1 0.2892156862745098 0.5465686274509803 0.0566789215686275 0.0412581699346405
1 0.2306985294117647 0.5486111111111112 0.0520833333333333 0.0473856209150327
1 0.3538602941176471 0.6237745098039216 0.0710784313725490 0.0375816993464052
1 0.4632352941176471 0.4407679738562091 0.0450367647058824 0.0351307189542484
1 0.3514093137254902 0.6687091503267973 0.0520833333333333 0.0383986928104575
1 0.1666666666666667 0.6613562091503268 0.0756740196078431 0.0694444444444444
1 0.0906862745098039 0.6605392156862745 0.0744485294117647 0.0682189542483660
1 0.0343137254901961 0.6196895424836601 0.0306372549019608 0.0759803921568627
1 0.9693627450980392 0.7467320261437909 0.0609681372549020 0.0755718954248366
1 0.9791666666666666 0.8288398692810458 0.0386029411764706 0.0408496732026144
1 0.9087009803921569 0.8566176470588235 0.0922181372549020 0.0551470588235294
1 0.8082107843137255 0.8635620915032680 0.1020220588235294 0.0547385620915033
1 0.6623774509803921 0.8406862745098039 0.0395220588235294 0.0522875816993464
1 0.7129289215686274 0.8533496732026143 0.0554534313725490 0.0678104575163399
1 0.9099264705882353 0.7557189542483660 0.0566789215686275 0.0645424836601307
1 0.2944240196078431 0.6703431372549019 0.0545343137254902 0.0457516339869281
1 0.0309436274509804 0.5159313725490197 0.0453431372549020 0.0625000000000000
1 0.1473651960784314 0.1964869281045752 0.0386029411764706 0.0706699346405229
1 0.6960784313725490 0.5044934640522876 0.0291053921568627 0.0294117647058824
1 0.7996323529411765 0.4399509803921569 0.0300245098039216 0.0388071895424837
1 0.8602941176470589 0.4436274509803921 0.0569852941176471 0.0461601307189543
1 0.8759191176470589 0.3921568627450980 0.0465686274509804 0.0351307189542484
1 0.4044117647058824 0.5339052287581699 0.0364583333333333 0.0649509803921569
1 0.4540441176470588 0.5102124183006536 0.0517769607843137 0.0388071895424837
1 0.4515931372549020 0.5563725490196079 0.0539215686274510 0.0433006535947712
1 0.5729166666666666 0.5449346405228758 0.0713848039215686 0.0723039215686275
1 0.6455269607843137 0.5437091503267973 0.0692401960784314 0.0698529411764706
1 0.7055759803921569 0.5551470588235294 0.0462622549019608 0.0412581699346405
1 0.7469362745098039 0.5437091503267973 0.0263480392156863 0.0379901960784314
1 0.8033088235294118 0.5069444444444444 0.0542279411764706 0.0392156862745098
1 0.8057598039215687 0.5531045751633987 0.0533088235294118 0.0420751633986928
1 0.8606004901960784 0.5535130718954249 0.0484068627450980 0.0449346405228758
1 0.8587622549019608 0.5085784313725490 0.0502450980392157 0.0428921568627451
1 0.9034926470588235 0.5028594771241830 0.0269607843137255 0.0310457516339869
1 0.9031862745098039 0.5437091503267973 0.0263480392156863 0.0400326797385621
1 0.9693627450980392 0.6421568627450981 0.0628063725490196 0.0845588235294118
1 0.0701593137254902 0.3116830065359477 0.0839460784313725 0.0800653594771242
1 0.8030024509803921 0.6184640522875817 0.0477941176470588 0.0416666666666667
1 0.8584558823529411 0.6176470588235294 0.0514705882352941 0.0379901960784314
1 0.9087009803921569 0.6409313725490197 0.0410539215686275 0.0772058823529412
1 0.8547794117647058 0.6613562091503268 0.0499387254901961 0.0400326797385621
1 0.8042279411764706 0.6613562091503268 0.0487132352941176 0.0404411764705882
1 0.7852328431372549 0.3917483660130719 0.0542279411764706 0.0343137254901961
1 0.7408088235294118 0.6115196078431373 0.0361519607843137 0.0257352941176471
1 0.3140318627450980 0.0118464052287582 0.0808823529411765 0.0241013071895425
1 0.2377450980392157 0.0669934640522876 0.0588235294117647 0.0788398692810457
1 0.1764705882352941 0.0649509803921569 0.0618872549019608 0.0767973856209150
1 0.1124387254901961 0.0637254901960784 0.0615808823529412 0.0792483660130719
1 0.0505514705882353 0.0649509803921569 0.0634191176470588 0.0796568627450980
1 0.0134803921568627 0.3508986928104575 0.0251225490196078 0.1123366013071895
1 0.3088235294117647 0.0653594771241830 0.0836397058823529 0.0825163398692810
1 0.9534313725490197 0.5191993464052288 0.0689338235294118 0.0637254901960784
1 0.9577205882352942 0.4203431372549020 0.0827205882352941 0.0866013071895425
1 0.7509191176470589 0.6613562091503268 0.0526960784313725 0.0404411764705882
1 0.6969975490196079 0.6482843137254902 0.0484068627450980 0.0653594771241830
1 0.6452205882352942 0.6625816993464052 0.0523897058823529 0.0424836601307190
1 0.5867034313725490 0.6556372549019608 0.0481004901960784 0.0486111111111111
1 0.5309436274509803 0.6135620915032680 0.0456495098039216 0.0224673202614379
