1 0.4587418300653595 0.3750000000000000 0.0449346405228758 0.0833333333333333
1 0.5216503267973857 0.1001838235294118 0.0330882352941176 0.0474877450980392
1 0.5845588235294118 0.3704044117647059 0.0502450980392157 0.0814950980392157
1 0.7116013071895425 0.3719362745098039 0.0551470588235294 0.0873161764705882
1 0.7720588235294118 0.3697916666666667 0.0641339869281046 0.0922181372549020
1 0.8341503267973857 0.3661151960784313 0.0600490196078431 0.0848651960784314
1 0.7834967320261438 0.7049632352941176 0.0453431372549020 0.0814950980392157
1 0.9150326797385621 0.3609068627450980 0.1037581699346405 0.0962009803921569
1 0.7320261437908496 0.7046568627450981 0.0543300653594771 0.0811887254901961
1 0.6670751633986928 0.6914828431372549 0.0645424836601307 0.1035539215686275
1 0.5992647058823529 0.7006740196078431 0.0694444444444444 0.0848651960784314
1 0.5277777777777778 0.7028186274509803 0.0743464052287582 0.0882352941176471
1 0.5179738562091504 0.3743872549019608 0.0735294117647059 0.0857843137254902
1 0.6462418300653595 0.3694852941176471 0.0747549019607843 0.0833333333333333
1 0.3954248366013072 0.3753063725490196 0.0780228758169935 0.0790441176470588
1 0.3272058823529412 0.3731617647058824 0.0567810457516340 0.0845588235294118
1 0.1135620915032680 0.2622549019607843 0.0257352941176471 0.0621936274509804
1 0.1544117647058824 0.2598039215686275 0.0563725490196078 0.0677083333333333
1 0.2193627450980392 0.2579656862745098 0.0547385620915033 0.0775122549019608
1 0.2802287581699346 0.2588848039215687 0.0682189542483660 0.0747549019607843
1 0.3611111111111111 0.2573529411764706 0.0473856209150327 0.0811887254901961
1 0.4154411764705883 0.2628676470588235 0.0608660130718954 0.0716911764705882
1 0.4701797385620915 0.2631740196078431 0.0482026143790850 0.0729166666666667
1 0.4268790849673202 0.2172181372549020 0.0482026143790850 0.0174632352941176
1 0.1584967320261438 0.2098651960784314 0.1062091503267974 0.0263480392156863
1 0.4587418300653595 0.7101715686274510 0.0637254901960784 0.0750612745098039
1 0.5343137254901961 0.2555147058823529 0.0616830065359477 0.0912990196078431
1 0.6441993464052288 0.2549019607843137 0.0539215686274510 0.0876225490196078
1 0.7671568627450981 0.2438725490196078 0.1021241830065359 0.1066176470588235
1 0.8525326797385621 0.2567401960784313 0.0580065359477124 0.0863970588235294
1 0.9109477124183006 0.2570465686274510 0.0608660130718954 0.0876225490196078
1 0.9714052287581699 0.2542892156862745 0.0563725490196078 0.0842524509803922
1 0.0727124183006536 0.3704044117647059 0.0555555555555556 0.0790441176470588
1 0.1339869281045752 0.3710171568627451 0.0661764705882353 0.0775122549019608
1 0.2005718954248366 0.3704044117647059 0.0588235294117647 0.0790441176470588
1 0.2634803921568628 0.3707107843137255 0.0694444444444444 0.0805759803921569
1 0.5894607843137255 0.2561274509803921 0.0498366013071895 0.0891544117647059
1 0.0347222222222222 0.4730392156862745 0.0678104575163399 0.0824142156862745
1 0.5371732026143791 0.4862132352941176 0.0637254901960784 0.0661764705882353
1 0.1678921568627451 0.4702818627450980 0.0866013071895425 0.1004901960784314
1 0.3096405228758170 0.5787377450980392 0.0498366013071895 0.0965073529411765
1 0.3680555555555556 0.5683210784313726 0.0359477124183007 0.0652573529411765
1 0.4211601307189543 0.5701593137254902 0.0490196078431373 0.0900735294117647
1 0.5114379084967320 0.5876225490196079 0.0575980392156863 0.0814950980392157
1 0.5625000000000000 0.5925245098039216 0.0445261437908497 0.0747549019607843
1 0.6307189542483660 0.5781250000000000 0.0788398692810457 0.0940563725490196
1 0.7471405228758170 0.5762867647058824 0.0747549019607843 0.0949754901960784
1 0.8464052287581699 0.5775122549019608 0.1107026143790850 0.0974264705882353
1 0.9554738562091504 0.5805759803921569 0.0886437908496732 0.1087622549019608
1 0.0330882352941176 0.7196691176470589 0.0600490196078431 0.0609681372549020
1 0.1021241830065359 0.7144607843137255 0.0445261437908497 0.0670955882352941
1 0.1486928104575163 0.7129289215686274 0.0486111111111111 0.0729166666666667
1 0.2099673202614379 0.7129289215686274 0.0714869281045752 0.0738357843137255
1 0.2626633986928105 0.7187500000000000 0.0326797385620915 0.0637254901960784
1 0.2977941176470588 0.7159926470588235 0.0396241830065359 0.0603553921568627
1 0.3366013071895425 0.7110906862745098 0.0404411764705882 0.0689338235294118
1 0.4023692810457516 0.7120098039215687 0.0498366013071895 0.0744485294117647
1 0.2573529411764706 0.5787377450980392 0.0543300653594771 0.0949754901960784
1 0.0980392156862745 0.4699754901960784 0.0522875816993464 0.0983455882352941
1 0.1862745098039216 0.6038602941176471 0.0657679738562092 0.0474877450980392
1 0.0571895424836601 0.5894607843137255 0.0600490196078431 0.0784313725490196
1 0.2414215686274510 0.4770220588235294 0.0571895424836601 0.0793504901960784
1 0.2957516339869281 0.4785539215686275 0.0514705882352941 0.0762867647058824
1 0.3443627450980392 0.4788602941176471 0.0457516339869281 0.0753676470588235
1 0.3913398692810457 0.4764093137254902 0.0473856209150327 0.0805759803921569
1 0.4812091503267974 0.4745710784313725 0.0486111111111111 0.0882352941176471
1 0.0645424836601307 0.2637867647058824 0.0657679738562092 0.0652573529411765
1 0.6094771241830066 0.4745710784313725 0.0714869281045752 0.0808823529411765
1 0.6842320261437909 0.4463848039215687 0.0669934640522876 0.0269607843137255
1 0.6842320261437909 0.4733455882352941 0.0665849673202614 0.0281862745098039
1 0.6817810457516340 0.5015318627450981 0.0686274509803922 0.0269607843137255
1 0.6903594771241830 0.1060049019607843 0.0923202614379085 0.1207107843137255
1 0.7573529411764706 0.1439950980392157 0.0347222222222222 0.0462622549019608
1 0.7916666666666666 0.1467524509803922 0.0330882352941176 0.0395220588235294
1 0.7438725490196079 0.4800857843137255 0.0396241830065359 0.0680147058823529
1 0.7892156862745098 0.4779411764705883 0.0535130718954248 0.0726102941176471
1 0.8684640522875817 0.4757965686274510 0.0612745098039216 0.0808823529411765
1 0.9342320261437909 0.4702818627450980 0.0490196078431373 0.0808823529411765
1 0.1172385620915033 0.5860906862745098 0.0588235294117647 0.0845588235294118
1 0.0645424836601307 0.2123161764705882 0.0690359477124183 0.0337009803921569
1 0.6932189542483660 0.2573529411764706 0.0469771241830065 0.0845588235294118
1 0.8880718954248366 0.0392156862745098 0.0620915032679739 0.0309436274509804
1 0.0584150326797386 0.1170343137254902 0.0567810457516340 0.0275735294117647
1 0.0567810457516340 0.1424632352941176 0.0551470588235294 0.0235906862745098
1 0.8876633986928104 0.0677083333333333 0.0629084967320261 0.0254289215686275
1 0.8823529411764706 0.0949754901960784 0.0539215686274510 0.0297181372549020
1 0.8762254901960784 0.1222426470588235 0.0633169934640523 0.0242034313725490
1 0.8729575163398693 0.1488970588235294 0.0551470588235294 0.0294117647058824
1 0.9464869281045751 0.1078431372549020 0.0514705882352941 0.1243872549019608
1 0.8876633986928104 0.0168504901960784 0.0825163398692810 0.0140931372549020
1 0.2855392156862745 0.7870710784313726 0.0563725490196078 0.0229779411764706
1 0.2875816993464052 0.8103553921568627 0.0510620915032680 0.0232843137254902
1 0.3574346405228758 0.7843137254901961 0.0567810457516340 0.0220588235294118
1 0.2226307189542484 0.8146446078431373 0.0502450980392157 0.0229779411764706
1 0.0494281045751634 0.7815563725490197 0.0641339869281046 0.0257352941176471
1 0.0514705882352941 0.8082107843137255 0.0604575163398693 0.0266544117647059
1 0.4301470588235294 0.7938112745098039 0.0388071895424837 0.0625000000000000
1 0.4799836601307190 0.7852328431372549 0.0359477124183007 0.0431985294117647
1 0.5919117647058824 0.7941176470588235 0.0551470588235294 0.0557598039215686
1 0.0580065359477124 0.0940563725490196 0.0531045751633987 0.0177696078431373
1 0.0567810457516340 0.0738357843137255 0.0567810457516340 0.0226715686274510
1 0.0559640522875817 0.0490196078431373 0.0547385620915033 0.0238970588235294
1 0.8917483660130719 0.7028186274509803 0.0575980392156863 0.0698529411764706
1 0.1192810457516340 0.0536151960784314 0.0653594771241830 0.0159313725490196
1 0.1250000000000000 0.0349264705882353 0.0612745098039216 0.0196078431372549
1 0.5216503267973857 0.1449142156862745 0.0343137254901961 0.0404411764705882
1 0.1156045751633987 0.0719975490196078 0.0588235294117647 0.0217524509803922
1 0.1176470588235294 0.0934436274509804 0.0551470588235294 0.0217524509803922
1 0.1180555555555556 0.1188725490196078 0.0575980392156863 0.0272671568627451
1 0.1188725490196078 0.1427696078431372 0.0559640522875817 0.0196078431372549
1 0.1674836601307189 0.0943627450980392 0.0347222222222222 0.0425857843137255
1 0.6478758169934641 0.7950367647058824 0.0551470588235294 0.0548406862745098
1 0.1678921568627451 0.1366421568627451 0.0347222222222222 0.0407475490196078
1 0.2111928104575163 0.0569852941176471 0.0539215686274510 0.0275735294117647
1 0.2160947712418301 0.0888480392156863 0.0616830065359477 0.0364583333333333
1 0.2189542483660131 0.1191789215686275 0.0514705882352941 0.0229779411764706
1 0.2144607843137255 0.1455269607843137 0.0453431372549020 0.0297181372549020
1 0.0531045751633987 0.0300245098039216 0.0616830065359477 0.0174632352941176
1 0.1678921568627451 0.8125000000000000 0.0482026143790850 0.0257352941176471
1 0.1662581699346405 0.7870710784313726 0.0547385620915033 0.0254289215686275
1 0.9477124183006536 0.7120098039215687 0.0539215686274510 0.0533088235294118
1 0.2079248366013072 0.0318627450980392 0.0616830065359477 0.0211397058823529
1 0.7030228758169934 0.7922794117647058 0.0563725490196078 0.0520833333333333
1 0.3521241830065360 0.8082107843137255 0.0625000000000000 0.0266544117647059
1 0.8174019607843137 0.7886029411764706 0.0559640522875817 0.0548406862745098
1 0.9203431372549019 0.8507965686274510 0.0498366013071895 0.0401348039215686
1 0.9771241830065359 0.8759191176470589 0.0461601307189543 0.0756740196078431
1 0.7606209150326797 0.7907475490196079 0.0571895424836601 0.0560661764705882
1 0.5620915032679739 0.0851715686274510 0.0498366013071895 0.0554534313725490
1 0.5612745098039216 0.1384803921568628 0.0502450980392157 0.0514705882352941
1 0.6156045751633987 0.1274509803921569 0.0486111111111111 0.0824142156862745
1 0.4816176470588235 0.1011029411764706 0.0428921568627451 0.1234681372549020
1 0.8639705882352942 0.8538602941176471 0.0559640522875817 0.0425857843137255
1 0.4342320261437909 0.1191789215686275 0.0535130718954248 0.0919117647058824
1 0.3750000000000000 0.1204044117647059 0.0600490196078431 0.0251225490196078
1 0.3713235294117647 0.0931372549019608 0.0535130718954248 0.0309436274509804
1 0.3725490196078431 0.0637254901960784 0.0547385620915033 0.0269607843137255
1 0.3157679738562091 0.1173406862745098 0.0502450980392157 0.0958946078431373
1 0.2671568627450980 0.1176470588235294 0.0449346405228758 0.0965073529411765
1 0.8288398692810458 0.1093750000000000 0.0400326797385621 0.0404411764705882
1 0.8272058823529411 0.1470588235294118 0.0367647058823529 0.0401348039215686
1 0.3794934640522876 0.1498161764705882 0.0498366013071895 0.0337009803921569
1 0.5776143790849673 0.8838848039215687 0.0710784313725490 0.0955882352941176
1 0.2214052287581699 0.7898284313725490 0.0535130718954248 0.0257352941176471
1 0.9783496732026143 0.7849264705882353 0.0383986928104575 0.0628063725490196
1 0.5073529411764706 0.8835784313725490 0.0690359477124183 0.0958946078431373
1 0.4383169934640523 0.8844975490196079 0.0678104575163399 0.0965073529411765
1 0.3848039215686275 0.8887867647058824 0.0408496732026144 0.0870098039215686
1 0.3435457516339869 0.8915441176470589 0.0383986928104575 0.0848651960784314
1 0.3026960784313725 0.8924632352941176 0.0428921568627451 0.0821078431372549
1 0.8770424836601307 0.7870710784313726 0.0567810457516340 0.0542279411764706
1 0.9370915032679739 0.7886029411764706 0.0449346405228758 0.0569852941176471
1 0.1723856209150327 0.8915441176470589 0.0477941176470588 0.0827205882352941
1 0.0322712418300654 0.8955269607843137 0.0518790849673203 0.0765931372549020
1 0.0772058823529412 0.8936887254901961 0.0392156862745098 0.0805759803921569
1 0.1225490196078431 0.8930759803921569 0.0502450980392157 0.0784313725490196
