1 0.7410714285714286 0.6441798941798942 0.0588624338624339 0.0330687830687831
1 0.6805555555555556 0.6408730158730159 0.0558862433862434 0.0466269841269841
1 0.9550264550264550 0.5066137566137566 0.0443121693121693 0.0472883597883598
1 0.6273148148148148 0.6309523809523809 0.0403439153439153 0.0605158730158730
1 0.7404100529100529 0.6054894179894180 0.0588624338624339 0.0396825396825397
1 0.5869708994708994 0.6193783068783069 0.0274470899470899 0.0618386243386243
1 0.6782407407407407 0.5952380952380952 0.0512566137566138 0.0284391534391534
1 0.8005952380952381 0.6339285714285714 0.0419973544973545 0.0572089947089947
1 0.8644179894179894 0.5119047619047619 0.0436507936507936 0.0542328042328042
1 0.9302248677248677 0.5925925925925926 0.0505952380952381 0.0198412698412698
1 0.9007936507936508 0.6292989417989417 0.0453042328042328 0.0443121693121693
1 0.9861111111111112 0.6154100529100529 0.0271164021164021 0.0443121693121693
1 0.9467592592592593 0.6309523809523809 0.0406746031746032 0.0479497354497355
1 0.8019179894179894 0.5052910052910053 0.0535714285714286 0.0472883597883598
1 0.9080687830687830 0.5076058201058201 0.0307539682539683 0.0429894179894180
1 0.5525793650793651 0.6349206349206349 0.0287698412698413 0.0681216931216931
1 0.8515211640211641 0.6349206349206349 0.0426587301587302 0.0529100529100529
1 0.5195105820105820 0.6296296296296297 0.0297619047619048 0.0694444444444444
1 0.6891534391534392 0.7185846560846560 0.0297619047619048 0.0548941798941799
1 0.4401455026455027 0.6402116402116402 0.0367063492063492 0.0419973544973545
1 0.7506613756613757 0.5089285714285714 0.0297619047619048 0.0909391534391534
1 0.7275132275132276 0.7159391534391535 0.0390211640211640 0.0558862433862434
1 0.7526455026455027 0.8730158730158730 0.0343915343915344 0.0916005291005291
1 0.6418650793650794 0.7232142857142857 0.0330687830687831 0.0548941798941799
1 0.5886243386243386 0.7268518518518519 0.0304232804232804 0.0565476190476190
1 0.4679232804232804 0.7281746031746031 0.0337301587301587 0.0496031746031746
1 0.4120370370370370 0.7218915343915344 0.0383597883597884 0.0697751322751323
1 0.3607804232804233 0.7285052910052910 0.0320767195767196 0.0436507936507936
1 0.3310185185185185 0.7285052910052910 0.0267857142857143 0.0433201058201058
1 0.3029100529100529 0.7281746031746031 0.0244708994708995 0.0529100529100529
1 0.2685185185185185 0.7400793650793651 0.0327380952380952 0.0582010582010582
1 0.0519179894179894 0.6987433862433863 0.0704365079365079 0.0701058201058201
1 0.1772486772486772 0.7212301587301587 0.0611772486772487 0.0512566137566138
1 0.2662037037037037 0.6385582010582010 0.0406746031746032 0.0512566137566138
1 0.3148148148148148 0.6448412698412699 0.0400132275132275 0.0664682539682540
1 0.3554894179894180 0.6464947089947090 0.0350529100529101 0.0519179894179894
1 0.3948412698412698 0.6448412698412699 0.0343915343915344 0.0482804232804233
1 0.4811507936507937 0.6378968253968254 0.0360449735449735 0.0406746031746032
1 0.7156084656084656 0.5155423280423280 0.0327380952380952 0.0892857142857143
1 0.8710317460317460 0.3644179894179894 0.0390211640211640 0.1078042328042328
1 0.6412037037037037 0.5168650793650794 0.0327380952380952 0.0892857142857143
1 0.2400793650793651 0.4021164021164021 0.0396825396825397 0.0244708994708995
1 0.2992724867724867 0.3925264550264550 0.0757275132275132 0.0727513227513227
1 0.3773148148148148 0.3928571428571428 0.0694444444444444 0.0641534391534392
1 0.4348544973544973 0.3918650793650794 0.0380291005291005 0.0681216931216931
1 0.4761904761904762 0.3925264550264550 0.0380291005291005 0.0664682539682540
1 0.5178571428571429 0.3908730158730159 0.0390211640211640 0.0697751322751323
1 0.5601851851851852 0.3908730158730159 0.0413359788359788 0.0664682539682540
1 0.2718253968253968 0.3396164021164021 0.0634920634920635 0.0221560846560847
1 0.6015211640211641 0.3898809523809524 0.0380291005291005 0.0674603174603175
1 0.6818783068783069 0.3802910052910053 0.0304232804232804 0.0694444444444444
1 0.7228835978835979 0.3849206349206349 0.0357142857142857 0.0694444444444444
1 0.7609126984126984 0.3845899470899471 0.0360449735449735 0.0687830687830688
1 0.8267195767195767 0.3654100529100529 0.0436507936507936 0.1054894179894180
1 0.9176587301587301 0.3644179894179894 0.0433201058201058 0.1054894179894180
1 0.9596560846560847 0.3637566137566138 0.0373677248677249 0.1068121693121693
1 0.7169312169312170 0.8700396825396826 0.0274470899470899 0.0826719576719577
1 0.6435185185185185 0.3862433862433862 0.0367063492063492 0.0724206349206349
1 0.0591931216931217 0.4196428571428572 0.0542328042328042 0.0472883597883598
1 0.0439814814814815 0.4728835978835979 0.0879629629629630 0.0191798941798942
1 0.0439814814814815 0.4943783068783069 0.0879629629629630 0.0165343915343915
1 0.6071428571428571 0.5148809523809523 0.0327380952380952 0.0892857142857143
1 0.5734126984126984 0.5214947089947090 0.0307539682539683 0.0843253968253968
1 0.5373677248677249 0.5208333333333334 0.0327380952380952 0.0892857142857143
1 0.5023148148148148 0.5128968253968254 0.0324074074074074 0.0810185185185185
1 0.4669312169312169 0.5128968253968254 0.0314153439153439 0.0892857142857143
1 0.4332010582010582 0.5142195767195767 0.0320767195767196 0.0843253968253968
1 0.3981481481481481 0.5138888888888888 0.0320767195767196 0.0839947089947090
1 0.3601190476190476 0.5241402116402116 0.0357142857142857 0.0886243386243386
1 0.3270502645502645 0.5257936507936508 0.0320767195767196 0.0856481481481482
1 0.2949735449735450 0.5238095238095238 0.0284391534391534 0.0856481481481482
1 0.2642195767195767 0.5119047619047619 0.0257936507936508 0.0886243386243386
1 0.2271825396825397 0.5214947089947090 0.0373677248677249 0.0886243386243386
1 0.1557539682539683 0.5826719576719577 0.0704365079365079 0.1001984126984127
1 0.0882936507936508 0.5793650793650794 0.0575396825396825 0.0978835978835979
1 0.0251322751322751 0.5330687830687830 0.0505952380952381 0.0208333333333333
1 0.0281084656084656 0.5925925925925926 0.0565476190476190 0.0909391534391534
1 0.1375661375661376 0.4494047619047619 0.0945767195767196 0.0978835978835979
1 0.6769179894179894 0.5165343915343915 0.0327380952380952 0.0892857142857143
1 0.6802248677248677 0.8677248677248677 0.0307539682539683 0.0839947089947090
1 0.1977513227513228 0.0449735449735450 0.0472883597883598 0.0902777777777778
1 0.6111111111111112 0.8664021164021164 0.0297619047619048 0.0816798941798942
1 0.8306878306878307 0.2281746031746032 0.0555555555555556 0.0314153439153439
1 0.7652116402116402 0.1537698412698413 0.0291005291005291 0.0687830687830688
1 0.7321428571428571 0.1554232804232804 0.0320767195767196 0.0677910052910053
1 0.6994047619047619 0.1557539682539683 0.0291005291005291 0.0671296296296296
1 0.6636904761904762 0.1574074074074074 0.0304232804232804 0.0641534391534392
1 0.6312830687830688 0.1752645502645503 0.0274470899470899 0.0327380952380952
1 0.6001984126984127 0.1570767195767196 0.0291005291005291 0.0664682539682540
1 0.8898809523809523 0.1851851851851852 0.0396825396825397 0.1107804232804233
1 0.5681216931216931 0.1610449735449735 0.0291005291005291 0.0658068783068783
1 0.5052910052910053 0.1613756613756614 0.0291005291005291 0.0628306878306878
1 0.4708994708994709 0.1626984126984127 0.0320767195767196 0.0598544973544974
1 0.4394841269841270 0.1636904761904762 0.0281084656084656 0.0634920634920635
1 0.4093915343915344 0.1656746031746032 0.0281084656084656 0.0621693121693122
1 0.0195105820105820 0.1964285714285714 0.0390211640211640 0.0717592592592593
1 0.0717592592592593 0.1908068783068783 0.0572089947089947 0.0810185185185185
1 0.1326058201058201 0.1974206349206349 0.0572089947089947 0.0810185185185185
1 0.5360449735449735 0.1623677248677249 0.0291005291005291 0.0618386243386243
1 0.9292328042328042 0.1841931216931217 0.0330687830687831 0.1054894179894180
1 0.9761904761904762 0.1825396825396825 0.0469576719576720 0.1087962962962963
1 0.9550264550264550 0.0350529100529101 0.0489417989417989 0.0701058201058201
1 0.6322751322751323 0.2645502645502645 0.0449735449735450 0.0648148148148148
1 0.0142195767195767 0.0469576719576720 0.0284391534391534 0.0939153439153439
1 0.0572089947089947 0.0453042328042328 0.0525793650793651 0.0909391534391534
1 0.1164021164021164 0.0453042328042328 0.0582010582010582 0.0909391534391534
1 0.2473544973544974 0.0449735449735450 0.0476190476190476 0.0902777777777778
1 0.2992724867724867 0.0436507936507936 0.0390211640211640 0.0873015873015873
1 0.3445767195767196 0.0429894179894180 0.0456349206349206 0.0863095238095238
1 0.3955026455026455 0.0419973544973545 0.0396825396825397 0.0839947089947090
1 0.4384920634920635 0.0416666666666667 0.0436507936507936 0.0833333333333333
1 0.4837962962962963 0.0416666666666667 0.0373677248677249 0.0833333333333333
1 0.5241402116402116 0.0416666666666667 0.0373677248677249 0.0833333333333333
1 0.5631613756613757 0.0413359788359788 0.0353835978835979 0.0826719576719577
1 0.6005291005291006 0.0413359788359788 0.0350529100529101 0.0826719576719577
1 0.6395502645502645 0.0393518518518519 0.0406746031746032 0.0787037037037037
1 0.7328042328042328 0.0376984126984127 0.0694444444444444 0.0747354497354497
1 0.8052248677248677 0.0380291005291005 0.0618386243386243 0.0740740740740741
1 0.9060846560846560 0.0489417989417989 0.0373677248677249 0.0522486772486772
1 0.1944444444444444 0.1736111111111111 0.0314153439153439 0.0535714285714286
1 0.2321428571428572 0.1726190476190476 0.0367063492063492 0.0552248677248677
1 0.2724867724867725 0.1722883597883598 0.0373677248677249 0.0542328042328042
1 0.3085317460317460 0.1709656084656085 0.0297619047619048 0.0542328042328042
1 0.8048941798941799 0.7364417989417990 0.0287698412698413 0.0631613756613757
1 0.9785052910052910 0.8525132275132276 0.0337301587301587 0.0873015873015873
1 0.0628306878306878 0.9212962962962963 0.1015211640211640 0.0231481481481481
1 0.0958994708994709 0.8531746031746031 0.0879629629629630 0.0244708994708995
1 0.1848544973544974 0.8578042328042328 0.0730820105820106 0.0244708994708995
1 0.1908068783068783 0.9189814814814815 0.0158730158730159 0.0337301587301587
1 0.1484788359788360 0.9126984126984127 0.0618386243386243 0.0155423280423280
1 0.2447089947089947 0.8773148148148148 0.0337301587301587 0.0634920634920635
1 0.2718253968253968 0.8792989417989417 0.0238095238095238 0.0826719576719577
1 0.3012566137566138 0.8908730158730159 0.0304232804232804 0.0664682539682540
1 0.3346560846560847 0.8796296296296297 0.0168650793650794 0.0694444444444444
1 0.3680555555555556 0.8921957671957672 0.0390211640211640 0.0720899470899471
1 0.4070767195767196 0.8892195767195767 0.0376984126984127 0.0780423280423280
1 0.4593253968253968 0.8726851851851852 0.0380291005291005 0.0575396825396825
1 0.5033068783068783 0.8650793650793651 0.0162037037037037 0.0820105820105820
1 0.5340608465608465 0.8802910052910053 0.0284391534391534 0.0757275132275132
1 0.5710978835978836 0.8740079365079365 0.0291005291005291 0.0757275132275132
1 0.8369708994708994 0.7374338624338624 0.0291005291005291 0.0595238095238095
1 0.6445105820105820 0.8670634920634921 0.0257936507936508 0.0793650793650794
1 0.8716931216931217 0.7354497354497355 0.0291005291005291 0.0598544973544974
1 0.9679232804232805 0.7156084656084656 0.0291005291005291 0.0231481481481481
1 0.3416005291005291 0.1663359788359788 0.0320767195767196 0.0634920634920635
1 0.3766534391534391 0.1626984126984127 0.0320767195767196 0.0687830687830688
1 0.0122354497354497 0.3310185185185185 0.0244708994708995 0.0502645502645503
1 0.0539021164021164 0.3336640211640212 0.0436507936507936 0.0466269841269841
1 0.0882936507936508 0.2843915343915344 0.0423280423280423 0.0456349206349206
1 0.1021825396825397 0.3333333333333333 0.0496031746031746 0.0456349206349206
1 0.0158730158730159 0.2946428571428572 0.0320767195767196 0.0175264550264550
1 0.2103174603174603 0.2731481481481481 0.0443121693121693 0.0664682539682540
1 0.2566137566137566 0.2738095238095238 0.0443121693121693 0.0667989417989418
1 0.3039021164021164 0.2724867724867725 0.0453042328042328 0.0605158730158730
1 0.3690476190476191 0.2691798941798942 0.0419973544973545 0.0671296296296296
1 0.4166666666666667 0.2681878306878307 0.0396825396825397 0.0687830687830688
1 0.4573412698412698 0.2675264550264550 0.0367063492063492 0.0710978835978836
1 0.4996693121693122 0.2619047619047619 0.0403439153439153 0.0710978835978836
1 0.5433201058201058 0.2652116402116402 0.0413359788359788 0.0664682539682540
1 0.5863095238095238 0.2645502645502645 0.0396825396825397 0.0654761904761905
1 0.9642857142857143 0.7506613756613757 0.0314153439153439 0.0426587301587302
1 0.9279100529100529 0.7384259259259259 0.0291005291005291 0.0595238095238095
1 0.7195767195767195 0.2612433862433862 0.0476190476190476 0.0740740740740741
