1 0.6915849673202614 0.8293504901960784 0.0596405228758170 0.0266544117647059
1 0.6944444444444444 0.8030024509803921 0.0555555555555556 0.0079656862745098
1 0.6838235294117647 0.7824754901960784 0.0510620915032680 0.0128676470588235
1 0.7871732026143791 0.8051470588235294 0.0588235294117647 0.0683210784313725
1 0.8447712418300654 0.8970588235294118 0.0653594771241830 0.0116421568627451
1 0.7749183006535948 0.9004289215686274 0.0600490196078431 0.0122549019607843
1 0.7712418300653595 0.8848039215686274 0.0718954248366013 0.0122549019607843
1 0.6887254901960784 0.8746936274509803 0.0575980392156863 0.0560661764705882
1 0.8415032679738562 0.8483455882352942 0.0428921568627451 0.0750612745098039
1 0.0690359477124183 0.9148284313725490 0.0682189542483660 0.0073529411764706
1 0.7810457516339869 0.8535539215686274 0.0723039215686275 0.0168504901960784
1 0.6180555555555556 0.9031862745098039 0.0567810457516340 0.0113357843137255
1 0.0604575163398693 0.8728553921568627 0.0694444444444444 0.0122549019607843
1 0.6237745098039216 0.8624387254901961 0.0551470588235294 0.0131740196078431
1 0.6229575163398693 0.8462009803921569 0.0629084967320261 0.0104166666666667
1 0.6278594771241830 0.8005514705882353 0.0563725490196078 0.0511642156862745
1 0.5473856209150327 0.8765318627450981 0.0526960784313725 0.0667892156862745
1 0.4844771241830065 0.8768382352941176 0.0580065359477124 0.0707720588235294
1 0.5543300653594772 0.8063725490196079 0.0445261437908497 0.0637254901960784
1 0.4930555555555556 0.8051470588235294 0.0625000000000000 0.0634191176470588
1 0.4138071895424836 0.8440563725490197 0.0669934640522876 0.1314338235294118
1 0.3210784313725490 0.8363970588235294 0.0727124183006536 0.1204044117647059
1 0.2471405228758170 0.8370098039215687 0.0596405228758170 0.1124387254901961
1 0.0743464052287582 0.9016544117647058 0.0653594771241830 0.0098039215686275
1 0.6221405228758170 0.8890931372549019 0.0551470588235294 0.0107230392156863
1 0.6258169934640523 0.8330269607843137 0.0620915032679739 0.0101102941176471
1 0.0563725490196078 0.8575367647058824 0.0645424836601307 0.0162377450980392
1 0.8676470588235294 0.7107843137254902 0.0535130718954248 0.0670955882352941
1 0.4166666666666667 0.4702818627450980 0.0343137254901961 0.1004901960784314
1 0.3651960784313725 0.4764093137254902 0.0339052287581699 0.0833333333333333
1 0.3284313725490196 0.4751838235294117 0.0306372549019608 0.0808823529411765
1 0.2908496732026144 0.4724264705882353 0.0388071895424837 0.0937500000000000
1 0.1715686274509804 0.4733455882352941 0.0428921568627451 0.0943627450980392
1 0.1196895424836601 0.4764093137254902 0.0441176470588235 0.0879289215686275
1 0.0653594771241830 0.4730392156862745 0.0388071895424837 0.0965073529411765
1 0.0208333333333333 0.4797794117647059 0.0379901960784314 0.0830269607843137
1 0.5057189542483660 0.3207720588235294 0.0555555555555556 0.0989583333333333
1 0.4317810457516340 0.3416053921568628 0.0669934640522876 0.0719975490196078
1 0.3161764705882353 0.3416053921568628 0.0477941176470588 0.0670955882352941
1 0.2446895424836601 0.3128063725490196 0.0870098039215686 0.1274509803921569
1 0.1540032679738562 0.3219975490196079 0.0457516339869281 0.1014093137254902
1 0.0972222222222222 0.3232230392156863 0.0473856209150327 0.1041666666666667
1 0.4595588235294117 0.4800857843137255 0.0306372549019608 0.0805759803921569
1 0.0396241830065359 0.3180147058823529 0.0445261437908497 0.1096813725490196
1 0.6331699346405228 0.3281250000000000 0.0674019607843137 0.0842524509803922
1 0.7030228758169934 0.3054534313725490 0.0596405228758170 0.1155024509803922
1 0.8361928104575164 0.3265931372549020 0.0612745098039216 0.0925245098039216
1 0.9579248366013072 0.3268995098039216 0.0396241830065359 0.0821078431372549
1 0.9056372549019608 0.3275122549019608 0.0522875816993464 0.0906862745098039
1 0.9456699346405228 0.1348039215686274 0.1074346405228758 0.1326593137254902
1 0.8521241830065359 0.1341911764705882 0.0608660130718954 0.1323529411764706
1 0.7720588235294118 0.1390931372549020 0.0894607843137255 0.1268382352941176
1 0.7001633986928104 0.1556372549019608 0.0383986928104575 0.0983455882352941
1 0.6548202614379085 0.1559436274509804 0.0437091503267974 0.0952818627450980
1 0.5902777777777778 0.1482843137254902 0.0714869281045752 0.1130514705882353
1 0.5106209150326797 0.1412377450980392 0.0723039215686275 0.1133578431372549
1 0.1233660130718954 0.1449142156862745 0.0743464052287582 0.1081495098039216
1 0.0441176470588235 0.1433823529411765 0.0596405228758170 0.1136642156862745
1 0.5686274509803921 0.3244485294117647 0.0502450980392157 0.0894607843137255
1 0.0641339869281046 0.8121936274509803 0.0767973856209150 0.0686274509803922
1 0.5102124183006536 0.4653799019607843 0.0580065359477124 0.1001838235294118
1 0.6360294117647058 0.4767156862745098 0.0543300653594771 0.0802696078431373
1 0.8084150326797386 0.6930147058823529 0.0245098039215686 0.0477941176470588
1 0.7696078431372549 0.7101715686274510 0.0428921568627451 0.0854779411764706
1 0.7111928104575164 0.7153799019607843 0.0506535947712418 0.0631127450980392
1 0.6482843137254902 0.7107843137254902 0.0502450980392157 0.0744485294117647
1 0.6041666666666666 0.7037377450980392 0.0253267973856209 0.0674019607843137
1 0.5555555555555556 0.7098651960784313 0.0559640522875817 0.0811887254901961
1 0.4930555555555556 0.7107843137254902 0.0494281045751634 0.0695465686274510
1 0.4346405228758170 0.7101715686274510 0.0575980392156863 0.0830269607843137
1 0.3770424836601307 0.7117034313725490 0.0506535947712418 0.0851715686274510
1 0.3312908496732026 0.7270220588235294 0.0265522875816993 0.0566789215686275
1 0.2847222222222222 0.7181372549019608 0.0547385620915033 0.0670955882352941
1 0.2254901960784314 0.7162990196078431 0.0486111111111111 0.0683210784313725
1 0.1609477124183007 0.7227328431372549 0.0665849673202614 0.0655637254901961
1 0.0988562091503268 0.7196691176470589 0.0445261437908497 0.0664828431372549
1 0.5739379084967320 0.4712009803921569 0.0575980392156863 0.0986519607843137
1 0.0494281045751634 0.7156862745098039 0.0510620915032680 0.0723039215686275
1 0.5866013071895425 0.5894607843137255 0.0285947712418301 0.0919117647058824
1 0.5490196078431373 0.5940563725490197 0.0334967320261438 0.0873161764705882
1 0.5122549019607843 0.5958946078431373 0.0302287581699346 0.0983455882352941
1 0.4746732026143791 0.5885416666666666 0.0285947712418301 0.0870098039215686
1 0.4370915032679739 0.5980392156862745 0.0334967320261438 0.0962009803921569
1 0.7026143790849673 0.5998774509803921 0.0273692810457516 0.0854779411764706
1 0.7422385620915033 0.6014093137254902 0.0363562091503268 0.0824142156862745
1 0.7973856209150327 0.6072303921568627 0.0539215686274510 0.0710784313725490
1 0.8574346405228758 0.6017156862745098 0.0457516339869281 0.0818014705882353
1 0.9150326797385621 0.6011029411764706 0.0559640522875817 0.0857843137254902
1 0.9734477124183006 0.4806985294117647 0.0543300653594771 0.0719975490196078
1 0.8316993464052288 0.4794730392156863 0.0678104575163399 0.0698529411764706
1 0.7622549019607843 0.4776348039215687 0.0477941176470588 0.0781250000000000
1 0.7017973856209150 0.4690563725490196 0.0674019607843137 0.0928308823529412
1 0.6213235294117647 0.5971200980392157 0.0310457516339869 0.0912990196078431
1 0.1601307189542484 0.8339460784313726 0.0870098039215686 0.1017156862745098
