1 0.3553921568627451 0.2196691176470588 0.0179738562091503 0.0073529411764706
1 0.8835784313725490 0.4457720588235294 0.0388071895424837 0.0367647058823529
1 0.8390522875816994 0.4381127450980392 0.0351307189542484 0.0799632352941176
1 0.8063725490196079 0.4362745098039216 0.0302287581699346 0.0594362745098039
1 0.7773692810457516 0.4408700980392157 0.0257352941176471 0.0447303921568627
1 0.7495915032679739 0.4485294117647059 0.0200163398692810 0.0168504901960784
1 0.7279411764705882 0.4463848039215687 0.0200163398692810 0.0156250000000000
1 0.7066993464052288 0.4488357843137255 0.0196078431372549 0.0202205882352941
1 0.6899509803921569 0.4074754901960784 0.0208333333333333 0.0116421568627451
1 0.7103758169934641 0.4087009803921569 0.0187908496732026 0.0110294117647059
1 0.7308006535947712 0.4074754901960784 0.0167483660130719 0.0119485294117647
1 0.9256535947712419 0.4457720588235294 0.0281862745098039 0.0465686274509804
1 0.7369281045751634 0.4194240196078431 0.0249183006535948 0.0098039215686275
1 0.6944444444444444 0.4194240196078431 0.0216503267973856 0.0098039215686275
1 0.6572712418300654 0.4304534313725490 0.0290032679738562 0.0223651960784314
1 0.6764705882352942 0.4528186274509804 0.0200163398692810 0.0183823529411765
1 0.6478758169934641 0.4503676470588235 0.0228758169934641 0.0171568627450980
1 0.6793300653594772 0.4307598039215687 0.0122549019607843 0.0165441176470588
1 0.6151960784313726 0.4442401960784313 0.0347222222222222 0.0340073529411765
1 0.5682189542483660 0.4469975490196079 0.0445261437908497 0.0297181372549020
1 0.5204248366013072 0.4344362745098039 0.0383986928104575 0.0526960784313725
1 0.4750816993464052 0.4485294117647059 0.0424836601307190 0.0324754901960784
1 0.4330065359477124 0.4264705882352941 0.0400326797385621 0.0756740196078431
1 0.7148692810457516 0.4181985294117647 0.0151143790849673 0.0076593137254902
1 0.3762254901960784 0.4215686274509804 0.0690359477124183 0.0171568627450980
1 0.9587418300653595 0.4375000000000000 0.0298202614379085 0.0655637254901961
1 0.9097222222222222 0.3330269607843137 0.0857843137254902 0.0790441176470588
1 0.2459150326797385 0.3575367647058824 0.0490196078431373 0.0281862745098039
1 0.2900326797385621 0.3495710784313725 0.0339052287581699 0.0382965686274510
1 0.3259803921568628 0.3596813725490196 0.0285947712418301 0.0229779411764706
1 0.3799019607843137 0.3477328431372549 0.0674019607843137 0.0180759803921569
1 0.3803104575163399 0.3651960784313725 0.0596405228758170 0.0140931372549020
1 0.4375000000000000 0.3308823529411765 0.0310457516339869 0.0772058823529412
1 0.4832516339869281 0.3296568627450980 0.0547385620915033 0.0821078431372549
1 0.5355392156862745 0.3541666666666667 0.0437091503267974 0.0245098039215686
1 0.5788398692810458 0.3213848039215687 0.0437091503267974 0.0303308823529412
1 0.5829248366013072 0.3556985294117647 0.0392156862745098 0.0340073529411765
1 0.9771241830065359 0.3152573529411765 0.0453431372549020 0.0664828431372549
1 0.6164215686274510 0.3400735294117647 0.0249183006535948 0.0220588235294118
1 0.6580882352941176 0.3437500000000000 0.0547385620915033 0.0502450980392157
1 0.7005718954248366 0.2944240196078431 0.0208333333333333 0.0177696078431373
1 0.7226307189542484 0.2950367647058824 0.0212418300653595 0.0162377450980392
1 0.7471405228758170 0.2959558823529412 0.0236928104575163 0.0150122549019608
1 0.7467320261437909 0.3112745098039216 0.0228758169934641 0.0131740196078431
1 0.7254901960784313 0.3103553921568628 0.0187908496732026 0.0143995098039216
1 0.7026143790849673 0.3112745098039216 0.0204248366013072 0.0159313725490196
1 0.7026143790849673 0.3541666666666667 0.0204248366013072 0.0177696078431373
1 0.7267156862745098 0.3584558823529412 0.0204248366013072 0.0177696078431373
1 0.8112745098039216 0.3339460784313725 0.0959967320261438 0.0713848039215686
1 0.6196895424836601 0.3636642156862745 0.0224673202614379 0.0208333333333333
1 0.3782679738562091 0.4405637254901961 0.0690359477124183 0.0147058823529412
1 0.3794934640522876 0.4558823529411765 0.0686274509803922 0.0147058823529412
1 0.6556372549019608 0.8492647058823529 0.0637254901960784 0.0634191176470588
1 0.2965686274509804 0.6608455882352942 0.0298202614379085 0.0346200980392157
1 0.3255718954248366 0.6611519607843137 0.0281862745098039 0.0291053921568627
1 0.3611111111111111 0.6449142156862745 0.0298202614379085 0.0704656862745098
1 0.4056372549019608 0.6501225490196079 0.0457516339869281 0.0355392156862745
1 0.4517973856209150 0.6534926470588235 0.0306372549019608 0.0523897058823529
1 0.4056372549019608 0.6740196078431373 0.0457516339869281 0.0094975490196078
1 0.4950980392156863 0.6617647058823529 0.0482026143790850 0.0333946078431373
1 0.5375816993464052 0.6620710784313726 0.0388071895424837 0.0435049019607843
1 0.5731209150326797 0.6547181372549019 0.0277777777777778 0.0447303921568627
1 0.5996732026143791 0.6580882352941176 0.0216503267973856 0.0453431372549020
1 0.2638888888888889 0.6590073529411765 0.0290032679738562 0.0278799019607843
1 0.6462418300653595 0.6357230392156863 0.0755718954248366 0.0422794117647059
1 0.7892156862745098 0.6305147058823529 0.0322712418300654 0.0370710784313725
1 0.7144607843137255 0.8465073529411765 0.0412581699346405 0.0805759803921569
1 0.8484477124183006 0.7429534313725490 0.0159313725490196 0.0085784313725490
1 0.8472222222222222 0.7306985294117647 0.0134803921568627 0.0131740196078431
1 0.8459967320261438 0.7500000000000000 0.0151143790849673 0.0067401960784314
1 0.8431372549019608 0.7607230392156863 0.0175653594771242 0.0088848039215686
1 0.8664215686274510 0.7619485294117647 0.0163398692810458 0.0082720588235294
1 0.8668300653594772 0.7533700980392157 0.0171568627450980 0.0067401960784314
1 0.8696895424836601 0.7444852941176471 0.0147058823529412 0.0088848039215686
1 0.8700980392156863 0.7325367647058824 0.0155228758169935 0.0107230392156863
1 0.7185457516339869 0.6421568627450981 0.0604575163398693 0.0784313725490196
1 0.2279411764705882 0.6590073529411765 0.0343137254901961 0.0441176470588235
1 0.1883169934640523 0.6397058823529411 0.0326797385620915 0.0759803921568627
1 0.0526960784313725 0.7383578431372549 0.0714869281045752 0.0539215686274510
1 0.5739379084967320 0.8480392156862745 0.0727124183006536 0.0765931372549020
1 0.5028594771241830 0.8526348039215687 0.0596405228758170 0.0670955882352941
1 0.4391339869281046 0.8575367647058824 0.0526960784313725 0.0600490196078431
1 0.3839869281045752 0.8550857843137255 0.0539215686274510 0.0621936274509804
1 0.3239379084967320 0.8495710784313726 0.0539215686274510 0.0667892156862745
1 0.2598039215686275 0.8532475490196079 0.0547385620915033 0.0772058823529412
1 0.1968954248366013 0.8544730392156863 0.0674019607843137 0.0606617647058824
1 0.1250000000000000 0.8363970588235294 0.0514705882352941 0.0306372549019608
1 0.0625000000000000 0.8639705882352942 0.0608660130718954 0.0315563725490196
1 0.1495098039215686 0.7910539215686274 0.0539215686274510 0.0140931372549020
1 0.1397058823529412 0.8091299019607843 0.0428921568627451 0.0217524509803922
1 0.7165032679738562 0.7365196078431373 0.0486111111111111 0.0566789215686275
1 0.6683006535947712 0.7389705882352942 0.0469771241830065 0.0594362745098039
1 0.6176470588235294 0.7408088235294118 0.0526960784313725 0.0588235294117647
1 0.5682189542483660 0.7334558823529411 0.0441176470588235 0.0640318627450980
1 0.5159313725490197 0.7352941176470589 0.0465686274509804 0.0575980392156863
1 0.4595588235294117 0.7356004901960784 0.0506535947712418 0.0585171568627451
1 0.4003267973856209 0.7395833333333334 0.0486111111111111 0.0634191176470588
1 0.3521241830065360 0.7374387254901961 0.0465686274509804 0.0621936274509804
1 0.2977941176470588 0.7411151960784313 0.0494281045751634 0.0661764705882353
1 0.2414215686274510 0.7359068627450981 0.0535130718954248 0.0612745098039216
1 0.1834150326797385 0.7371323529411765 0.0535130718954248 0.0713848039215686
1 0.1188725490196078 0.7389705882352942 0.0616830065359477 0.0551470588235294
1 0.2009803921568628 0.3471200980392157 0.0322712418300654 0.0428921568627451
1 0.9117647058823529 0.7536764705882353 0.0171568627450980 0.0205269607843137
1 0.1625816993464052 0.3314950980392157 0.0416666666666667 0.0824142156862745
1 0.0371732026143791 0.2386642156862745 0.0612745098039216 0.0677083333333333
1 0.2022058823529412 0.1182598039215686 0.0514705882352941 0.0726102941176471
1 0.4575163398692810 0.1277573529411765 0.0375816993464052 0.0557598039215686
1 0.5053104575163399 0.1449142156862745 0.0514705882352941 0.0291053921568627
1 0.5559640522875817 0.1369485294117647 0.0408496732026144 0.0349264705882353
1 0.6233660130718954 0.1148897058823529 0.0216503267973856 0.0232843137254902
1 0.5943627450980392 0.1222426470588235 0.0277777777777778 0.0223651960784314
1 0.5972222222222222 0.1455269607843137 0.0204248366013072 0.0232843137254902
1 0.6233660130718954 0.1458333333333333 0.0253267973856209 0.0211397058823529
1 0.6699346405228758 0.1302083333333333 0.0543300653594771 0.0508578431372549
1 0.7091503267973857 0.0857843137254902 0.0208333333333333 0.0168504901960784
1 0.4244281045751634 0.1485906862745098 0.0191993464052288 0.0165441176470588
1 0.7324346405228758 0.0863970588235294 0.0200163398692810 0.0177696078431373
1 0.7561274509803921 0.1023284313725490 0.0196078431372549 0.0143995098039216
1 0.7336601307189542 0.1029411764705882 0.0220588235294118 0.0156250000000000
1 0.7107843137254902 0.1026348039215686 0.0236928104575163 0.0147058823529412
1 0.7140522875816994 0.1519607843137255 0.0220588235294118 0.0168504901960784
1 0.7373366013071896 0.1507352941176471 0.0212418300653595 0.0177696078431373
1 0.7602124183006536 0.1504289215686274 0.0200163398692810 0.0174632352941176
1 0.8517156862745098 0.1188725490196078 0.0437091503267974 0.1087622549019608
1 0.8839869281045751 0.1250000000000000 0.0171568627450980 0.0759803921568627
1 0.9530228758169934 0.1063112745098039 0.0437091503267974 0.1286764705882353
1 0.9456699346405228 0.2460171568627451 0.0469771241830065 0.0603553921568627
1 0.7553104575163399 0.0857843137254902 0.0183823529411765 0.0168504901960784
1 0.9007352941176471 0.2392769607843137 0.0388071895424837 0.0597426470588235
1 0.4003267973856209 0.1485906862745098 0.0224673202614379 0.0196078431372549
1 0.3737745098039216 0.0900735294117647 0.0208333333333333 0.0189950980392157
1 0.4232026143790850 0.0692401960784314 0.0163398692810458 0.0220588235294118
1 0.3995098039215687 0.0707720588235294 0.0249183006535948 0.0193014705882353
1 0.3737745098039216 0.0698529411764706 0.0204248366013072 0.0202205882352941
1 0.3455882352941176 0.1467524509803922 0.0290032679738562 0.0196078431372549
1 0.3464052287581699 0.1256127450980392 0.0261437908496732 0.0193014705882353
1 0.3080065359477124 0.1335784313725490 0.0404411764705882 0.0477941176470588
1 0.0310457516339869 0.1225490196078431 0.0584150326797386 0.0643382352941176
1 0.2569444444444444 0.1390931372549020 0.0453431372549020 0.0349264705882353
1 0.1425653594771242 0.1078431372549020 0.0404411764705882 0.0775122549019608
1 0.0943627450980392 0.1139705882352941 0.0559640522875817 0.0857843137254902
1 0.3750000000000000 0.1473651960784314 0.0228758169934641 0.0171568627450980
1 0.8590686274509803 0.8762254901960784 0.0196078431372549 0.0073529411764706
1 0.8811274509803921 0.8731617647058824 0.0163398692810458 0.0076593137254902
1 0.8978758169934641 0.8615196078431373 0.0147058823529412 0.0107230392156863
1 0.8978758169934641 0.8710171568627451 0.0171568627450980 0.0082720588235294
1 0.8978758169934641 0.8805147058823529 0.0126633986928105 0.0070465686274510
1 0.8799019607843137 0.8814338235294118 0.0142973856209150 0.0079656862745098
1 0.8141339869281046 0.8446691176470589 0.0155228758169935 0.0088848039215686
1 0.8153594771241830 0.8615196078431373 0.0179738562091503 0.0107230392156863
1 0.8194444444444444 0.8728553921568627 0.0134803921568627 0.0067401960784314
1 0.4227941176470588 0.0900735294117647 0.0196078431372549 0.0159313725490196
1 0.3986928104575164 0.0900735294117647 0.0191993464052288 0.0162377450980392
1 0.8790849673202614 0.8639705882352942 0.0126633986928105 0.0088848039215686
1 0.8619281045751634 0.2429534313725490 0.0334967320261438 0.0600490196078431
1 0.8255718954248366 0.2460171568627451 0.0298202614379085 0.0468750000000000
1 0.7879901960784313 0.2438725490196078 0.0408496732026144 0.0361519607843137
1 0.2818627450980392 0.2411151960784314 0.0302287581699346 0.0404411764705882
1 0.3096405228758170 0.2187500000000000 0.0171568627450980 0.0275735294117647
1 0.3284313725490196 0.2303921568627451 0.0163398692810458 0.0125612745098039
1 0.2340686274509804 0.2447916666666667 0.0428921568627451 0.0284926470588235
1 0.1870915032679739 0.2322303921568628 0.0347222222222222 0.0514705882352941
1 0.1478758169934641 0.2166053921568628 0.0416666666666667 0.0818014705882353
1 0.0935457516339869 0.2276348039215686 0.0498366013071895 0.0906862745098039
1 0.7928921568627451 0.8679534313725490 0.0159313725490196 0.0137867647058824
1 0.7933006535947712 0.8550857843137255 0.0126633986928105 0.0067401960784314
1 0.9281045751633987 0.8667279411764706 0.0155228758169935 0.0113357843137255
1 0.3153594771241830 0.2481617647058824 0.0249183006535948 0.0193014705882353
1 0.9166666666666666 0.8547794117647058 0.0142973856209150 0.0064338235294118
1 0.8999183006535948 0.8385416666666666 0.0151143790849673 0.0091911764705882
1 0.8937908496732027 0.8284313725490197 0.0114379084967320 0.0085784313725490
1 0.9105392156862745 0.8281250000000000 0.0191993464052288 0.0079656862745098
1 0.9305555555555556 0.8272058823529411 0.0167483660130719 0.0094975490196078
1 0.9493464052287581 0.8272058823529411 0.0151143790849673 0.0091911764705882
1 0.9660947712418301 0.8645833333333334 0.0138888888888889 0.0098039215686275
1 0.9497549019607843 0.8645833333333334 0.0159313725490196 0.0101102941176471
1 0.9648692810457516 0.8250612745098039 0.0114379084967320 0.0079656862745098
1 0.8178104575163399 0.8112745098039216 0.0142973856209150 0.0101102941176471
1 0.8623366013071896 0.8023897058823529 0.0130718954248366 0.0079656862745098
1 0.9089052287581699 0.8468137254901961 0.0196078431372549 0.0101102941176471
1 0.3982843137254902 0.2199754901960784 0.0151143790849673 0.0085784313725490
1 0.3758169934640523 0.2227328431372549 0.0167483660130719 0.0134803921568627
1 0.4293300653594771 0.2212009803921569 0.0330882352941176 0.0808823529411765
1 0.7242647058823529 0.2405024509803922 0.0678104575163399 0.0165441176470588
1 0.7181372549019608 0.2570465686274510 0.0600490196078431 0.0143995098039216
1 0.6613562091503268 0.2352941176470588 0.0539215686274510 0.0704656862745098
1 0.6213235294117647 0.2291666666666667 0.0253267973856209 0.0229779411764706
1 0.6188725490196079 0.2521446078431372 0.0249183006535948 0.0205269607843137
1 0.6156045751633987 0.2110906862745098 0.0269607843137255 0.0122549019607843
1 0.5829248366013072 0.2398897058823529 0.0392156862745098 0.0379901960784314
1 0.5334967320261438 0.2454044117647059 0.0526960784313725 0.0297181372549020
1 0.8194444444444444 0.8817401960784313 0.0093954248366013 0.0088848039215686
1 0.7941176470588235 0.8783700980392157 0.0179738562091503 0.0085784313725490
1 0.7736928104575164 0.8786764705882353 0.0167483660130719 0.0122549019607843
1 0.7561274509803921 0.8783700980392157 0.0155228758169935 0.0085784313725490
1 0.7557189542483660 0.8670343137254902 0.0151143790849673 0.0079656862745098
1 0.7728758169934641 0.8661151960784313 0.0151143790849673 0.0098039215686275
1 0.5290032679738562 0.2218137254901961 0.0433006535947712 0.0143995098039216
1 0.5706699346405228 0.2147671568627451 0.0367647058823529 0.0134803921568627
1 0.4775326797385621 0.2288602941176471 0.0514705882352941 0.0548406862745098
1 0.3558006535947713 0.2110906862745098 0.0191993464052288 0.0091911764705882
1 0.3782679738562091 0.2098651960784314 0.0175653594771242 0.0134803921568627
1 0.4015522875816994 0.2095588235294118 0.0167483660130719 0.0094975490196078
1 0.3472222222222222 0.2444852941176471 0.0187908496732026 0.0088848039215686
1 0.3700980392156863 0.2447916666666667 0.0220588235294118 0.0094975490196078
1 0.3970588235294117 0.2447916666666667 0.0249183006535948 0.0094975490196078
1 0.1127450980392157 0.3449754901960784 0.0453431372549020 0.0772058823529412
1 0.9550653594771242 0.7573529411764706 0.0134803921568627 0.0180759803921569
1 0.7524509803921569 0.3575367647058824 0.0216503267973856 0.0217524509803922
1 0.8374183006535948 0.8431372549019608 0.0147058823529412 0.0156250000000000
1 0.7618464052287581 0.5300245098039216 0.0098039215686275 0.0088848039215686
1 0.7663398692810458 0.5447303921568627 0.0102124183006536 0.0088848039215686
1 0.7745098039215687 0.5484068627450981 0.0093954248366013 0.0098039215686275
1 0.7871732026143791 0.5514705882352942 0.0093954248366013 0.0131740196078431
1 0.7990196078431373 0.5502450980392157 0.0102124183006536 0.0116421568627451
1 0.8190359477124183 0.5199142156862745 0.0122549019607843 0.0113357843137255
1 0.8178104575163399 0.5303308823529411 0.0142973856209150 0.0094975490196078
1 0.8239379084967320 0.5407475490196079 0.0093954248366013 0.0073529411764706
1 0.8194444444444444 0.5496323529411765 0.0130718954248366 0.0122549019607843
1 0.8594771241830066 0.5275735294117647 0.0114379084967320 0.0101102941176471
1 0.8549836601307189 0.5373774509803921 0.0118464052287582 0.0107230392156863
1 0.8794934640522876 0.5431985294117647 0.0085784313725490 0.0094975490196078
1 0.8995098039215687 0.5444240196078431 0.0102124183006536 0.0079656862745098
1 0.8880718954248366 0.5349264705882353 0.0085784313725490 0.0085784313725490
1 0.9869281045751634 0.4476102941176471 0.0257352941176471 0.0438112745098039
1 0.7303921568627451 0.5242034313725490 0.0420751633986928 0.0713848039215686
1 0.9199346405228758 0.5094975490196079 0.0126633986928105 0.0193014705882353
1 0.6858660130718954 0.5245098039215687 0.0298202614379085 0.0612745098039216
1 0.6041666666666666 0.5294117647058824 0.0343137254901961 0.0303308823529412
1 0.2589869281045752 0.5076593137254902 0.0318627450980392 0.0667892156862745
1 0.3075980392156863 0.5085784313725490 0.0343137254901961 0.0719975490196078
1 0.3488562091503268 0.5094975490196079 0.0355392156862745 0.0704656862745098
1 0.3921568627450980 0.5174632352941176 0.0359477124183007 0.0508578431372549
1 0.9252450980392157 0.7938112745098039 0.0142973856209150 0.0070465686274510
1 0.9305555555555556 0.8026960784313726 0.0163398692810458 0.0085784313725490
1 0.9869281045751634 0.8651960784313726 0.0126633986928105 0.0082720588235294
1 0.7945261437908496 0.8443627450980392 0.0151143790849673 0.0079656862745098
1 0.9611928104575164 0.7227328431372549 0.0216503267973856 0.0134803921568627
1 0.9607843137254902 0.7120098039215687 0.0167483660130719 0.0113357843137255
1 0.9538398692810458 0.6994485294117647 0.0200163398692810 0.0119485294117647
1 0.4354575163398693 0.5189950980392157 0.0371732026143791 0.0481004901960784
1 0.4779411764705883 0.5171568627450981 0.0400326797385621 0.0572916666666667
1 0.5200163398692811 0.5189950980392157 0.0379901960784314 0.0637254901960784
1 0.5620915032679739 0.5180759803921569 0.0363562091503268 0.0652573529411765
1 0.6478758169934641 0.5202205882352942 0.0400326797385621 0.0661764705882353
1 0.2185457516339869 0.5094975490196079 0.0326797385620915 0.0735294117647059
1 0.9031862745098039 0.5193014705882353 0.0171568627450980 0.0128676470588235
1 0.9248366013071896 0.5505514705882353 0.0134803921568627 0.0113357843137255
1 0.8774509803921569 0.8550857843137255 0.0171568627450980 0.0067401960784314
1 0.8782679738562091 0.8416053921568627 0.0151143790849673 0.0189950980392157
1 0.8582516339869281 0.8419117647058824 0.0179738562091503 0.0196078431372549
1 0.7814542483660131 0.7386642156862745 0.0147058823529412 0.0064338235294118
1 0.7593954248366013 0.7619485294117647 0.0183823529411765 0.0082720588235294
1 0.7794117647058824 0.7613357843137255 0.0151143790849673 0.0070465686274510
1 0.7785947712418301 0.7533700980392157 0.0171568627450980 0.0067401960784314
1 0.7589869281045751 0.7454044117647058 0.0171568627450980 0.0067401960784314
1 0.7561274509803921 0.7545955882352942 0.0155228758169935 0.0064338235294118
1 0.7806372549019608 0.7457107843137255 0.0175653594771242 0.0076593137254902
1 0.7749183006535948 0.8443627450980392 0.0187908496732026 0.0079656862745098
1 0.8006535947712419 0.7604166666666666 0.0142973856209150 0.0079656862745098
1 0.7524509803921569 0.8474264705882353 0.0212418300653595 0.0110294117647059
1 0.7520424836601307 0.8575367647058824 0.0159313725490196 0.0085784313725490
1 0.7720588235294118 0.8535539215686274 0.0130718954248366 0.0073529411764706
1 0.8574346405228758 0.8547794117647058 0.0204248366013072 0.0064338235294118
1 0.8892973856209150 0.5496323529411765 0.0106209150326797 0.0122549019607843
1 0.8382352941176471 0.8550857843137255 0.0163398692810458 0.0067401960784314
1 0.7593954248366013 0.7386642156862745 0.0183823529411765 0.0064338235294118
1 0.8925653594771242 0.7527573529411765 0.0175653594771242 0.0153186274509804
1 0.9603758169934641 0.6501225490196079 0.0580065359477124 0.0229779411764706
1 0.9669117647058824 0.6703431372549019 0.0457516339869281 0.0183823529411765
1 0.8966503267973857 0.6697303921568627 0.0600490196078431 0.0395220588235294
1 0.8598856209150327 0.6283700980392157 0.0596405228758170 0.0278799019607843
1 0.8267973856209150 0.5998774509803921 0.0543300653594771 0.0223651960784314
1 0.9395424836601307 0.6231617647058824 0.0518790849673203 0.0238970588235294
1 0.9203431372549019 0.6038602941176471 0.0596405228758170 0.0143995098039216
1 0.8970588235294118 0.5879289215686274 0.0567810457516340 0.0147058823529412
1 0.8778594771241830 0.6979166666666666 0.0138888888888889 0.0122549019607843
1 0.8799019607843137 0.7104779411764706 0.0179738562091503 0.0110294117647059
1 0.8852124183006536 0.7236519607843137 0.0155228758169935 0.0119485294117647
1 0.8884803921568627 0.7374387254901961 0.0179738562091503 0.0137867647058824
1 0.7814542483660131 0.7279411764705882 0.0151143790849673 0.0104166666666667
1 0.7593954248366013 0.7297794117647058 0.0224673202614379 0.0113357843137255
1 0.8374183006535948 0.8636642156862745 0.0191993464052288 0.0079656862745098
1 0.1764705882352941 0.5091911764705882 0.0392156862745098 0.0670955882352941
1 0.9387254901960784 0.8100490196078431 0.0200163398692810 0.0076593137254902
1 0.0514705882352941 0.4522058823529412 0.0600490196078431 0.0597426470588235
1 0.8500816993464052 0.7895220588235294 0.0187908496732026 0.0079656862745098
1 0.8035130718954249 0.7500000000000000 0.0159313725490196 0.0070465686274510
1 0.8043300653594772 0.7435661764705882 0.0171568627450980 0.0070465686274510
1 0.8026960784313726 0.7371323529411765 0.0142973856209150 0.0070465686274510
1 0.8059640522875817 0.7282475490196079 0.0167483660130719 0.0079656862745098
1 0.8263888888888888 0.7616421568627451 0.0138888888888889 0.0073529411764706
1 0.8280228758169934 0.7438725490196079 0.0171568627450980 0.0076593137254902
1 0.8308823529411765 0.7319240196078431 0.0151143790849673 0.0125612745098039
1 0.0526960784313725 0.3520220588235294 0.0710784313725490 0.0787377450980392
1 0.0306372549019608 0.5628063725490197 0.0351307189542484 0.0355392156862745
1 0.0792483660130719 0.5526960784313726 0.0555555555555556 0.0569852941176471
1 0.0494281045751634 0.6473651960784313 0.0514705882352941 0.0597426470588235
1 0.1066176470588235 0.6378676470588235 0.0629084967320261 0.0762867647058824
1 0.7879901960784313 0.6703431372549019 0.0281862745098039 0.0147058823529412
1 0.7839052287581699 0.6559436274509803 0.0236928104575163 0.0116421568627451
1 0.9681372549019608 0.7374387254901961 0.0220588235294118 0.0137867647058824
1 0.9718137254901961 0.7533700980392157 0.0216503267973856 0.0137867647058824
1 0.1303104575163399 0.5410539215686274 0.0416666666666667 0.0756740196078431
1 0.8582516339869281 0.8651960784313726 0.0179738562091503 0.0110294117647059
1 0.8357843137254902 0.8795955882352942 0.0159313725490196 0.0076593137254902
1 0.8374183006535948 0.8719362745098039 0.0151143790849673 0.0088848039215686
1 0.8664215686274510 0.7901348039215687 0.0126633986928105 0.0064338235294118
1 0.8815359477124183 0.7879901960784313 0.0126633986928105 0.0082720588235294
1 0.8284313725490197 0.7527573529411765 0.0102124183006536 0.0088848039215686
1 0.8986928104575164 0.7889093137254902 0.0126633986928105 0.0067401960784314
1 0.3263888888888889 0.4341299019607843 0.0245098039215686 0.0199142156862745
1 0.1131535947712418 0.4457720588235294 0.0543300653594771 0.0753676470588235
1 0.9150326797385621 0.7876838235294118 0.0106209150326797 0.0113357843137255
1 0.3280228758169935 0.4546568627450980 0.0241013071895425 0.0162377450980392
1 0.2937091503267974 0.4411764705882353 0.0326797385620915 0.0413602941176471
1 0.1650326797385621 0.4218750000000000 0.0416666666666667 0.0762867647058824
1 0.2066993464052287 0.4347426470588235 0.0351307189542484 0.0563725490196078
1 0.2516339869281046 0.4460784313725490 0.0514705882352941 0.0306372549019608
