1 0.8321078431372549 0.1902573529411765 0.0290032679738562 0.1004901960784314
1 0.0339052287581699 0.5876225490196079 0.0678104575163399 0.0621936274509804
1 0.1086601307189543 0.5768995098039216 0.0812908496732026 0.0481004901960784
1 0.2026143790849673 0.6240808823529411 0.0804738562091503 0.0520833333333333
1 0.2871732026143791 0.6102941176470589 0.0678104575163399 0.0468750000000000
1 0.3611111111111111 0.6004901960784313 0.0600490196078431 0.0490196078431373
1 0.2732843137254902 0.5487132352941176 0.0698529411764706 0.0523897058823529
1 0.3508986928104575 0.5413602941176471 0.0690359477124183 0.0499387254901961
1 0.4199346405228758 0.5879289215686274 0.0506535947712418 0.0530024509803922
1 0.4738562091503268 0.5787377450980392 0.0453431372549020 0.0465686274509804
1 0.5265522875816994 0.5713848039215687 0.0433006535947712 0.0444240196078431
1 0.5208333333333334 0.5183823529411765 0.0506535947712418 0.0481004901960784
1 0.5825163398692811 0.5631127450980392 0.0510620915032680 0.0373774509803922
1 0.5808823529411765 0.5171568627450981 0.0445261437908497 0.0481004901960784
1 0.6343954248366013 0.5058210784313726 0.0379901960784314 0.0401348039215686
1 0.6315359477124183 0.5533088235294118 0.0351307189542484 0.0376838235294118
1 0.6740196078431373 0.5481004901960784 0.0326797385620915 0.0367647058823529
1 0.7120098039215687 0.5413602941176471 0.0302287581699346 0.0349264705882353
1 0.7438725490196079 0.5333946078431373 0.0261437908496732 0.0364583333333333
1 0.6740196078431373 0.5039828431372549 0.0261437908496732 0.0386029411764706
1 0.7054738562091504 0.4969362745098039 0.0339052287581699 0.0370710784313725
1 0.7691993464052288 0.4865196078431372 0.0375816993464052 0.0398284313725490
1 0.1115196078431373 0.6409313725490197 0.0964052287581699 0.0493259803921569
1 0.0306372549019608 0.6556372549019608 0.0616830065359477 0.0594362745098039
1 0.9910130718954249 0.4010416666666667 0.0171568627450980 0.0591299019607843
1 0.9428104575163399 0.4053308823529412 0.0114379084967320 0.0652573529411765
1 0.4370915032679739 0.4393382352941176 0.0232843137254902 0.0968137254901961
1 0.4644607843137255 0.4353553921568628 0.0265522875816993 0.0912990196078431
1 0.4926470588235294 0.4332107843137255 0.0269607843137255 0.0919117647058824
1 0.5187908496732027 0.4316789215686275 0.0249183006535948 0.0863970588235294
1 0.5441176470588235 0.4310661764705883 0.0163398692810458 0.0903799019607843
1 0.5661764705882353 0.4304534313725490 0.0216503267973856 0.0818014705882353
1 0.6070261437908496 0.4463848039215687 0.0580065359477124 0.0450367647058824
1 0.5984477124183006 0.4010416666666667 0.0375816993464052 0.0425857843137255
1 0.6560457516339869 0.4433210784313725 0.0326797385620915 0.0410539215686275
1 0.6556372549019608 0.3985906862745098 0.0449346405228758 0.0450367647058824
1 0.8276143790849673 0.4767156862745098 0.0314542483660131 0.0324754901960784
1 0.7120098039215687 0.4408700980392157 0.0629084967320261 0.0413602941176471
1 0.7679738562091504 0.3906250000000000 0.0355392156862745 0.0379901960784314
1 0.8059640522875817 0.3906250000000000 0.0339052287581699 0.0379901960784314
1 0.7990196078431373 0.4325980392156863 0.0298202614379085 0.0395220588235294
1 0.7647058823529411 0.4338235294117647 0.0322712418300654 0.0367647058823529
1 0.8386437908496732 0.4108455882352941 0.0171568627450980 0.0670955882352941
1 0.8566176470588235 0.4108455882352941 0.0151143790849673 0.0667892156862745
1 0.8880718954248366 0.4102328431372549 0.0159313725490196 0.0680147058823529
1 0.9044117647058824 0.4090073529411765 0.0089869281045752 0.0655637254901961
1 0.9272875816993464 0.4053308823529412 0.0167483660130719 0.0609681372549020
1 0.9665032679738562 0.4044117647058824 0.0134803921568627 0.0631127450980392
1 0.7226307189542484 0.3912377450980392 0.0392156862745098 0.0392156862745098
1 0.4101307189542484 0.4359681372549020 0.0216503267973856 0.0998774509803922
1 0.8133169934640523 0.5242034313725490 0.0285947712418301 0.0303308823529412
1 0.8598856209150327 0.4736519607843137 0.0281862745098039 0.0312500000000000
1 0.6176470588235294 0.8112745098039216 0.0404411764705882 0.0392156862745098
1 0.5053104575163399 0.7965686274509803 0.0494281045751634 0.0392156862745098
1 0.4440359477124183 0.7622549019607843 0.0502450980392157 0.0413602941176471
1 0.4362745098039216 0.7083333333333334 0.0575980392156863 0.0428921568627451
1 0.4256535947712418 0.6531862745098039 0.0620915032679739 0.0398284313725490
1 0.6143790849673203 0.7610294117647058 0.0498366013071895 0.0315563725490196
1 0.5657679738562091 0.7264093137254902 0.0437091503267974 0.0447303921568627
1 0.6151960784313726 0.7083333333333334 0.0482026143790850 0.0358455882352941
1 0.6915849673202614 0.7401960784313726 0.0584150326797386 0.0698529411764706
1 0.6756535947712419 0.6516544117647058 0.0526960784313725 0.0781250000000000
1 0.7549019607843137 0.7205882352941176 0.0453431372549020 0.0652573529411765
1 0.7422385620915033 0.6344975490196079 0.0428921568627451 0.0680147058823529
1 0.8047385620915033 0.7025122549019608 0.0477941176470588 0.0796568627450980
1 0.8876633986928104 0.7178308823529411 0.0277777777777778 0.0373774509803922
1 0.8839869281045751 0.6773897058823529 0.0273692810457516 0.0297181372549020
1 0.8790849673202614 0.6390931372549019 0.0367647058823529 0.0333946078431373
1 0.9162581699346405 0.6648284313725490 0.0208333333333333 0.0287990196078431
1 0.9236111111111112 0.7077205882352942 0.0187908496732026 0.0370710784313725
1 0.8700980392156863 0.5958946078431373 0.0870098039215686 0.0349264705882353
1 0.9775326797385621 0.6890318627450981 0.0257352941176471 0.0281862745098039
1 0.9677287581699346 0.6482843137254902 0.0290032679738562 0.0324754901960784
1 0.5678104575163399 0.8324142156862745 0.0408496732026144 0.0447303921568627
1 0.5151143790849673 0.8541666666666666 0.0494281045751634 0.0422794117647059
1 0.4468954248366013 0.8183210784313726 0.0461601307189543 0.0413602941176471
1 0.4550653594771242 0.8743872549019608 0.0555555555555556 0.0361519607843137
1 0.9293300653594772 0.5012254901960784 0.0306372549019608 0.0404411764705882
1 0.9587418300653595 0.4969362745098039 0.0236928104575163 0.0343137254901961
1 0.9836601307189542 0.4972426470588235 0.0159313725490196 0.0278799019607843
1 0.9848856209150327 0.4669117647058824 0.0179738562091503 0.0254289215686275
1 0.0555555555555556 0.9433210784313726 0.0886437908496732 0.0398284313725490
1 0.0473856209150327 0.8759191176470589 0.0882352941176471 0.0493259803921569
1 0.0375816993464052 0.8014705882352942 0.0751633986928105 0.0609681372549020
1 0.1613562091503268 0.9764093137254902 0.0759803921568627 0.0404411764705882
1 0.1503267973856209 0.9148284313725490 0.0739379084967320 0.0441176470588235
1 0.1380718954248366 0.8529411764705882 0.0751633986928105 0.0474877450980392
1 0.8688725490196079 0.5119485294117647 0.0392156862745098 0.0303308823529412
1 0.1262254901960784 0.7815563725490197 0.0767973856209150 0.0579044117647059
1 0.2336601307189543 0.8860294117647058 0.0808823529411765 0.0450367647058824
1 0.2279411764705882 0.8268995098039216 0.0763888888888889 0.0435049019607843
1 0.2160947712418301 0.7631740196078431 0.0718954248366013 0.0603553921568627
1 0.3071895424836601 0.7971813725490197 0.0620915032679739 0.0548406862745098
1 0.3125000000000000 0.8615196078431373 0.0629084967320261 0.0398284313725490
1 0.3186274509803921 0.9227941176470589 0.0702614379084967 0.0456495098039216
1 0.3897058823529412 0.8976715686274510 0.0645424836601307 0.0416666666666667
1 0.3848039215686275 0.8403799019607843 0.0649509803921569 0.0435049019607843
1 0.3778594771241830 0.7833946078431373 0.0669934640522876 0.0419730392156863
1 0.3672385620915033 0.7254901960784313 0.0625000000000000 0.0502450980392157
1 0.2434640522875817 0.9518995098039216 0.0743464052287582 0.0481004901960784
1 0.3815359477124183 0.4399509803921569 0.0318627450980392 0.1004901960784314
1 0.5604575163398693 0.7827818627450981 0.0363562091503268 0.0355392156862745
1 0.3169934640522876 0.4476102941176471 0.0302287581699346 0.1063112745098039
1 0.0457516339869281 0.2784926470588235 0.0592320261437908 0.1602328431372549
1 0.1278594771241830 0.2824754901960784 0.0739379084967320 0.1534926470588235
1 0.2038398692810457 0.2840073529411765 0.0674019607843137 0.1443014705882353
1 0.2773692810457516 0.2889093137254902 0.0616830065359477 0.1393995098039216
1 0.3410947712418301 0.2910539215686275 0.0522875816993464 0.1338848039215686
1 0.4023692810457516 0.2944240196078431 0.0547385620915033 0.1314338235294118
1 0.9464869281045751 0.2031250000000000 0.0220588235294118 0.0870098039215686
1 0.4611928104575164 0.2931985294117647 0.0559640522875817 0.1237745098039216
1 0.5641339869281046 0.2944240196078431 0.0469771241830065 0.1188725490196078
1 0.6066176470588235 0.2956495098039216 0.0314542483660131 0.1118259803921569
1 0.6446078431372549 0.2977941176470588 0.0388071895424837 0.1109068627450980
1 0.6817810457516340 0.3005514705882353 0.0290032679738562 0.1066176470588235
1 0.7197712418300654 0.3002450980392157 0.0367647058823529 0.1035539215686275
1 0.7544934640522876 0.2999387254901961 0.0245098039215686 0.1007965686274510
1 0.5163398692810458 0.2944240196078431 0.0416666666666667 0.1213235294117647
1 0.7896241830065359 0.3030024509803921 0.0367647058823529 0.1020220588235294
1 0.9203431372549019 0.1991421568627451 0.0228758169934641 0.0912990196078431
1 0.8680555555555556 0.1924019607843137 0.0310457516339869 0.0977328431372549
1 0.3492647058823529 0.4424019607843137 0.0294117647058824 0.1053921568627451
1 0.0302287581699346 0.0814950980392157 0.0608660130718954 0.1608455882352941
1 0.1143790849673203 0.0879289215686275 0.0694444444444444 0.1590073529411765
1 0.1928104575163399 0.0980392156862745 0.0669934640522876 0.1547181372549020
1 0.2700163398692810 0.1060049019607843 0.0596405228758170 0.1492034313725490
1 0.3345588235294117 0.1158088235294118 0.0592320261437908 0.1390931372549020
1 0.8954248366013072 0.1966911764705882 0.0175653594771242 0.0937500000000000
1 0.4007352941176471 0.1277573529411765 0.0678104575163399 0.1314338235294118
1 0.5584150326797386 0.1495098039215686 0.0388071895424837 0.1311274509803922
1 0.6033496732026143 0.1559436274509804 0.0375816993464052 0.1194852941176471
1 0.6482843137254902 0.1642156862745098 0.0330882352941176 0.1167279411764706
1 0.6940359477124183 0.1703431372549020 0.0367647058823529 0.1090686274509804
1 0.7312091503267973 0.1767769607843137 0.0306372549019608 0.1096813725490196
1 0.7892156862745098 0.1844362745098039 0.0424836601307190 0.1084558823529412
1 0.4628267973856209 0.1369485294117647 0.0526960784313725 0.1351102941176471
1 0.8231209150326797 0.3023897058823529 0.0224673202614379 0.1004901960784314
1 0.5142973856209150 0.1439950980392157 0.0408496732026144 0.1326593137254902
1 0.8876633986928104 0.3051470588235294 0.0216503267973856 0.0940563725490196
1 0.8582516339869281 0.3002450980392157 0.0310457516339869 0.0962009803921569
1 0.2520424836601307 0.4491421568627451 0.0424836601307190 0.1090686274509804
1 0.1915849673202615 0.4509803921568628 0.0428921568627451 0.1053921568627451
1 0.1462418300653595 0.4515931372549020 0.0428921568627451 0.1093750000000000
1 0.2879901960784313 0.4473039215686275 0.0241013071895425 0.1053921568627451
1 0.0482026143790850 0.4601715686274510 0.0408496732026144 0.1164215686274510
1 0.0134803921568627 0.4601715686274510 0.0273692810457516 0.1188725490196078
1 0.9656862745098039 0.3063725490196079 0.0277777777777778 0.0839460784313725
1 0.9293300653594772 0.3023897058823529 0.0404411764705882 0.0958946078431373
1 0.0919117647058824 0.4546568627450980 0.0408496732026144 0.1102941176470588
