1 0.7687500000000000 0.4355468750000000 0.0343750000000000 0.0703125000000000
1 0.6843750000000000 0.4339843750000000 0.0416666666666667 0.0722656250000000
1 0.7286458333333333 0.4347656250000000 0.0375000000000000 0.0714843750000000
1 0.8572916666666667 0.4375000000000000 0.0395833333333333 0.0699218750000000
1 0.9000000000000000 0.4378906250000000 0.0359375000000000 0.0707031250000000
1 0.0270833333333333 0.5289062500000000 0.0390625000000000 0.0671875000000000
1 0.0703125000000000 0.5289062500000000 0.0390625000000000 0.0675781250000000
1 0.1151041666666667 0.5285156250000000 0.0385416666666667 0.0710937500000000
1 0.1609375000000000 0.5296875000000000 0.0375000000000000 0.0734375000000000
1 0.6406250000000000 0.4324218750000000 0.0406250000000000 0.0714843750000000
1 0.8114583333333333 0.4371093750000000 0.0406250000000000 0.0738281250000000
1 0.3781250000000000 0.4257812500000000 0.0364583333333333 0.0695312500000000
1 0.5458333333333333 0.4308593750000000 0.0395833333333333 0.0726562500000000
1 0.3635416666666667 0.8730468750000000 0.0369791666666667 0.0601562500000000
1 0.4083333333333333 0.8734375000000000 0.0401041666666667 0.0679687500000000
1 0.4505208333333333 0.8710937500000000 0.0375000000000000 0.0636718750000000
1 0.4979166666666667 0.8679687500000000 0.0364583333333333 0.0742187500000000
1 0.5406250000000000 0.8703125000000000 0.0359375000000000 0.0722656250000000
1 0.5822916666666667 0.8687500000000000 0.0359375000000000 0.0734375000000000
1 0.6635416666666667 0.8734375000000000 0.0328125000000000 0.0660156250000000
1 0.2020833333333333 0.5296875000000000 0.0401041666666667 0.0734375000000000
1 0.7072916666666667 0.8718750000000000 0.0369791666666667 0.0675781250000000
1 0.5953125000000000 0.4300781250000000 0.0369791666666667 0.0738281250000000
1 0.0432291666666667 0.4175781250000000 0.0354166666666667 0.0730468750000000
1 0.0932291666666667 0.4175781250000000 0.0458333333333333 0.0753906250000000
1 0.1453125000000000 0.4183593750000000 0.0421875000000000 0.0746093750000000
1 0.1958333333333333 0.4207031250000000 0.0401041666666667 0.0765625000000000
1 0.2421875000000000 0.4218750000000000 0.0395833333333333 0.0746093750000000
1 0.2890625000000000 0.4210937500000000 0.0380208333333333 0.0753906250000000
1 0.3317708333333333 0.4230468750000000 0.0364583333333333 0.0722656250000000
1 0.4213541666666666 0.4250000000000000 0.0406250000000000 0.0679687500000000
1 0.4625000000000000 0.4261718750000000 0.0369791666666667 0.0730468750000000
1 0.5036458333333333 0.4289062500000000 0.0390625000000000 0.0714843750000000
1 0.0109375000000000 0.4191406250000000 0.0223958333333333 0.0691406250000000
1 0.2468750000000000 0.5296875000000000 0.0401041666666667 0.0714843750000000
1 0.4380208333333334 0.7542968750000000 0.0354166666666667 0.0699218750000000
1 0.3354166666666666 0.5316406250000000 0.0343750000000000 0.0703125000000000
1 0.8057291666666667 0.6472656250000000 0.0359375000000000 0.0718750000000000
1 0.7281250000000000 0.6425781250000000 0.0369791666666667 0.0722656250000000
1 0.6843750000000000 0.6417968750000000 0.0322916666666667 0.0753906250000000
1 0.6447916666666667 0.6406250000000000 0.0364583333333333 0.0753906250000000
1 0.6010416666666667 0.6417968750000000 0.0359375000000000 0.0703125000000000
1 0.5630208333333333 0.6429687500000000 0.0328125000000000 0.0683593750000000
1 0.5187500000000000 0.6382812500000000 0.0333333333333333 0.0707031250000000
1 0.4729166666666667 0.6398437500000000 0.0348958333333333 0.0714843750000000
1 0.4338541666666667 0.6386718750000000 0.0364583333333333 0.0691406250000000
1 0.3906250000000000 0.6378906250000000 0.0338541666666667 0.0699218750000000
1 0.3531250000000000 0.6402343750000000 0.0375000000000000 0.0675781250000000
1 0.5583333333333333 0.7652343750000000 0.0328125000000000 0.0535156250000000
1 0.6005208333333333 0.7632812500000000 0.0375000000000000 0.0539062500000000
1 0.6479166666666667 0.7628906250000000 0.0338541666666667 0.0578125000000000
1 0.6869791666666667 0.7636718750000000 0.0312500000000000 0.0550781250000000
1 0.8479166666666667 0.6433593750000000 0.0307291666666667 0.0710937500000000
1 0.7223958333333333 0.7671875000000000 0.0312500000000000 0.0546875000000000
1 0.8864583333333333 0.6496093750000000 0.0307291666666667 0.0664062500000000
1 0.8875000000000000 0.7644531250000000 0.0203125000000000 0.0609375000000000
1 0.3916666666666667 0.7582031250000000 0.0359375000000000 0.0636718750000000
1 0.3520833333333334 0.7574218750000000 0.0328125000000000 0.0664062500000000
1 0.3145833333333333 0.7562500000000000 0.0343750000000000 0.0687500000000000
1 0.2755208333333333 0.7566406250000000 0.0364583333333333 0.0671875000000000
1 0.2265625000000000 0.7589843750000000 0.0343750000000000 0.0605468750000000
1 0.1864583333333333 0.7597656250000000 0.0343750000000000 0.0593750000000000
1 0.1421875000000000 0.7628906250000000 0.0359375000000000 0.0554687500000000
1 0.1005208333333333 0.7617187500000000 0.0343750000000000 0.0632812500000000
1 0.0541666666666667 0.7578125000000000 0.0375000000000000 0.0625000000000000
1 0.0114583333333333 0.7589843750000000 0.0229166666666667 0.0605468750000000
1 0.7338541666666667 0.7246093750000000 0.0156250000000000 0.0148437500000000
1 0.7604166666666666 0.7683593750000000 0.0312500000000000 0.0570312500000000
1 0.8000000000000000 0.7656250000000000 0.0270833333333333 0.0585937500000000
1 0.8416666666666667 0.7656250000000000 0.0302083333333333 0.0562500000000000
1 0.8666666666666667 0.7679687500000000 0.0166666666666667 0.0585937500000000
1 0.9536458333333333 0.7449218750000000 0.0817708333333333 0.0917968750000000
1 0.2916666666666667 0.5308593750000000 0.0395833333333333 0.0714843750000000
1 0.0109375000000000 0.8714843750000000 0.0223958333333333 0.0644531250000000
1 0.0869791666666667 0.8734375000000000 0.0369791666666667 0.0613281250000000
1 0.6802083333333333 0.5363281250000000 0.0395833333333333 0.0753906250000000
1 0.6348958333333333 0.5371093750000000 0.0354166666666667 0.0742187500000000
1 0.5937500000000000 0.5367187500000000 0.0333333333333333 0.0738281250000000
1 0.5458333333333333 0.5355468750000000 0.0338541666666667 0.0734375000000000
1 0.4786458333333333 0.7582031250000000 0.0338541666666667 0.0660156250000000
1 0.9609375000000000 0.4632812500000000 0.0802083333333333 0.1308593750000000
1 0.9411458333333333 0.8667968750000000 0.0796875000000000 0.0886718750000000
1 0.8692708333333333 0.8800781250000000 0.0286458333333333 0.0527343750000000
1 0.8338541666666667 0.8781250000000000 0.0333333333333333 0.0566406250000000
1 0.7906250000000000 0.8757812500000000 0.0338541666666667 0.0589843750000000
1 0.7505208333333333 0.8757812500000000 0.0364583333333333 0.0613281250000000
1 0.5031250000000000 0.5339843750000000 0.0375000000000000 0.0726562500000000
1 0.4614583333333334 0.5343750000000000 0.0343750000000000 0.0691406250000000
1 0.4177083333333333 0.5335937500000000 0.0395833333333333 0.0699218750000000
1 0.3765625000000000 0.5351562500000000 0.0395833333333333 0.0683593750000000
1 0.7218750000000000 0.5394531250000000 0.0364583333333333 0.0742187500000000
1 0.0442708333333333 0.8722656250000000 0.0380208333333333 0.0632812500000000
1 0.7671875000000000 0.5394531250000000 0.0375000000000000 0.0722656250000000
1 0.8500000000000000 0.5414062500000000 0.0348958333333333 0.0757812500000000
1 0.1276041666666667 0.8722656250000000 0.0375000000000000 0.0589843750000000
1 0.1807291666666667 0.8703125000000000 0.0416666666666667 0.0667968750000000
1 0.2338541666666667 0.8710937500000000 0.0432291666666667 0.0683593750000000
1 0.2781250000000000 0.8703125000000000 0.0354166666666667 0.0667968750000000
1 0.3213541666666667 0.8742187500000000 0.0385416666666667 0.0625000000000000
1 0.3093750000000000 0.6371093750000000 0.0338541666666667 0.0750000000000000
1 0.2661458333333334 0.6367187500000000 0.0364583333333333 0.0742187500000000
1 0.2208333333333333 0.6359375000000000 0.0390625000000000 0.0750000000000000
1 0.1760416666666667 0.6347656250000000 0.0385416666666667 0.0730468750000000
1 0.1286458333333333 0.6347656250000000 0.0401041666666667 0.0773437500000000
1 0.0859375000000000 0.6351562500000000 0.0343750000000000 0.0734375000000000
1 0.0416666666666667 0.6359375000000000 0.0385416666666667 0.0707031250000000
1 0.0104166666666667 0.6339843750000000 0.0177083333333333 0.0734375000000000
1 0.9609375000000000 0.6175781250000000 0.0802083333333333 0.0964843750000000
1 0.8932291666666666 0.5390625000000000 0.0317708333333333 0.0785156250000000
1 0.8104166666666667 0.5410156250000000 0.0354166666666667 0.0726562500000000
1 0.6255208333333333 0.8699218750000000 0.0338541666666667 0.0710937500000000
1 0.5218750000000000 0.7632812500000000 0.0302083333333333 0.0542968750000000
1 0.9046875000000000 0.3320312500000000 0.0421875000000000 0.0746093750000000
1 0.7697916666666667 0.2101562500000000 0.0468750000000000 0.0609375000000000
1 0.7234375000000000 0.2066406250000000 0.0427083333333333 0.0609375000000000
1 0.6739583333333333 0.2054687500000000 0.0411458333333333 0.0613281250000000
1 0.6244791666666667 0.2031250000000000 0.0442708333333333 0.0613281250000000
1 0.5776041666666667 0.2035156250000000 0.0458333333333333 0.0621093750000000
1 0.5348958333333333 0.1875000000000000 0.0276041666666667 0.0925781250000000
1 0.5041666666666667 0.1847656250000000 0.0270833333333333 0.0937500000000000
1 0.4682291666666666 0.1828125000000000 0.0312500000000000 0.0949218750000000
1 0.0645833333333333 0.1636718750000000 0.0338541666666667 0.0968750000000000
1 0.1098958333333333 0.1656250000000000 0.0348958333333333 0.0964843750000000
1 0.1541666666666667 0.1687500000000000 0.0364583333333333 0.1000000000000000
1 0.1932291666666667 0.1722656250000000 0.0343750000000000 0.0980468750000000
1 0.2286458333333333 0.1718750000000000 0.0328125000000000 0.0949218750000000
1 0.2677083333333333 0.1738281250000000 0.0270833333333333 0.0964843750000000
1 0.3046875000000000 0.1746093750000000 0.0302083333333333 0.1003906250000000
1 0.3453125000000000 0.1761718750000000 0.0359375000000000 0.0929687500000000
1 0.3895833333333333 0.1796875000000000 0.0317708333333333 0.0953125000000000
1 0.4281250000000000 0.1804687500000000 0.0312500000000000 0.0968750000000000
1 0.9656250000000000 0.3156250000000000 0.0671875000000000 0.1226562500000000
1 0.8171875000000000 0.2109375000000000 0.0447916666666667 0.0597656250000000
1 0.8656250000000000 0.2136718750000000 0.0432291666666667 0.0582031250000000
1 0.0260416666666667 0.1632812500000000 0.0307291666666667 0.1011718750000000
1 0.9661458333333334 0.1691406250000000 0.0552083333333333 0.1226562500000000
1 0.9156250000000000 0.2156250000000000 0.0406250000000000 0.0597656250000000
1 0.8213541666666667 0.3289062500000000 0.0380208333333333 0.0730468750000000
1 0.7796875000000000 0.3300781250000000 0.0406250000000000 0.0707031250000000
1 0.7354166666666667 0.3281250000000000 0.0359375000000000 0.0734375000000000
1 0.6947916666666667 0.3265625000000000 0.0348958333333333 0.0726562500000000
1 0.6520833333333333 0.3269531250000000 0.0343750000000000 0.0714843750000000
1 0.8614583333333333 0.3324218750000000 0.0343750000000000 0.0730468750000000
1 0.5645833333333333 0.3234375000000000 0.0385416666666667 0.0734375000000000
1 0.5203125000000000 0.3226562500000000 0.0369791666666667 0.0718750000000000
1 0.4781250000000000 0.3214843750000000 0.0390625000000000 0.0718750000000000
1 0.6088541666666667 0.3250000000000000 0.0380208333333333 0.0746093750000000
1 0.3885416666666667 0.3167968750000000 0.0390625000000000 0.0730468750000000
1 0.3453125000000000 0.3148437500000000 0.0416666666666667 0.0714843750000000
1 0.2968750000000000 0.3140625000000000 0.0411458333333333 0.0769531250000000
1 0.2484375000000000 0.3121093750000000 0.0395833333333333 0.0753906250000000
1 0.2036458333333333 0.3101562500000000 0.0401041666666667 0.0738281250000000
1 0.1583333333333333 0.3093750000000000 0.0354166666666667 0.0769531250000000
1 0.1083333333333333 0.3070312500000000 0.0281250000000000 0.0792968750000000
1 0.0447916666666667 0.3074218750000000 0.0260416666666667 0.0730468750000000
1 0.4364583333333333 0.3183593750000000 0.0354166666666667 0.0734375000000000
1 0.0119791666666667 0.3046875000000000 0.0223958333333333 0.0742187500000000
