1 0.0829248366013072 0.8507965686274510 0.0584150326797386 0.0260416666666667
1 0.8337418300653595 0.4181985294117647 0.0449346405228758 0.0667892156862745
1 0.7479575163398693 0.3970588235294117 0.1123366013071895 0.1130514705882353
1 0.6625816993464052 0.4246323529411765 0.0392156862745098 0.0511642156862745
1 0.6143790849673203 0.4246323529411765 0.0420751633986928 0.0459558823529412
1 0.5604575163398693 0.4010416666666667 0.0665849673202614 0.0955882352941176
1 0.4889705882352941 0.3979779411764706 0.0563725490196078 0.0943627450980392
1 0.4403594771241830 0.4065563725490196 0.0408496732026144 0.0796568627450980
1 0.4060457516339869 0.4071691176470588 0.0265522875816993 0.0772058823529412
1 0.3782679738562091 0.4050245098039216 0.0253267973856209 0.0750612745098039
1 0.0841503267973856 0.8768382352941176 0.0665849673202614 0.0143995098039216
1 0.3084150326797386 0.4007352941176471 0.0355392156862745 0.0784313725490196
1 0.1552287581699346 0.8872549019607843 0.0625000000000000 0.0116421568627451
1 0.1486928104575163 0.8728553921568627 0.0625000000000000 0.0168504901960784
1 0.1491013071895425 0.8486519607843137 0.0674019607843137 0.0137867647058824
1 0.0236928104575163 0.8869485294117647 0.0477941176470588 0.0140931372549020
1 0.1478758169934641 0.8238357843137255 0.0645424836601307 0.0101102941176471
1 0.1450163398692811 0.8131127450980392 0.0633169934640523 0.0088848039215686
1 0.1482843137254902 0.7996323529411765 0.0686274509803922 0.0125612745098039
1 0.5269607843137255 0.5683210784313726 0.0477941176470588 0.0575980392156863
1 0.5833333333333334 0.5667892156862745 0.0547385620915033 0.0575980392156863
1 0.6352124183006536 0.5646446078431373 0.0428921568627451 0.0707720588235294
1 0.6801470588235294 0.5606617647058824 0.0339052287581699 0.0802696078431373
1 0.7177287581699346 0.5539215686274510 0.0236928104575163 0.0824142156862745
1 0.3459967320261438 0.4022671568627451 0.0318627450980392 0.0805759803921569
1 0.0212418300653595 0.8446691176470589 0.0420751633986928 0.0137867647058824
1 0.8108660130718954 0.5572916666666666 0.0506535947712418 0.0818014705882353
1 0.8651960784313726 0.5591299019607843 0.0502450980392157 0.0802696078431373
1 0.9232026143790850 0.5609681372549019 0.0543300653594771 0.0692401960784314
1 0.9775326797385621 0.5649509803921569 0.0465686274509804 0.0790441176470588
1 0.0089869281045752 0.5422794117647058 0.0163398692810458 0.0974264705882353
1 0.0261437908496732 0.3998161764705883 0.0388071895424837 0.0827205882352941
1 0.0584150326797386 0.4001225490196079 0.0183823529411765 0.0821078431372549
1 0.0955882352941176 0.3964460784313725 0.0514705882352941 0.0842524509803922
1 0.1384803921568628 0.3979779411764706 0.0318627450980392 0.0836397058823529
1 0.0220588235294118 0.8728553921568627 0.0441176470588235 0.0116421568627451
1 0.2267156862745098 0.3979779411764706 0.0322712418300654 0.0839460784313725
1 0.2687908496732026 0.4004289215686275 0.0375816993464052 0.0790441176470588
1 0.7626633986928104 0.5618872549019608 0.0522875816993464 0.0674019607843137
1 0.1809640522875817 0.3979779411764706 0.0457516339869281 0.0839460784313725
1 0.3688725490196079 0.2395833333333333 0.1531862745098039 0.1302083333333333
1 0.9693627450980392 0.4534313725490196 0.0547385620915033 0.0698529411764706
1 0.2189542483660131 0.8370098039215687 0.0674019607843137 0.0113357843137255
1 0.7450980392156863 0.1378676470588235 0.0502450980392157 0.0389093137254902
1 0.6744281045751634 0.0946691176470588 0.0829248366013072 0.1219362745098039
1 0.5808823529411765 0.0891544117647059 0.0964052287581699 0.1173406862745098
1 0.5187908496732027 0.1133578431372549 0.0236928104575163 0.0606617647058824
1 0.4893790849673202 0.1093750000000000 0.0277777777777778 0.0618872549019608
1 0.4464869281045752 0.1243872549019608 0.0490196078431373 0.0321691176470588
1 0.3651960784313725 0.0824142156862745 0.1127450980392157 0.1286764705882353
1 0.2189542483660131 0.8553921568627451 0.0653594771241830 0.0091911764705882
1 0.2700163398692810 0.0867034313725490 0.0686274509803922 0.1121323529411765
1 0.1250000000000000 0.0851715686274510 0.0694444444444444 0.1017156862745098
1 0.0571895424836601 0.0759803921568627 0.0584150326797386 0.1158088235294118
1 0.0134803921568627 0.0952818627450980 0.0204248366013072 0.0707720588235294
1 0.1830065359477124 0.1899509803921569 0.0265522875816993 0.0306372549019608
1 0.2091503267973856 0.1911764705882353 0.0204248366013072 0.0303308823529412
1 0.2401960784313726 0.1951593137254902 0.0249183006535948 0.0330882352941176
1 0.2724673202614379 0.1942401960784314 0.0277777777777778 0.0321691176470588
1 0.0608660130718954 0.8275122549019608 0.0710784313725490 0.0122549019607843
1 0.2038398692810457 0.1106004901960784 0.0649509803921569 0.0643382352941176
1 0.8986928104575164 0.4139093137254902 0.0759803921568627 0.0851715686274510
1 0.2156862745098039 0.8722426470588235 0.0637254901960784 0.0147058823529412
1 0.2875816993464052 0.8875612745098039 0.0653594771241830 0.0122549019607843
1 0.0326797385620915 0.2500000000000000 0.0482026143790850 0.0894607843137255
1 0.0796568627450980 0.2518382352941176 0.0367647058823529 0.0876225490196078
1 0.1115196078431373 0.2536764705882353 0.0265522875816993 0.0867034313725490
1 0.1478758169934641 0.2533700980392157 0.0375816993464052 0.0860906862745098
1 0.1870915032679739 0.2524509803921569 0.0343137254901961 0.0867034313725490
1 0.2279411764705882 0.2610294117647059 0.0379901960784314 0.0811887254901961
1 0.2647058823529412 0.2610294117647059 0.0330882352941176 0.0802696078431373
1 0.5191993464052288 0.2481617647058824 0.1270424836601307 0.1133578431372549
1 0.2205882352941176 0.8863357843137255 0.0616830065359477 0.0076593137254902
1 0.6527777777777778 0.2536764705882353 0.1151960784313725 0.1250000000000000
1 0.8149509803921569 0.2745098039215687 0.0625000000000000 0.0928308823529412
1 0.9428104575163399 0.2797181372549020 0.0759803921568627 0.0805759803921569
1 0.9644607843137255 0.1271446078431372 0.0608660130718954 0.0787377450980392
1 0.9084967320261438 0.1262254901960784 0.0506535947712418 0.0814950980392157
1 0.8525326797385621 0.1326593137254902 0.0428921568627451 0.0563725490196078
1 0.8006535947712419 0.1412377450980392 0.0510620915032680 0.0413602941176471
1 0.2863562091503268 0.8501838235294118 0.0629084967320261 0.0116421568627451
1 0.2806372549019608 0.8740808823529411 0.0645424836601307 0.0119485294117647
1 0.7483660130718954 0.2720588235294117 0.0678104575163399 0.0882352941176471
1 0.0167483660130719 0.7787990196078431 0.0334967320261438 0.0729166666666667
1 0.1466503267973856 0.8354779411764706 0.0665849673202614 0.0070465686274510
1 0.0678104575163399 0.5594362745098039 0.0273692810457516 0.0594362745098039
1 0.4358660130718954 0.8489583333333334 0.0698529411764706 0.0110294117647059
1 0.4403594771241830 0.8734681372549019 0.0645424836601307 0.0101102941176471
1 0.0477941176470588 0.6737132352941176 0.0469771241830065 0.0781250000000000
1 0.0114379084967320 0.6899509803921569 0.0208333333333333 0.0484068627450980
1 0.0375816993464052 0.5330882352941176 0.0347222222222222 0.1096813725490196
1 0.4399509803921569 0.8851102941176471 0.0649509803921569 0.0101102941176471
1 0.5147058823529411 0.8857230392156863 0.0706699346405229 0.0143995098039216
1 0.5772058823529411 0.8115808823529411 0.0629084967320261 0.0952818627450980
1 0.6413398692810458 0.8115808823529411 0.0604575163398693 0.0909926470588235
1 0.7667483660130719 0.7729779411764706 0.0604575163398693 0.0588235294117647
1 0.9620098039215687 0.6749387254901961 0.0535130718954248 0.0710784313725490
1 0.0988562091503268 0.5597426470588235 0.0277777777777778 0.0606617647058824
1 0.1429738562091503 0.5410539215686274 0.0518790849673203 0.0937500000000000
1 0.2017973856209150 0.5343137254901961 0.0535130718954248 0.0818014705882353
1 0.2536764705882353 0.5444240196078431 0.0379901960784314 0.0867034313725490
1 0.2998366013071895 0.5625000000000000 0.0453431372549020 0.0459558823529412
1 0.3668300653594771 0.5162377450980392 0.0404411764705882 0.0275735294117647
1 0.4227941176470588 0.5667892156862745 0.0465686274509804 0.0569852941176471
1 0.4750816993464052 0.5514705882352942 0.0490196078431373 0.0857843137254902
1 0.8941993464052288 0.6749387254901961 0.0604575163398693 0.0821078431372549
1 0.9795751633986928 0.8673406862745098 0.0412581699346405 0.0716911764705882
1 0.9370915032679739 0.8762254901960784 0.0347222222222222 0.0560661764705882
1 0.6098856209150327 0.6914828431372549 0.0518790849673203 0.0667892156862745
1 0.6646241830065359 0.6902573529411765 0.0514705882352941 0.0710784313725490
1 0.7156862745098039 0.6875000000000000 0.0514705882352941 0.0765931372549020
1 0.7671568627450981 0.6890318627450981 0.0469771241830065 0.0808823529411765
1 0.8786764705882353 0.8777573529411765 0.0706699346405229 0.0539215686274510
1 0.4428104575163399 0.8367034313725490 0.0661764705882353 0.0128676470588235
1 0.3676470588235294 0.8903186274509803 0.0686274509803922 0.0104166666666667
1 0.8521241830065359 0.8088235294117647 0.0784313725490196 0.0821078431372549
1 0.3619281045751634 0.8520220588235294 0.0714869281045752 0.0076593137254902
1 0.3304738562091503 0.6642156862745098 0.0396241830065359 0.0183823529411765
1 0.3357843137254902 0.6446078431372549 0.0461601307189543 0.0165441176470588
1 0.2704248366013072 0.6908700980392157 0.0580065359477124 0.0530024509803922
1 0.2103758169934641 0.6801470588235294 0.0551470588235294 0.0750612745098039
1 0.1491013071895425 0.6878063725490197 0.0518790849673203 0.0677083333333333
1 0.0959967320261438 0.6853553921568627 0.0388071895424837 0.0698529411764706
1 0.8292483660130719 0.6832107843137255 0.0551470588235294 0.0860906862745098
1 0.3668300653594771 0.8783700980392157 0.0735294117647059 0.0107230392156863
1 0.3255718954248366 0.7031250000000000 0.0498366013071895 0.0324754901960784
1 0.3888888888888889 0.6887254901960784 0.0584150326797386 0.0612745098039216
1 0.2830882352941176 0.8376225490196079 0.0657679738562092 0.0107230392156863
1 0.4452614379084967 0.6896446078431373 0.0510620915032680 0.0674019607843137
1 0.5024509803921569 0.6862745098039216 0.0559640522875817 0.0719975490196078
1 0.3259803921568628 0.6810661764705882 0.0469771241830065 0.0076593137254902
1 0.3725490196078431 0.8085171568627451 0.0616830065359477 0.0101102941176471
1 0.3656045751633987 0.8250612745098039 0.0645424836601307 0.0125612745098039
1 0.5526960784313726 0.6890318627450981 0.0441176470588235 0.0759803921568627
1 0.7099673202614379 0.8075980392156863 0.0428921568627451 0.0949754901960784
1 0.7806372549019608 0.8526348039215687 0.0710784313725490 0.0217524509803922
1 0.3705065359477124 0.8388480392156863 0.0682189542483660 0.0094975490196078
1 0.7871732026143791 0.8128063725490197 0.0575980392156863 0.0113357843137255
1 0.2875816993464052 0.8223039215686274 0.0723039215686275 0.0122549019607843
1 0.7794117647058824 0.8287377450980392 0.0526960784313725 0.0174632352941176
