1 0.6776960784313726 0.1853553921568628 0.0351307189542484 0.0628063725490196
1 0.8807189542483660 0.1409313725490196 0.0829248366013072 0.0487132352941176
1 0.8684640522875817 0.1942401960784314 0.0878267973856209 0.0477941176470588
1 0.9587418300653595 0.1951593137254902 0.0829248366013072 0.0435049019607843
1 0.7618464052287581 0.1838235294117647 0.1233660130718954 0.0686274509803922
1 0.7446895424836601 0.1326593137254902 0.1307189542483660 0.0269607843137255
1 0.6041666666666666 0.1816789215686274 0.0388071895424837 0.0704656862745098
1 0.0159313725490196 0.1084558823529412 0.0318627450980392 0.0180759803921569
1 0.0465686274509804 0.1862745098039216 0.0612745098039216 0.0346200980392157
1 0.2630718954248366 0.1516544117647059 0.0633169934640523 0.0373774509803922
1 0.1940359477124183 0.1443014705882353 0.0657679738562092 0.0422794117647059
1 0.1241830065359477 0.1424632352941176 0.0596405228758170 0.0382965686274510
1 0.0555555555555556 0.1449142156862745 0.0629084967320261 0.0410539215686275
1 0.9652777777777778 0.1467524509803922 0.0694444444444444 0.0444240196078431
1 0.1245915032679739 0.1093750000000000 0.0608660130718954 0.0205269607843137
1 0.1139705882352941 0.1856617647058824 0.0612745098039216 0.0358455882352941
1 0.9820261437908496 0.0217524509803922 0.0363562091503268 0.0401348039215686
1 0.8402777777777778 0.5257352941176471 0.0531045751633987 0.0422794117647059
1 0.9276960784313726 0.0664828431372549 0.0526960784313725 0.0511642156862745
1 0.4522058823529412 0.0563725490196078 0.0706699346405229 0.0502450980392157
1 0.5191993464052288 0.0557598039215686 0.0543300653594771 0.0536151960784314
1 0.5980392156862745 0.0523897058823529 0.0351307189542484 0.0704656862745098
1 0.5620915032679739 0.0615808823529412 0.0212418300653595 0.0830269607843137
1 0.5535130718954249 0.1443014705882353 0.0232843137254902 0.0542279411764706
1 0.5441176470588235 0.2052696078431372 0.0241013071895425 0.0542279411764706
1 0.5437091503267973 0.2496936274509804 0.0228758169934641 0.0352328431372549
1 0.5616830065359477 0.2674632352941176 0.0098039215686275 0.0597426470588235
1 0.6229575163398693 0.3290441176470588 0.0281862745098039 0.0658700980392157
1 0.6348039215686274 0.2625612745098039 0.0200163398692810 0.0670955882352941
1 0.6401143790849673 0.1844362745098039 0.0204248366013072 0.0793504901960784
1 0.6478758169934641 0.1118259803921569 0.0175653594771242 0.0618872549019608
1 0.6544117647058824 0.0444240196078431 0.0175653594771242 0.0667892156862745
1 0.7316176470588235 0.0606617647058824 0.0694444444444444 0.0536151960784314
1 0.7283496732026143 0.0156250000000000 0.0755718954248366 0.0235906862745098
1 0.8051470588235294 0.0649509803921569 0.0633169934640523 0.0545343137254902
1 0.8721405228758170 0.0677083333333333 0.0563725490196078 0.0465686274509804
1 0.8737745098039216 0.0186887254901961 0.0465686274509804 0.0343137254901961
1 0.9289215686274510 0.0220588235294118 0.0580065359477124 0.0373774509803922
1 0.9791666666666666 0.0716911764705882 0.0404411764705882 0.0459558823529412
1 0.8047385620915033 0.0153186274509804 0.0686274509803922 0.0291053921568627
1 0.6237745098039216 0.5128676470588235 0.0163398692810458 0.0481004901960784
1 0.4611928104575164 0.1957720588235294 0.1168300653594771 0.0419730392156863
1 0.3566176470588235 0.6268382352941176 0.0833333333333333 0.0505514705882353
1 0.4444444444444444 0.5900735294117647 0.0702614379084967 0.0379901960784314
1 0.5049019607843137 0.5931372549019608 0.0445261437908497 0.0340073529411765
1 0.4452614379084967 0.6329656862745098 0.0718954248366013 0.0410539215686275
1 0.5069444444444444 0.6332720588235294 0.0449346405228758 0.0352328431372549
1 0.0428921568627451 0.7172181372549019 0.0743464052287582 0.0450367647058824
1 0.1384803921568628 0.7212009803921569 0.0984477124183007 0.0395220588235294
1 0.2385620915032680 0.7282475490196079 0.0968137254901961 0.0444240196078431
1 0.2340686274509804 0.6847426470588235 0.0947712418300654 0.0189950980392157
1 0.2728758169934640 0.6338848039215687 0.0727124183006536 0.0413602941176471
1 0.3545751633986928 0.7325367647058824 0.1115196078431373 0.0333946078431373
1 0.4603758169934640 0.6881127450980392 0.0988562091503268 0.0263480392156863
1 0.4591503267973856 0.7261029411764706 0.0902777777777778 0.0364583333333333
1 0.1331699346405229 0.6871936274509803 0.0906862745098039 0.0186887254901961
1 0.6331699346405228 0.6838235294117647 0.0351307189542484 0.0327818627450980
1 0.6315359477124183 0.7236519607843137 0.0482026143790850 0.0324754901960784
1 0.7001633986928104 0.7187500000000000 0.0857843137254902 0.0321691176470588
1 0.7879901960784313 0.7181372549019608 0.0759803921568627 0.0337009803921569
1 0.7847222222222222 0.6835171568627451 0.0800653594771242 0.0284926470588235
1 0.6960784313725490 0.6822916666666666 0.0780228758169935 0.0263480392156863
1 0.3398692810457516 0.6960784313725490 0.1033496732026144 0.0324754901960784
1 0.0620915032679739 0.1124387254901961 0.0506535947712418 0.0171568627450980
1 0.1907679738562091 0.6363357843137255 0.0776143790849673 0.0413602941176471
1 0.0290032679738562 0.6415441176470589 0.0584150326797386 0.0361519607843137
1 0.4575163398692810 0.1516544117647059 0.1098856209150327 0.0395220588235294
1 0.6053921568627451 0.5505514705882353 0.0151143790849673 0.0594362745098039
1 0.3745915032679739 0.0533088235294118 0.0780228758169935 0.0487132352941176
1 0.5408496732026143 0.4852941176470588 0.0204248366013072 0.0431985294117647
1 0.6217320261437909 0.4595588235294117 0.0122549019607843 0.0447303921568627
1 0.8382352941176471 0.4837622549019608 0.0563725490196078 0.0300245098039216
1 0.5114379084967320 0.7781862745098039 0.0351307189542484 0.0214460784313725
1 0.6458333333333334 0.7708333333333334 0.0894607843137255 0.0174632352941176
1 0.7410130718954249 0.7714460784313726 0.0723039215686275 0.0205269607843137
1 0.1037581699346405 0.6397058823529411 0.0792483660130719 0.0370710784313725
1 0.7385620915032680 0.7931985294117647 0.0800653594771242 0.0128676470588235
1 0.6380718954248366 0.8158700980392157 0.0833333333333333 0.0297181372549020
1 0.7279411764705882 0.8161764705882353 0.0874183006535948 0.0245098039215686
1 0.6989379084967320 0.5876225490196079 0.0898692810457516 0.0376838235294118
1 0.7986111111111112 0.6225490196078431 0.0951797385620915 0.0517769607843137
1 0.6985294117647058 0.6289828431372549 0.0894607843137255 0.0343137254901961
1 0.6311274509803921 0.6268382352941176 0.0249183006535948 0.0340073529411765
1 0.0302287581699346 0.5968137254901961 0.0604575163398693 0.0364583333333333
1 0.1094771241830065 0.5998774509803921 0.0821078431372549 0.0330882352941176
1 0.2042483660130719 0.5928308823529411 0.0796568627450980 0.0324754901960784
1 0.6446078431372549 0.7922794117647058 0.0866013071895425 0.0101102941176471
1 0.3799019607843137 0.0137867647058824 0.0751633986928105 0.0275735294117647
1 0.7099673202614379 0.2585784313725490 0.0804738562091503 0.0242034313725490
1 0.2965686274509804 0.0517769607843137 0.0686274509803922 0.0496323529411765
1 0.3639705882352941 0.3829656862745098 0.0661764705882353 0.0419730392156863
1 0.3639705882352941 0.4270833333333333 0.0629084967320261 0.0379901960784314
1 0.4272875816993464 0.4044117647058824 0.0580065359477124 0.0857843137254902
1 0.4946895424836601 0.4264705882352941 0.0653594771241830 0.0367647058823529
1 0.4971405228758170 0.3814338235294117 0.0612745098039216 0.0453431372549020
1 0.6723856209150327 0.4246323529411765 0.0498366013071895 0.0376838235294118
1 0.6621732026143791 0.3832720588235294 0.0486111111111111 0.0269607843137255
1 0.7410130718954249 0.3799019607843137 0.0939542483660131 0.0315563725490196
1 0.7553104575163399 0.4218750000000000 0.1004901960784314 0.0431985294117647
1 0.2267156862745098 0.4276960784313725 0.0641339869281046 0.0392156862745098
1 0.5494281045751634 0.4261642156862745 0.0277777777777778 0.0422794117647059
1 0.6233660130718954 0.3979779411764706 0.0191993464052288 0.0621936274509804
1 0.5457516339869281 0.7625612745098039 0.0208333333333333 0.0453431372549020
1 0.5837418300653595 0.7420343137254902 0.0134803921568627 0.0337009803921569
1 0.8366013071895425 0.4258578431372549 0.0494281045751634 0.0453431372549020
1 0.0298202614379085 0.5101102941176471 0.0588235294117647 0.0873161764705882
1 0.1466503267973856 0.5131740196078431 0.1082516339869281 0.0716911764705882
1 0.2724673202614379 0.5147058823529411 0.1294934640522876 0.0857843137254902
1 0.3966503267973856 0.5116421568627451 0.1029411764705882 0.0818014705882353
1 0.4914215686274510 0.5134803921568627 0.0723039215686275 0.0781250000000000
1 0.5506535947712419 0.3694852941176471 0.0171568627450980 0.0502450980392157
1 0.2271241830065359 0.3811274509803921 0.0645424836601307 0.0382965686274510
1 0.1495098039215686 0.3792892156862745 0.0682189542483660 0.0419730392156863
1 0.1507352941176471 0.4246323529411765 0.0710784313725490 0.0450367647058824
1 0.2941176470588235 0.0104166666666667 0.0731209150326797 0.0202205882352941
1 0.8999183006535948 0.4249387254901961 0.0571895424836601 0.0447303921568627
1 0.9644607843137255 0.4252450980392157 0.0588235294117647 0.0438112745098039
1 0.9334150326797386 0.3792892156862745 0.1078431372549020 0.0346200980392157
1 0.8374183006535948 0.3792892156862745 0.0575980392156863 0.0373774509803922
1 0.5796568627450981 0.8030024509803921 0.0183823529411765 0.0530024509803922
1 0.5567810457516340 0.8115808823529411 0.0208333333333333 0.0505514705882353
1 0.2446895424836601 0.3097426470588235 0.1184640522875817 0.0422794117647059
1 0.2536764705882353 0.2567401960784313 0.0853758169934641 0.0474877450980392
1 0.3586601307189543 0.2549019607843137 0.1062091503267974 0.0392156862745098
1 0.4624183006535948 0.2588848039215687 0.0910947712418301 0.0407475490196078
1 0.3725490196078431 0.3079044117647059 0.1090686274509804 0.0533088235294118
1 0.4677287581699346 0.3085171568627451 0.0653594771241830 0.0444240196078431
1 0.5547385620915033 0.3167892156862745 0.0804738562091503 0.0352328431372549
1 0.7079248366013072 0.3042279411764706 0.1143790849673203 0.0557598039215686
1 0.5657679738562091 0.7555147058823529 0.0155228758169935 0.0355392156862745
1 0.8521241830065359 0.2650122549019608 0.1151960784313725 0.0453431372549020
1 0.9566993464052288 0.2647058823529412 0.0878267973856209 0.0410539215686275
1 0.8300653594771242 0.3174019607843137 0.1033496732026144 0.0459558823529412
1 0.9436274509803921 0.3192401960784313 0.1066176470588235 0.0419730392156863
1 0.0747549019607843 0.4010416666666667 0.0629084967320261 0.0824142156862745
1 0.6797385620915033 0.4987745098039216 0.0780228758169935 0.0235906862745098
1 0.6719771241830066 0.5245098039215687 0.0396241830065359 0.0272671568627451
1 0.2924836601307190 0.4016544117647059 0.0571895424836601 0.0888480392156863
1 0.5641339869281046 0.7071078431372549 0.0191993464052288 0.0392156862745098
1 0.0976307189542484 0.8250612745098039 0.1053921568627451 0.0330882352941176
1 0.0866013071895425 0.7990196078431373 0.1041666666666667 0.0110294117647059
1 0.0690359477124183 0.7837009803921569 0.1062091503267974 0.0128676470588235
1 0.1883169934640523 0.8121936274509803 0.0633169934640523 0.0661764705882353
1 0.2602124183006536 0.7947303921568627 0.0629084967320261 0.0407475490196078
1 0.3631535947712418 0.8152573529411765 0.0780228758169935 0.0358455882352941
1 0.3582516339869281 0.7781862745098039 0.0821078431372549 0.0189950980392157
1 0.4448529411764706 0.8134191176470589 0.0743464052287582 0.0321691176470588
1 0.5073529411764706 0.8112745098039216 0.0392156862745098 0.0300245098039216
1 0.5649509803921569 0.5646446078431373 0.0175653594771242 0.0386029411764706
1 0.5473856209150327 0.5729166666666666 0.0175653594771242 0.0386029411764706
1 0.6029411764705882 0.6084558823529411 0.0163398692810458 0.0490196078431373
1 0.1376633986928105 0.2539828431372549 0.0935457516339869 0.0459558823529412
1 0.0236928104575163 0.2500000000000000 0.0477941176470588 0.0416666666666667
1 0.3464052287581699 0.1488970588235294 0.1004901960784314 0.0395220588235294
1 0.3410947712418301 0.1899509803921569 0.1098856209150327 0.0373774509803922
1 0.2475490196078431 0.1914828431372549 0.0539215686274510 0.0367647058823529
1 0.1842320261437909 0.1871936274509804 0.0649509803921569 0.0379901960784314
1 0.0326797385620915 0.0505514705882353 0.0404411764705882 0.0352328431372549
1 0.0870098039215686 0.0477941176470588 0.0625000000000000 0.0435049019607843
1 0.1548202614379085 0.0523897058823529 0.0608660130718954 0.0367647058823529
1 0.7500000000000000 0.5266544117647058 0.0964052287581699 0.0306372549019608
1 0.2230392156862745 0.0560661764705882 0.0657679738562092 0.0392156862745098
1 0.0183823529411765 0.8268995098039216 0.0265522875816993 0.0367647058823529
1 0.8129084967320261 0.7981004901960784 0.0620915032679739 0.0514705882352941
1 0.4485294117647059 0.7806372549019608 0.0788398692810457 0.0211397058823529
1 0.5923202614379085 0.6979166666666666 0.0208333333333333 0.0352328431372549
1 0.8786764705882353 0.7919730392156863 0.0596405228758170 0.0612745098039216
1 0.5984477124183006 0.6556372549019608 0.0138888888888889 0.0382965686274510
1 0.5698529411764706 0.6130514705882353 0.0110294117647059 0.0395220588235294
1 0.1413398692810457 0.3014705882352941 0.0812908496732026 0.0447303921568627
1 0.0428921568627451 0.3023897058823529 0.0857843137254902 0.0520833333333333
1 0.5433006535947712 0.7162990196078431 0.0191993464052288 0.0346200980392157
1 0.5498366013071896 0.6176470588235294 0.0159313725490196 0.0425857843137255
1 0.5441176470588235 0.6666666666666666 0.0204248366013072 0.0309436274509804
1 0.9023692810457516 0.4834558823529412 0.0559640522875817 0.0330882352941176
1 0.5404411764705882 0.5312500000000000 0.0196078431372549 0.0379901960784314
1 0.9640522875816994 0.4846813725490196 0.0518790849673203 0.0254289215686275
1 0.9636437908496732 0.5263480392156863 0.0539215686274510 0.0407475490196078
1 0.8986928104575164 0.5257352941176471 0.0616830065359477 0.0422794117647059
1 0.9383169934640523 0.6072303921568627 0.0702614379084967 0.0707720588235294
1 0.8725490196078431 0.6069240196078431 0.0412581699346405 0.0618872549019608
1 0.8635620915032680 0.7031250000000000 0.0645424836601307 0.0588235294117647
1 0.9342320261437909 0.6973039215686274 0.0653594771241830 0.0585171568627451
1 0.9550653594771242 0.7699142156862745 0.0718954248366013 0.0330882352941176
1 0.9477124183006536 0.8072916666666666 0.0665849673202614 0.0303308823529412
1 0.5665849673202614 0.6623774509803921 0.0175653594771242 0.0321691176470588
